#lambda_0=5.387534818036e-01
1.000000000000e+00
3.328160180809e-01
3.326226764333e-01
3.317940627977e-01
3.316219640108e-01
3.316219640108e-01
3.314239990500e-01
3.314239990500e-01
3.313920355904e-01
3.313920355904e-01
3.313356688259e-01
3.313356688259e-01
3.313191909861e-01
3.285685772329e-01
3.285502452962e-01
3.285502452962e-01
3.283128931930e-01
2.617028773624e-01
2.591604977972e-01
1.717000600190e-01
1.716619963619e-01
1.713862691650e-01
1.713862691650e-01
1.712465353297e-01
1.712465353297e-01
1.709454888405e-01
1.709454888405e-01
1.397437663996e-01
1.397437663996e-01
1.396836350762e-01
1.396836350762e-01
1.392941350800e-01
1.392941350800e-01
1.391987991893e-01
1.391987991893e-01
1.170142279533e-01
1.168901590956e-01
1.168901590956e-01
1.168825988782e-01
1.166030662062e-01
1.165225530529e-01
1.164471462335e-01
1.164471462335e-01
1.163982686276e-01
1.163982686276e-01
1.163066374066e-01
1.162924607612e-01
1.162924607612e-01
1.158165185043e-01
1.157886484268e-01
1.156835610783e-01
1.156835610783e-01
1.086806511891e-01
9.867121917210e-02
9.867121917210e-02
9.835125619231e-02
9.835125619231e-02
9.827106553268e-02
9.811192661564e-02
9.811192661564e-02
9.781364295518e-02
9.781364295518e-02
9.775138209141e-02
9.774626693133e-02
9.737668198565e-02
9.722287799400e-02
9.722287799400e-02
9.713750737009e-02
9.713750737009e-02
9.683213442311e-02
9.683213442311e-02
9.679839800414e-02
9.679839800414e-02
9.677713845720e-02
9.677713845720e-02
9.673118188811e-02
9.673118188810e-02
8.245102969174e-02
7.964702920506e-02
7.962980117885e-02
7.955519393102e-02
7.955519393102e-02
7.952145057587e-02
7.952145057587e-02
7.867937195807e-02
7.827624753147e-02
7.678887426205e-02
7.678887426205e-02
7.607094983263e-02
7.544548257598e-02
7.296374902349e-02
7.186950570113e-02
6.822668885833e-02
6.806488512875e-02
6.806488512875e-02
6.785774025727e-02
6.785774025727e-02
6.778827734367e-02
6.778827734367e-02
6.763372393517e-02
6.763372393517e-02
6.736429343664e-02
6.721889939538e-02
6.721889939538e-02
6.705305792757e-02
6.533795482846e-02
6.533795482846e-02
6.477300992277e-02
6.477300992277e-02
6.476359511416e-02
6.476359511416e-02
6.464332404844e-02
6.464332404844e-02
6.299682320661e-02
6.290499628270e-02
6.290499628270e-02
6.269034493218e-02
6.256764278488e-02
6.206325506240e-02
5.908025790626e-02
5.906167559985e-02
5.708788885771e-02
5.706230955440e-02
5.614834366501e-02
5.614834366501e-02
5.590346412562e-02
5.590346412562e-02
5.507085588638e-02
5.507085588638e-02
5.070049607781e-02
5.056482290838e-02
4.747542835474e-02
4.747542835474e-02
4.736168355576e-02
4.736168355576e-02
4.731132462340e-02
4.731132462340e-02
4.699958997276e-02
4.699958997276e-02
4.411823872545e-02
4.383031657667e-02
4.372298727568e-02
4.372298727568e-02
4.022836550439e-02
4.022836550439e-02
4.005864789051e-02
4.005864789051e-02
3.912115884840e-02
3.739486898924e-02
3.680768485623e-02
3.680768485623e-02
3.644349242768e-02
3.640760383751e-02
3.623390952481e-02
3.623390952481e-02
3.621880698863e-02
3.621880698863e-02
3.619664884861e-02
3.619664884861e-02
3.617726855621e-02
3.617726855621e-02
3.606679731405e-02
3.606679731405e-02
3.605268859249e-02
3.603846671982e-02
3.598292480845e-02
3.597397947410e-02
3.597397947410e-02
3.584753454591e-02
3.582424321947e-02
3.582424321947e-02
3.573030553040e-02
3.573030553040e-02
3.572181967019e-02
3.572181967019e-02
3.571991034681e-02
3.571774119416e-02
3.571774119416e-02
3.559857200737e-02
3.557815623160e-02
3.557815623160e-02
3.546329641291e-02
3.544313898561e-02
3.399743023250e-02
3.395082920484e-02
3.292133773441e-02
3.198926232383e-02
3.194499063030e-02
3.194499063030e-02
3.180492841126e-02
3.180492841126e-02
3.180456110303e-02
3.180456110303e-02
3.175219632052e-02
3.175219632052e-02
3.173638013084e-02
3.162086357562e-02
3.162086357562e-02
3.148377834518e-02
3.148377834518e-02
3.146319212852e-02
3.146319212852e-02
3.135044357836e-02
3.135044357836e-02
3.131129443526e-02
3.131129443526e-02
3.131107650708e-02
3.131107650708e-02
3.121270468280e-02
3.121270468280e-02
3.111425046169e-02
3.111425046169e-02
3.101742933934e-02
3.078339143763e-02
3.077799990413e-02
3.074980411564e-02
3.074980411564e-02
3.065585649558e-02
3.065585649558e-02
3.063184728948e-02
3.060517279155e-02
3.052699432556e-02
3.051263616153e-02
3.051263616153e-02
3.036169626713e-02
3.036169626713e-02
3.031530966136e-02
3.031530966136e-02
3.029745126891e-02
3.029745126890e-02
3.026417571802e-02
3.026417571802e-02
3.019064151986e-02
3.019064151986e-02
3.015125221876e-02
3.015125221876e-02
3.010155981396e-02
3.010155981396e-02
3.005986144807e-02
2.999269169884e-02
2.999269169884e-02
2.964645541022e-02
2.925522934550e-02
2.911477477011e-02
2.911477477011e-02
2.909170622529e-02
2.909170622529e-02
2.908410603876e-02
2.908410603876e-02
2.907442202126e-02
2.907442202126e-02
2.897116614310e-02
2.897116614310e-02
2.893726568291e-02
2.893726568291e-02
2.881949803352e-02
2.881949803352e-02
2.880030288273e-02
2.880030288273e-02
2.874026152717e-02
2.871459226358e-02
2.871459226358e-02
2.858047982633e-02
2.858047982633e-02
2.832698265542e-02
2.827801478298e-02
2.667361837033e-02
2.663204907728e-02
2.663204907728e-02
2.639158406665e-02
2.639158406665e-02
2.630974493024e-02
2.630974493024e-02
2.605236039171e-02
2.603813966493e-02
2.585421488479e-02
2.585421488479e-02
2.572295078217e-02
2.572295078217e-02
2.572268548481e-02
2.572268548481e-02
2.559153180907e-02
2.549730304419e-02
2.546575295842e-02
2.516287840933e-02
2.499693502937e-02
2.499693502937e-02
2.478098698415e-02
2.478098698415e-02
2.458724101279e-02
2.446263870077e-02
2.402391701759e-02
2.371901444766e-02
2.345700593771e-02
2.345700593771e-02
2.339190340566e-02
2.325017676777e-02
2.325017676777e-02
2.283003194134e-02
2.283003194134e-02
2.271423351900e-02
2.271423351900e-02
2.264320555088e-02
2.262825922691e-02
2.262825922691e-02
2.249206624457e-02
2.200404039071e-02
2.165339842858e-02
2.165339842858e-02
2.139661047834e-02
2.136217978023e-02
2.134836681342e-02
2.118865192286e-02
2.118865192286e-02
2.115620089057e-02
2.115620089057e-02
2.114248010646e-02
2.094640876868e-02
2.094640876868e-02
2.087038362130e-02
2.087038362130e-02
2.085837586844e-02
2.084771168618e-02
2.078123558295e-02
2.078123558295e-02
2.064921873991e-02
2.064921873991e-02
2.059455798544e-02
2.059455798544e-02
2.054708102200e-02
2.054708102200e-02
2.039720754590e-02
2.039720754590e-02
2.033419154866e-02
2.033419154866e-02
2.030504771312e-02
2.028177834771e-02
2.028177834771e-02
1.993583363817e-02
1.987407643501e-02
1.987407643501e-02
1.984866747691e-02
1.975251977298e-02
1.975251977298e-02
1.958479128184e-02
1.931505498684e-02
1.931505498684e-02
1.931387230583e-02
1.931387230583e-02
1.882972178332e-02
1.882972178332e-02
1.877462251227e-02
1.877462251227e-02
1.877228226851e-02
1.849297538361e-02
1.849297538361e-02
1.782435008517e-02
1.782435008517e-02
1.766858870761e-02
1.766858870761e-02
1.719777613126e-02
1.719777613126e-02
1.715584447563e-02
1.715584447563e-02
1.706423215494e-02
1.693189529936e-02
1.688712981967e-02
1.674172623314e-02
1.663336238987e-02
1.646568454685e-02
1.646568454685e-02
1.644738253926e-02
1.641255050629e-02
1.641255050628e-02
1.637476226013e-02
1.636736842201e-02
1.636736842201e-02
1.616924618937e-02
1.581653251049e-02
1.581653251049e-02
1.579737193868e-02
1.575462672270e-02
1.575462672270e-02
1.565605795664e-02
1.565605795664e-02
1.553905810099e-02
1.552525750935e-02
1.552525750935e-02
1.507023174149e-02
1.507023174149e-02
1.504254574508e-02
1.504254574508e-02
1.490214342622e-02
1.489759528895e-02
1.489759528895e-02
1.484246560412e-02
1.479326965016e-02
1.479326965016e-02
1.465338786939e-02
1.465338786939e-02
1.448537295533e-02
1.443361735416e-02
1.443361735416e-02
1.437073254335e-02
1.437073254335e-02
1.420642394071e-02
1.420642394071e-02
1.419424871690e-02
1.419424871690e-02
1.418333751752e-02
1.406812284147e-02
1.406812284147e-02
1.393412114999e-02
1.393412114999e-02
1.392084628557e-02
1.384686074550e-02
1.382179292421e-02
1.373737400823e-02
1.373737400823e-02
1.370365083202e-02
1.369602219579e-02
1.369602219579e-02
1.364255958561e-02
1.364255958561e-02
1.356819839838e-02
1.355599645899e-02
1.355599645899e-02
1.349215570704e-02
1.342367054952e-02
1.342367054952e-02
1.337880067217e-02
1.337880067217e-02
1.333789819135e-02
1.333789819135e-02
1.332699454987e-02
1.322553354114e-02
1.321489863446e-02
1.321489863446e-02
1.283419434881e-02
1.276976750254e-02
1.257469026789e-02
1.252709550540e-02
1.250447805456e-02
1.250447805456e-02
1.246878613418e-02
1.246878613418e-02
1.246020649240e-02
1.246020649240e-02
1.237593371989e-02
1.229729090336e-02
1.229729090336e-02
1.223274179137e-02
1.223274179137e-02
1.215387597485e-02
1.215387597485e-02
1.207990528246e-02
1.190342733766e-02
1.185048130184e-02
1.182869587572e-02
1.181123573545e-02
1.176275146279e-02
1.176275146279e-02
1.173667754739e-02
1.167024190176e-02
1.165533484583e-02
1.165533484583e-02
1.148418177388e-02
1.147392072818e-02
1.146435627620e-02
1.146435627620e-02
1.130438291714e-02
1.130438291714e-02
1.124467700973e-02
1.123845985054e-02
1.123845985054e-02
1.122729036099e-02
1.119932789287e-02
1.119932789287e-02
1.108731383257e-02
1.107960884541e-02
1.100539963613e-02
1.100539963613e-02
1.096441391395e-02
1.090489047907e-02
1.089551694208e-02
1.089551694208e-02
1.086741327831e-02
1.085964089880e-02
1.085964089880e-02
1.078898542795e-02
1.078898542795e-02
1.077365085355e-02
1.077365085355e-02
1.071587673816e-02
1.070257812335e-02
1.070257812335e-02
1.068211157242e-02
1.068211157242e-02
1.066632712305e-02
1.065407598482e-02
1.065407598482e-02
1.063860958838e-02
1.063860958838e-02
1.062516003055e-02
1.060262982608e-02
1.060262982608e-02
1.052385885679e-02
1.052385885679e-02
1.048842317266e-02
1.048842317266e-02
1.045734606983e-02
1.040622051799e-02
1.037527185077e-02
1.034701214800e-02
1.034701214800e-02
1.034373754481e-02
1.034373754481e-02
1.032430725839e-02
1.032430725839e-02
1.024483544521e-02
1.023837930331e-02
1.023837930331e-02
1.018391632897e-02
1.017133440387e-02
1.016020790757e-02
1.016020790757e-02
1.015912318380e-02
1.015912318380e-02
1.008661413667e-02
1.007818576630e-02
1.007818576630e-02
1.007764319669e-02
1.005062376015e-02
1.005062376015e-02
1.002684669676e-02
1.002684669676e-02
9.922608973567e-03
9.922608973567e-03
9.916627726697e-03
9.916627726697e-03
9.884991512046e-03
9.884991512046e-03
9.881747504835e-03
9.856989021267e-03
9.856989021267e-03
9.824601082996e-03
9.824601082996e-03
9.792689370748e-03
9.792689370748e-03
9.785054481430e-03
9.785054481430e-03
9.775184607014e-03
9.775184607014e-03
9.752574442962e-03
9.702905069130e-03
9.702905069130e-03
9.691463379755e-03
9.675022433537e-03
9.673165329684e-03
9.622002902406e-03
9.622002902406e-03
9.606943510447e-03
9.606943510447e-03
9.604540736710e-03
9.604540736710e-03
9.570894534755e-03
9.507999137850e-03
9.503299293845e-03
9.486674919450e-03
9.486674919450e-03
9.445624640457e-03
9.445624640457e-03
9.406260130135e-03
9.406260130135e-03
9.328841646521e-03
9.308502640949e-03
9.293386690095e-03
9.293386690095e-03
9.291539805137e-03
9.291539805137e-03
9.277424074363e-03
9.277424074363e-03
9.206902973920e-03
9.206902973920e-03
9.202498475743e-03
9.135257018860e-03
9.135257018860e-03
9.112820922157e-03
9.103833991686e-03
9.103833991686e-03
9.094516062973e-03
9.012726095665e-03
9.012726095665e-03
8.984568966756e-03
8.984568966755e-03
8.983257655153e-03
8.983257655153e-03
8.979897773787e-03
8.979897773787e-03
8.945006647334e-03
8.936141430514e-03
8.936141430514e-03
8.912209462897e-03
8.903684446132e-03
8.868651664223e-03
8.868651664223e-03
8.839358570305e-03
8.744006324969e-03
8.744006324968e-03
8.738834140272e-03
8.729086756757e-03
8.729086756757e-03
8.703345043582e-03
8.695884782723e-03
8.695884782723e-03
8.694275631374e-03
8.694275631374e-03
8.682225170800e-03
8.682225170800e-03
8.654093578659e-03
8.654093578659e-03
8.642417755818e-03
8.642417755818e-03
8.623174150878e-03
8.618540298846e-03
8.611514644420e-03
8.553873854359e-03
8.553873854359e-03
8.547988552738e-03
8.533575237235e-03
8.533575237235e-03
8.492140241171e-03
8.492140241171e-03
8.481256220302e-03
8.481256220302e-03
8.465374239294e-03
8.465374239294e-03
8.412668377857e-03
8.412668377857e-03
8.411787817629e-03
8.411787817629e-03
8.397336129326e-03
8.381220526922e-03
8.381220526922e-03
8.369195761509e-03
8.330607218817e-03
8.330607218817e-03
8.323107804523e-03
8.323107804523e-03
8.277249795230e-03
8.269771399487e-03
8.269771399487e-03
8.242433626467e-03
8.242433626467e-03
8.229476778565e-03
8.210488616115e-03
8.210488616114e-03
8.203918774735e-03
8.188482746670e-03
8.188482746670e-03
8.165733179903e-03
8.165733179903e-03
8.149407700564e-03
8.130888317411e-03
8.096271649055e-03
8.082499067951e-03
8.063389219998e-03
8.063389219998e-03
8.044687669391e-03
7.956181100712e-03
7.956181100712e-03
7.942078015057e-03
7.942078015057e-03
7.915288297092e-03
7.915288297092e-03
7.906111759705e-03
7.893004218607e-03
7.873800055724e-03
7.873800055724e-03
7.860235443598e-03
7.860235443598e-03
7.814198408536e-03
7.814198408536e-03
7.782067343044e-03
7.782067343044e-03
7.756018890154e-03
7.737116516903e-03
7.728364324959e-03
7.728364324959e-03
7.703064941724e-03
7.703064941724e-03
7.686321525777e-03
7.676536440175e-03
7.676536440175e-03
7.660018720395e-03
7.660018720395e-03
7.654619934284e-03
7.654619934284e-03
7.650064216744e-03
7.650064216744e-03
7.630437941583e-03
7.612630808405e-03
7.604954501279e-03
7.572688001518e-03
7.572688001518e-03
7.569496384587e-03
7.569496384587e-03
7.535767249062e-03
7.535767249062e-03
7.513735345070e-03
7.513735345070e-03
7.506481682508e-03
7.506481682508e-03
7.499946253002e-03
7.435892188869e-03
7.435892188869e-03
7.432554387503e-03
7.432554387503e-03
7.430144537401e-03
7.421212063385e-03
7.410990994315e-03
7.410990994315e-03
7.378125981447e-03
7.340408585624e-03
7.304105209035e-03
7.301419264407e-03
7.301419264407e-03
7.270021463071e-03
7.264644617819e-03
7.264644617819e-03
7.251047601965e-03
7.251047601965e-03
7.240637259310e-03
7.240637259310e-03
7.211914736098e-03
7.211914736098e-03
7.206038347779e-03
7.155016268272e-03
7.155016268272e-03
7.152826814507e-03
7.150065499524e-03
7.150065499524e-03
7.138032519572e-03
7.133279780909e-03
7.104444779424e-03
7.104444779424e-03
7.099551445908e-03
7.095694732342e-03
7.066256162665e-03
7.042761324208e-03
7.015298303397e-03
7.015298303397e-03
7.008664462213e-03
7.008664462213e-03
6.924826283607e-03
6.914462361341e-03
6.914462361341e-03
6.911658141750e-03
6.906778115387e-03
6.804199714096e-03
6.804199714096e-03
6.787767116022e-03
6.787767116022e-03
6.765576348107e-03
6.765576348107e-03
6.762039283194e-03
6.755040370840e-03
6.755040370840e-03
6.745830403149e-03
6.745830403149e-03
6.730321611765e-03
6.730321611765e-03
6.705905482086e-03
6.705905482086e-03
6.700671092873e-03
6.700671092873e-03
6.631135331224e-03
6.631135331223e-03
6.616918377698e-03
6.616918377698e-03
6.607364842017e-03
6.588667917206e-03
6.575428692719e-03
6.575428692718e-03
6.574649267738e-03
6.531958628524e-03
6.516060075232e-03
6.514865698997e-03
6.514865698997e-03
6.502233155498e-03
6.502233155498e-03
6.487770394188e-03
6.487770394188e-03
6.462009877271e-03
6.462009877271e-03
6.458416700082e-03
6.458416700082e-03
6.443669441553e-03
6.428973808350e-03
6.428973808350e-03
6.417647987110e-03
6.417647987110e-03
6.414326881954e-03
6.414326881954e-03
6.409085332518e-03
6.406360799833e-03
6.373854754427e-03
6.373854754427e-03
6.369408626200e-03
6.365084187839e-03
6.365084187839e-03
6.315999602179e-03
6.314215491491e-03
6.314215491491e-03
6.284890874897e-03
6.244151077397e-03
6.216882009686e-03
6.216882009686e-03
6.216601222077e-03
6.216601222077e-03
6.212150281679e-03
6.212150281679e-03
6.168290408335e-03
6.163233116000e-03
6.138227805131e-03
6.129219477298e-03
6.129219477298e-03
6.109171621372e-03
6.109171621371e-03
6.098179584200e-03
6.089262065760e-03
6.084723555908e-03
6.084723555908e-03
6.079031603894e-03
6.023466417671e-03
6.023466417671e-03
6.012520210788e-03
6.005591151558e-03
6.005591151558e-03
5.990349485039e-03
5.990349485039e-03
5.990323674083e-03
5.941450906237e-03
5.920433122362e-03
5.920433122362e-03
5.901631184273e-03
5.901631184273e-03
5.860022358389e-03
5.835577603820e-03
5.831592731540e-03
5.804724761443e-03
5.793823344043e-03
5.793823344043e-03
5.756479776845e-03
5.756479776845e-03
5.754885237566e-03
5.751105993622e-03
5.751105993622e-03
5.744082722080e-03
5.732661931801e-03
5.725727679736e-03
5.725727679736e-03
5.648355820420e-03
5.648355820420e-03
5.589176547193e-03
5.572045388790e-03
5.572045388790e-03
5.546496134487e-03
5.531338492012e-03
5.531338492012e-03
5.491843884482e-03
5.424147566610e-03
5.424147566610e-03
5.403069214648e-03
5.393019893647e-03
5.310970184426e-03
5.286777257147e-03
5.286777257147e-03
5.282711129736e-03
5.282711129736e-03
5.281372936235e-03
5.281372936235e-03
5.244744094903e-03
5.205607700621e-03
5.205607700621e-03
5.191582261143e-03
5.191582261143e-03
5.188164921101e-03
5.165949771652e-03
5.165949771652e-03
5.148128255954e-03
5.148128255954e-03
5.133227324864e-03
5.103301458268e-03
5.103301458267e-03
5.102562733722e-03
5.102562733722e-03
5.098523810888e-03
5.036398298407e-03
5.036398298407e-03
5.013508444832e-03
5.013508444832e-03
4.985535280352e-03
4.983954880964e-03
4.983954880964e-03
4.970878590841e-03
4.970878590841e-03
4.961466561060e-03
4.942750165499e-03
4.942750165499e-03
4.922100609786e-03
4.913285960475e-03
4.913285960475e-03
4.910087383283e-03
4.910087383283e-03
4.907544804863e-03
4.890464842064e-03
4.888213294850e-03
4.888213294850e-03
4.847414531494e-03
4.847414531494e-03
4.831758992401e-03
4.831758992401e-03
4.802102456309e-03
4.791367919839e-03
4.791367919838e-03
4.790037931545e-03
4.790037931545e-03
4.781034451740e-03
4.772170060733e-03
4.751289113450e-03
4.751289113450e-03
4.747408445623e-03
4.747408445623e-03
4.744446020165e-03
4.744446020165e-03
4.696262314404e-03
4.696262314404e-03
4.650944300045e-03
4.650944300045e-03
4.643480404191e-03
4.643148387056e-03
4.621149544434e-03
4.621149544434e-03
4.601079119315e-03
4.601079119315e-03
4.583457543992e-03
4.571233293786e-03
4.571233293786e-03
4.552682054009e-03
4.545209165385e-03
4.545209165385e-03
4.533767348503e-03
4.505479749196e-03
4.505479749196e-03
4.480134955799e-03
4.480134955799e-03
4.472700742149e-03
4.415048932129e-03
4.415048932129e-03
4.403609141234e-03
4.396245067071e-03
4.396245067071e-03
4.387366939478e-03
4.387366939478e-03
4.355685192478e-03
4.355685192478e-03
4.344861787937e-03
4.344861787937e-03
4.343766553540e-03
4.308803912886e-03
4.296704088481e-03
4.296704088481e-03
4.293118893077e-03
4.293118893077e-03
4.272348694412e-03
4.261817573596e-03
4.261817573596e-03
4.261410682356e-03
4.260601819467e-03
4.241115228850e-03
4.241115228850e-03
4.235852102719e-03
4.234249106632e-03
4.214898776809e-03
4.214898776809e-03
4.213233500465e-03
4.213233500465e-03
4.207802124098e-03
4.194592711596e-03
4.156992758754e-03
4.156992758754e-03
4.150509507720e-03
4.150509507719e-03
4.133694040888e-03
4.133694040888e-03
4.132772146080e-03
4.123519787729e-03
4.123519787729e-03
4.102910566878e-03
4.102910566878e-03
4.091284663246e-03
4.091284663246e-03
4.044119271091e-03
4.004533898670e-03
3.988908528729e-03
3.968393294022e-03
3.968393294022e-03
3.956628545854e-03
3.956628545854e-03
3.948917783144e-03
3.948917783144e-03
3.948882591625e-03
3.948882591625e-03
3.947809329594e-03
3.927500203849e-03
3.927500203849e-03
3.918149681486e-03
3.918149681486e-03
3.912218516470e-03
3.912218516470e-03
3.875452867842e-03
3.875452867842e-03
3.857927589588e-03
3.857927589588e-03
3.854908042005e-03
3.854908042005e-03
3.840108603411e-03
3.836925624570e-03
3.824687292204e-03
3.824687292204e-03
3.823126357534e-03
3.823126357534e-03
3.820784724795e-03
3.820784724795e-03
3.787047576532e-03
3.787047576532e-03
3.783311381920e-03
3.783311381920e-03
3.771467350255e-03
3.764189273046e-03
3.764189273046e-03
3.762011933512e-03
3.762011933512e-03
3.750218379461e-03
3.750218379461e-03
3.743547513182e-03
3.736344282571e-03
3.734403558561e-03
3.654012052445e-03
3.645408243987e-03
3.645408243986e-03
3.643038070331e-03
3.643038070331e-03
3.622013434160e-03
3.583024075270e-03
3.583024075270e-03
3.581846809414e-03
3.581846809414e-03
3.563511962169e-03
3.552843075646e-03
3.519427401934e-03
3.507623741083e-03
3.507623741083e-03
3.498401297041e-03
3.498401297041e-03
3.489484005914e-03
3.489484005914e-03
3.485268282733e-03
3.485268282733e-03
3.484403911937e-03
3.474980773032e-03
3.426725374226e-03
3.426725374226e-03
3.415453287569e-03
3.415453287569e-03
3.402984629960e-03
3.402984629960e-03
3.397696148451e-03
3.397696148451e-03
3.395643097124e-03
3.395643097124e-03
3.392237029700e-03
3.392237029700e-03
3.388757098205e-03
3.359709157359e-03
3.359709157359e-03
3.319699696611e-03
3.319699696611e-03
3.318153557531e-03
3.291472290739e-03
3.291472290739e-03
3.290844736005e-03
3.273659727345e-03
3.273659727345e-03
3.270090574554e-03
3.268520321998e-03
3.268520321998e-03
3.268009246434e-03
3.254771166038e-03
3.254771166038e-03
3.249129933241e-03
3.215271983062e-03
3.215271983062e-03
3.214008661213e-03
3.214008661212e-03
3.210378047822e-03
3.210378047822e-03
3.207309790788e-03
3.207185896438e-03
3.207185896438e-03
3.203404596485e-03
3.203404596485e-03
3.191048049751e-03
3.173457840725e-03
3.172956473645e-03
3.160731500828e-03
3.160731500828e-03
3.146037216411e-03
3.141865499723e-03
3.141865499723e-03
3.138176537367e-03
3.138176537367e-03
3.134105808643e-03
3.099603295515e-03
3.099603295515e-03
3.079431493077e-03
3.076598899348e-03
3.076598899348e-03
3.071757043030e-03
3.071757043030e-03
3.066266330222e-03
3.056305939464e-03
3.047585937746e-03
3.047585937746e-03
3.033289132421e-03
3.033289132421e-03
3.025177059825e-03
3.025177059825e-03
3.017304516497e-03
3.017304516497e-03
3.009099027720e-03
2.999332052447e-03
2.997165216801e-03
2.997165216801e-03
2.989018579864e-03
2.975180263925e-03
2.975180263925e-03
2.957084166874e-03
2.956912603575e-03
2.956912603575e-03
2.956672993945e-03
2.953257114627e-03
2.953257114626e-03
2.947457425226e-03
2.925770551956e-03
2.925770551956e-03
2.920334356508e-03
2.914119648633e-03
2.914119648633e-03
2.901771327273e-03
2.896058613395e-03
2.896058613395e-03
2.890821610170e-03
2.890821610170e-03
2.882597299858e-03
2.882597299858e-03
2.879383470123e-03
2.879383470123e-03
2.872404554248e-03
2.872404554248e-03
2.869759217398e-03
2.849668977616e-03
2.849668977616e-03
2.837937946764e-03
2.837937946764e-03
2.833507560453e-03
2.819164942018e-03
2.807911703150e-03
2.807911703150e-03
2.793293273549e-03
2.793293273549e-03
2.772732411207e-03
2.772732411207e-03
2.772596307883e-03
2.772337056648e-03
2.769177540756e-03
2.769177540756e-03
2.764700956676e-03
2.760701625505e-03
2.753152832991e-03
2.750673000606e-03
2.750673000606e-03
2.743031848131e-03
2.742388762081e-03
2.730676871976e-03
2.730676871976e-03
2.726824378051e-03
2.726824378051e-03
2.717018125763e-03
2.717018125763e-03
2.714622326566e-03
2.714622326566e-03
2.695356273706e-03
2.695356273706e-03
2.689303504340e-03
2.666614895388e-03
2.665555972650e-03
2.665555972650e-03
2.660392466799e-03
2.652627400497e-03
2.652627400497e-03
2.647028482255e-03
2.647028482255e-03
2.640995596198e-03
2.640151590447e-03
2.640151590447e-03
2.629516494973e-03
2.629516494973e-03
2.616700418243e-03
2.613549364966e-03
2.613549364966e-03
2.606699970134e-03
2.599264589367e-03
2.592264751594e-03
2.592264751594e-03
2.581851820319e-03
2.581851820319e-03
2.572163095370e-03
2.572163095370e-03
2.561498807669e-03
2.558401138188e-03
2.558401138188e-03
2.556384701333e-03
2.556384701333e-03
2.554666135158e-03
2.554666135158e-03
2.554220202730e-03
2.554220202730e-03
2.553787689802e-03
2.543858356760e-03
2.536692945986e-03
2.536692945986e-03
2.531983000114e-03
2.526669466145e-03
2.525443815411e-03
2.522878910619e-03
2.518282591193e-03
2.515631052943e-03
2.515631052943e-03
2.498615808410e-03
2.498615808410e-03
2.497845899627e-03
2.486806766117e-03
2.486806766117e-03
2.481799875983e-03
2.481799875983e-03
2.479387144118e-03
2.479387144118e-03
2.476699318315e-03
2.476699318315e-03
2.453659791810e-03
2.453659791810e-03
2.448918644228e-03
2.441787813388e-03
2.439791447649e-03
2.439791447649e-03
2.438764380019e-03
2.438449973305e-03
2.431077762986e-03
2.431077762986e-03
2.422143395346e-03
2.422143395346e-03
2.417138103405e-03
2.417138103405e-03
2.410665864620e-03
2.410665864620e-03
2.405478102306e-03
2.399766495186e-03
2.399766495186e-03
2.394131106012e-03
2.394131106012e-03
2.389682664511e-03
2.389682664511e-03
2.388156115615e-03
2.383680064050e-03
2.372771861267e-03
2.372771861267e-03
2.368117907358e-03
2.368117907358e-03
2.363802276018e-03
2.363280923910e-03
2.360440736059e-03
2.360023004981e-03
2.360023004981e-03
2.356235413938e-03
2.356235413938e-03
2.355275442013e-03
2.355275442013e-03
2.353585229994e-03
2.353585229994e-03
2.351929390702e-03
2.351929390702e-03
2.351263647954e-03
2.351263647954e-03
2.349001767552e-03
2.338905716351e-03
2.337392307834e-03
2.337392307834e-03
2.327769967827e-03
2.324399812346e-03
2.324399812346e-03
2.323593258058e-03
2.323370767070e-03
2.323370767070e-03
2.321175288115e-03
2.316989369914e-03
2.316989369914e-03
2.312281467560e-03
2.312281467560e-03
2.311792057518e-03
2.311792057518e-03
2.298497444028e-03
2.293659500693e-03
2.293659500693e-03
2.285093947979e-03
2.280807331481e-03
2.280807331481e-03
2.272952822505e-03
2.271768655516e-03
2.270859776186e-03
2.264780593453e-03
2.264780593453e-03
2.256274412008e-03
2.250215703676e-03
2.250215703676e-03
2.248142586762e-03
2.244809541118e-03
2.230349292888e-03
2.230349292888e-03
2.229847495999e-03
2.229847495999e-03
2.226311130245e-03
2.220811146076e-03
2.220811146076e-03
2.213584224268e-03
2.213584224268e-03
2.204437759722e-03
2.204437759722e-03
2.203382005900e-03
2.203382005900e-03
2.201359851751e-03
2.197852748875e-03
2.197852748875e-03
2.181820553888e-03
2.181820553888e-03
2.178496702497e-03
2.178496702497e-03
2.172460132796e-03
2.172460132796e-03
2.162500467991e-03
2.159210611305e-03
2.159210611305e-03
2.149451870303e-03
2.145601067857e-03
2.144931535180e-03
2.144931535180e-03
2.144049713879e-03
2.144049713879e-03
2.141545176320e-03
2.138813153370e-03
2.138813153370e-03
2.135078842076e-03
2.132438797188e-03
2.132438797188e-03
2.122974949198e-03
2.122974949198e-03
2.116219896770e-03
2.116219896770e-03
2.109873502223e-03
2.109177544425e-03
2.109177544425e-03
2.108563505140e-03
2.108563505140e-03
2.105015312329e-03
2.099628264534e-03
2.099628264534e-03
2.096417028020e-03
2.094283814088e-03
2.094040397411e-03
2.090374174508e-03
2.090374174508e-03
2.085505669477e-03
2.081596904201e-03
2.081596904201e-03
2.076624986717e-03
2.076624986717e-03
2.075248490004e-03
2.068869360919e-03
2.065663802040e-03
2.065663802040e-03
2.061538494975e-03
2.061538494975e-03
2.053472491668e-03
2.053472491668e-03
2.050988281038e-03
2.050988281038e-03
2.045787103631e-03
2.045787103631e-03
2.030298109950e-03
2.020160470860e-03
2.020160470860e-03
2.016705292998e-03
2.016222180998e-03
2.016055551158e-03
2.016055551157e-03
2.011166391071e-03
2.011166391071e-03
2.008575522795e-03
2.008329149081e-03
1.998495720978e-03
1.998495720978e-03
1.996673318914e-03
1.996673318914e-03
1.992382998956e-03
1.992382998956e-03
1.991489511017e-03
1.991489511017e-03
1.988515637295e-03
1.981901391655e-03
1.972805813259e-03
1.972805813259e-03
1.969342632246e-03
1.965127545769e-03
1.965127545769e-03
1.964584682357e-03
1.959406931599e-03
1.958671133583e-03
1.958671133583e-03
1.953696285418e-03
1.953696285418e-03
1.950640354584e-03
1.950640354584e-03
1.949363863132e-03
1.949363863132e-03
1.946072235906e-03
1.946072235906e-03
1.933723233383e-03
1.919846573854e-03
1.919846573854e-03
1.916482023321e-03
1.916482023321e-03
1.916475622040e-03
1.916475622040e-03
1.916300776022e-03
1.916300776022e-03
1.908438543290e-03
1.904478248483e-03
1.904478248483e-03
1.899576146566e-03
1.899292387565e-03
1.899292387565e-03
1.898377666129e-03
1.890526942546e-03
1.890526942546e-03
1.875332394566e-03
1.874910372630e-03
1.874910372630e-03
1.873956643282e-03
1.870365770827e-03
1.869233928099e-03
1.865612198561e-03
1.864878912871e-03
1.857269893651e-03
1.857269893651e-03
1.855325942694e-03
1.847422682590e-03
1.845418951791e-03
1.845418951791e-03
1.836926458947e-03
1.836926458947e-03
1.835412837376e-03
1.835301560472e-03
1.835301560472e-03
1.825215892702e-03
1.825215892702e-03
1.824725700651e-03
1.824725700651e-03
1.822592539557e-03
1.822592539557e-03
1.820387276665e-03
1.820387276665e-03
1.809151550027e-03
1.809073705295e-03
1.809073705295e-03
1.806857987258e-03
1.801797289509e-03
1.800945052920e-03
1.800945052920e-03
1.800120299470e-03
1.800120299470e-03
1.786579028773e-03
1.785144280620e-03
1.785144280620e-03
1.783262647478e-03
1.783262647478e-03
1.780676436160e-03
1.780676436160e-03
1.772041759403e-03
1.772041759403e-03
1.769786371407e-03
1.768359762766e-03
1.768359762766e-03
1.760663921245e-03
1.760099956804e-03
1.754528067138e-03
1.754528067138e-03
1.751861914452e-03
1.751861914452e-03
1.741978719081e-03
1.735976536591e-03
1.735976536591e-03
1.735581352130e-03
1.735581352130e-03
1.728093070688e-03
1.728093070688e-03
1.725601224409e-03
1.714057949208e-03
1.711139090373e-03
1.711139090373e-03
1.710229001190e-03
1.710118826071e-03
1.710118826071e-03
1.709749496075e-03
1.709749496075e-03
1.708024607557e-03
1.701889948864e-03
1.701889948864e-03
1.692500951473e-03
1.692500951473e-03
1.689610421744e-03
1.689610421744e-03
1.685602450899e-03
1.685602450899e-03
1.675550026312e-03
1.672627761779e-03
1.670541344764e-03
1.669740576931e-03
1.668404767409e-03
1.668404767409e-03
1.666859021755e-03
1.666829027874e-03
1.662810978153e-03
1.662810978153e-03
1.657828799453e-03
1.657828799453e-03
1.656296134729e-03
1.653763488365e-03
1.653763488365e-03
1.653697533479e-03
1.653697533479e-03
1.652703566852e-03
1.652703566852e-03
1.649553437747e-03
1.649553437747e-03
1.646494813938e-03
1.637481305250e-03
1.637481305250e-03
1.626798134176e-03
1.626798134176e-03
1.626339655131e-03
1.619225161087e-03
1.619225161087e-03
1.610742153593e-03
1.610742153593e-03
1.609001598138e-03
1.607818733513e-03
1.607818733513e-03
1.600638152376e-03
1.599608400532e-03
1.599476489849e-03
1.599476489849e-03
1.592465195705e-03
1.592317023268e-03
1.586113855465e-03
1.586113855465e-03
1.585263063230e-03
1.583703166952e-03
1.583703166952e-03
1.582465458004e-03
1.582465458004e-03
1.581259205062e-03
1.581259205062e-03
1.576479798340e-03
1.576479798340e-03
1.575324061216e-03
1.565856264995e-03
1.564156304279e-03
1.555195187665e-03
1.555195187665e-03
1.549493632486e-03
1.548897566343e-03
1.548897566343e-03
1.546949716785e-03
1.546949716785e-03
1.539298621095e-03
1.539298621095e-03
1.538719443906e-03
1.538719443906e-03
1.534615359932e-03
1.534049079030e-03
1.513369408555e-03
1.513369408555e-03
1.511178908158e-03
1.511178908158e-03
1.504989321332e-03
1.503763287144e-03
1.503763287144e-03
1.501135706581e-03
1.501135706581e-03
1.498874079900e-03
1.497315402593e-03
1.497315402593e-03
1.492928006605e-03
1.492928006605e-03
1.490316847987e-03
1.487930246146e-03
1.487240381695e-03
1.487028520259e-03
1.487028520258e-03
1.484480425101e-03
1.484480425101e-03
1.481206255498e-03
1.481206255498e-03
1.478760428634e-03
1.478760428634e-03
1.474663723719e-03
1.474663723719e-03
1.458996847041e-03
1.457762513676e-03
1.457762513676e-03
1.456176743263e-03
1.455775241263e-03
1.455775241263e-03
1.440978521611e-03
1.440978521611e-03
1.438716999083e-03
1.437305884746e-03
1.437305884746e-03
1.432024000692e-03
1.431923363127e-03
1.431923363127e-03
1.427115457677e-03
1.424903897805e-03
1.424903897805e-03
1.420443432660e-03
1.420443432660e-03
1.419064472541e-03
1.419064472541e-03
1.418244455365e-03
1.408756103177e-03
1.408756103177e-03
1.407531755804e-03
1.407531755804e-03
1.404664353673e-03
1.397199867634e-03
1.391181572068e-03
1.391181572068e-03
1.389214858313e-03
1.389214858313e-03
1.385396530848e-03
1.385300540856e-03
1.385300540856e-03
1.383447831914e-03
1.377496581058e-03
1.376215148521e-03
1.376215148521e-03
1.374090597523e-03
1.374090597523e-03
1.371145734949e-03
1.370889244905e-03
1.370889244905e-03
1.365878567927e-03
1.365878567927e-03
1.365031821291e-03
1.365031821291e-03
1.363312662944e-03
1.354042350395e-03
1.354042350395e-03
1.350431844094e-03
1.346046434027e-03
1.346046434027e-03
1.341399987286e-03
1.334808891985e-03
1.332417350493e-03
1.328143009823e-03
1.326954006384e-03
1.326954006384e-03
1.325361244805e-03
1.324811470835e-03
1.324811470835e-03
1.322772155814e-03
1.322772155814e-03
1.319165285336e-03
1.318913557500e-03
1.318913557500e-03
1.315613008915e-03
1.315613008915e-03
1.312216019599e-03
1.312216019599e-03
1.299301500970e-03
1.296877600501e-03
1.296877600501e-03
1.292364787869e-03
1.292364787869e-03
1.281058609893e-03
1.281058609893e-03
1.280767246676e-03
1.278345396666e-03
1.278345396666e-03
1.276252297107e-03
1.272275114570e-03
1.272275114570e-03
1.269768827941e-03
1.269768827941e-03
1.268406436543e-03
1.260993900890e-03
1.260993900890e-03
1.245628048551e-03
1.245539723503e-03
1.242081636817e-03
1.242081636817e-03
1.241351825090e-03
1.241225914423e-03
1.240494298398e-03
1.240494298398e-03
1.240349477695e-03
1.234770828216e-03
1.234770828216e-03
1.233758301227e-03
1.230973072238e-03
1.230973072238e-03
1.230301566533e-03
1.230301566533e-03
1.223351235157e-03
1.223351235156e-03
1.215337037736e-03
1.215337037736e-03
1.215125950327e-03
1.213893548690e-03
1.210462886550e-03
1.210462886550e-03
1.209985416112e-03
1.200470181203e-03
1.200400341489e-03
1.200400341489e-03
1.194895661316e-03
1.194895661316e-03
1.192039812961e-03
1.192039812961e-03
1.189777309206e-03
1.189777309206e-03
1.179154363464e-03
1.177647125220e-03
1.177647125220e-03
1.177358813777e-03
1.177358813777e-03
1.175095391977e-03
1.175095391977e-03
1.167339168330e-03
1.162760876314e-03
1.162760876314e-03
1.162090046581e-03
1.161116386503e-03
1.158620398767e-03
1.158620398767e-03
1.157610973706e-03
1.157610973706e-03
1.157223232438e-03
1.157223232438e-03
1.156657322327e-03
1.151303255380e-03
1.149101835963e-03
1.149101835963e-03
1.146447868144e-03
1.143574948921e-03
1.138099987985e-03
1.138099987985e-03
1.136477934153e-03
1.135733519284e-03
1.135733519284e-03
1.124268369876e-03
1.119000541761e-03
1.119000541761e-03
1.115342733382e-03
1.115342733382e-03
1.112161484200e-03
1.112161484200e-03
1.110184474443e-03
1.110184474443e-03
1.109372360107e-03
1.109372360107e-03
1.108920275337e-03
1.108920275337e-03
1.106988665628e-03
1.102908970198e-03
1.102908970198e-03
1.100094012909e-03
1.099433374770e-03
1.094120312126e-03
1.087089916252e-03
1.087089916252e-03
1.085920726652e-03
1.085920726652e-03
1.083397140258e-03
1.083397140258e-03
1.081214228267e-03
1.078823456602e-03
1.078823456602e-03
1.075020760308e-03
1.075020760308e-03
1.068441522330e-03
1.068441522330e-03
1.066676454583e-03
1.066676454583e-03
1.065538914431e-03
1.063888441762e-03
1.063888441762e-03
1.058802699575e-03
1.058802699575e-03
1.057637566925e-03
1.052901659239e-03
1.047174365558e-03
1.044444883640e-03
1.044116491768e-03
1.044116491768e-03
1.041666605639e-03
1.039333212251e-03
1.039333212251e-03
1.037403530604e-03
1.030746535818e-03
1.030746535818e-03
1.024015287775e-03
1.023237260202e-03
1.019591188379e-03
1.019591188379e-03
1.016112198893e-03
1.016112198893e-03
1.015591641200e-03
1.015591641200e-03
1.014715198295e-03
1.013736541794e-03
1.013736541794e-03
1.012848915689e-03
1.012848915689e-03
1.012127449927e-03
1.011914942577e-03
1.011914942577e-03
1.009909745740e-03
1.009909745740e-03
9.979119388146e-04
9.973481112979e-04
9.912731061581e-04
9.912731061581e-04
9.906215854782e-04
9.881916785906e-04
9.873322830456e-04
9.873322830456e-04
9.829563054500e-04
9.829563054500e-04
9.826442961571e-04
9.820624520300e-04
9.674176993815e-04
9.674176993815e-04
9.659346008813e-04
9.659346008813e-04
9.650602183524e-04
9.650602183524e-04
9.626704377906e-04
9.589768447102e-04
9.589768447102e-04
9.585659024396e-04
9.569044184672e-04
9.569044184672e-04
9.467934878752e-04
9.462199834306e-04
9.462199834306e-04
9.450785388789e-04
9.450785388788e-04
9.404367748929e-04
9.345097717594e-04
9.345097717594e-04
9.326813312531e-04
9.326813312531e-04
9.320488337465e-04
9.291904719202e-04
9.291904719202e-04
9.246124584586e-04
9.246124584586e-04
9.152881629937e-04
9.152881629937e-04
9.140687969910e-04
9.140687969910e-04
9.113666873533e-04
9.044979655608e-04
9.044979655608e-04
9.031741621997e-04
9.027797182737e-04
9.027797182737e-04
9.019317555547e-04
9.015674523498e-04
8.996678518602e-04
8.996678518602e-04
8.954049487617e-04
8.933494754530e-04
8.933494754530e-04
8.921386238431e-04
8.921386238431e-04
8.917794065091e-04
8.917794065091e-04
8.820831651134e-04
8.820095205201e-04
8.820095205201e-04
8.816816745698e-04
8.816816745698e-04
8.791864052245e-04
8.775552326783e-04
8.775552326783e-04
8.717341539703e-04
8.717341539703e-04
8.675346698367e-04
8.675346698367e-04
8.673811410411e-04
8.673811410411e-04
8.619002306850e-04
8.619002306850e-04
8.587907537924e-04
8.587907537924e-04
8.582679033740e-04
8.582679033740e-04
8.537228443386e-04
8.520521823795e-04
8.520521823795e-04
8.517236075021e-04
8.509964530077e-04
8.509964530076e-04
8.507664680973e-04
8.507664680972e-04
8.505310684374e-04
8.466700565189e-04
8.466700565189e-04
8.464361641077e-04
8.374457919715e-04
8.338549477461e-04
8.338549477461e-04
8.305552977104e-04
8.305552977104e-04
8.268959293295e-04
8.253349222511e-04
8.157287486513e-04
8.157287486513e-04
8.120406972965e-04
8.120406972965e-04
8.112125336913e-04
8.112125336913e-04
8.088113490508e-04
8.026194434098e-04
8.026194434098e-04
8.014694491114e-04
8.014694491114e-04
8.013551574132e-04
8.013551574132e-04
8.001315884585e-04
7.933791806233e-04
7.933791806232e-04
7.922254608582e-04
7.922254608582e-04
7.914318595822e-04
7.914318595822e-04
7.850852861501e-04
7.850852861501e-04
7.850484268317e-04
7.850484268317e-04
7.847748924357e-04
7.832914848533e-04
7.808520413102e-04
7.790352756928e-04
7.790352756928e-04
7.747870270266e-04
7.681699297606e-04
7.681699297606e-04
7.674082115392e-04
7.655578193161e-04
7.625212345538e-04
7.625212345538e-04
7.600680405282e-04
7.600680405282e-04
7.584980188243e-04
7.564910228351e-04
7.499981305013e-04
7.499981305013e-04
7.472007372788e-04
7.472007372788e-04
7.430334112422e-04
7.419255536038e-04
7.419255536038e-04
7.401294240081e-04
7.401294240081e-04
7.380795505347e-04
7.360442437754e-04
7.360442437754e-04
7.308018956303e-04
7.308018956303e-04
7.296916839736e-04
7.296916839736e-04
7.295119549514e-04
7.233550446125e-04
7.219485122676e-04
7.219485122676e-04
7.164812196378e-04
7.160851770626e-04
7.154247801300e-04
7.154247801300e-04
7.145590848648e-04
7.145590848648e-04
7.145576691246e-04
7.145576691246e-04
7.142288272932e-04
7.083083127202e-04
7.083083127202e-04
7.054126617260e-04
7.054126617260e-04
7.037900102270e-04
7.037900102270e-04
7.028834406503e-04
7.027421833048e-04
7.027421833048e-04
6.945062431642e-04
6.915189513176e-04
6.915189513176e-04
6.897860523177e-04
6.894783984457e-04
6.894783984457e-04
6.891310390200e-04
6.884820071736e-04
6.884820071736e-04
6.852211008179e-04
6.852211008179e-04
6.852116139561e-04
6.852116139561e-04
6.825964186398e-04
6.807633838631e-04
6.807633838631e-04
6.795321309536e-04
6.795321309536e-04
6.775641270606e-04
6.775641270606e-04
6.754993696354e-04
6.692201992465e-04
6.685916626481e-04
6.667381340853e-04
6.667381340853e-04
6.624104020391e-04
6.624104020391e-04
6.594879319310e-04
6.594879319310e-04
6.565022976784e-04
6.565022976784e-04
6.549267123619e-04
6.549267123619e-04
6.534441106843e-04
6.533000617023e-04
6.533000617023e-04
6.500293675687e-04
6.447850415914e-04
6.447850415914e-04
6.433173965186e-04
6.433173965186e-04
6.406077632798e-04
6.406077632798e-04
6.402574255621e-04
6.394046592968e-04
6.369415862711e-04
6.369415862711e-04
6.359946428736e-04
6.335769180476e-04
6.335769180476e-04
6.323003822649e-04
6.323003822649e-04
6.322066061372e-04
6.322066061372e-04
6.261675118513e-04
6.242915094710e-04
6.242915094710e-04
6.235785178496e-04
6.201904991708e-04
6.201904991708e-04
6.168528739850e-04
6.168528739850e-04
6.144033408603e-04
6.119524558716e-04
6.107370713966e-04
6.101205062122e-04
6.101205062122e-04
6.099761858362e-04
6.099761858362e-04
6.050107388688e-04
6.020376023103e-04
6.017400378339e-04
6.017400378339e-04
6.014085249145e-04
5.981354747600e-04
5.981354747600e-04
5.975118337432e-04
5.975118337432e-04
5.950357453044e-04
5.938191760217e-04
5.938191760217e-04
5.932534410763e-04
5.912501233540e-04
5.912501233539e-04
5.897963419131e-04
5.897963419131e-04
5.897674491279e-04
5.897244979696e-04
5.887422505916e-04
5.887422505916e-04
5.844610146352e-04
5.844610146352e-04
5.807970035320e-04
5.807970035320e-04
5.805305472884e-04
5.726584258013e-04
5.709054664326e-04
5.708865256957e-04
5.703975186493e-04
5.703975186493e-04
5.703776292821e-04
5.703351575047e-04
5.703351575046e-04
5.697947154287e-04
5.697947154287e-04
5.677651507725e-04
5.677651507725e-04
5.655715725597e-04
5.655715725597e-04
5.646735926674e-04
5.623619027867e-04
5.623619027867e-04
5.617055417003e-04
5.613892983555e-04
5.603380917106e-04
5.603380917106e-04
5.581771807902e-04
5.545509881017e-04
5.545509881017e-04
5.516547587345e-04
5.500303189781e-04
5.500303189781e-04
5.478482879986e-04
5.478482879986e-04
5.475836491159e-04
5.475836491159e-04
5.466476984198e-04
5.461570873334e-04
5.461570873334e-04
5.440619405393e-04
5.427147486673e-04
5.427147486673e-04
5.366319318529e-04
5.366319318529e-04
5.350112268594e-04
5.333550737619e-04
5.333550737619e-04
5.328333073421e-04
5.302203317752e-04
5.302203317752e-04
5.265700106699e-04
5.265700106699e-04
5.262142251116e-04
5.260720314915e-04
5.260720314915e-04
5.256863917365e-04
5.228804376989e-04
5.228804376989e-04
5.207001418394e-04
5.207001418394e-04
5.175841098006e-04
5.175841098006e-04
5.175286973233e-04
5.175286973233e-04
5.171715232193e-04
5.171715232193e-04
5.162174232058e-04
5.157421224467e-04
5.137551022558e-04
5.137551022558e-04
5.134220356804e-04
5.134220356804e-04
5.113539083496e-04
5.113539083496e-04
5.082969064324e-04
5.082969064324e-04
5.067430632725e-04
5.043313780688e-04
5.043313780688e-04
5.006527686610e-04
5.006527686610e-04
4.999433826180e-04
4.974374885681e-04
4.974374885681e-04
4.974357611101e-04
4.963933279185e-04
4.947190958073e-04
4.918023617980e-04
4.918023617980e-04
4.887145412351e-04
4.879727205172e-04
4.879727205172e-04
4.866370795274e-04
4.866370795274e-04
4.863461079427e-04
4.819125902892e-04
4.809224117485e-04
4.782071903932e-04
4.782071903932e-04
4.774670975232e-04
4.773096586014e-04
4.773096586014e-04
4.751079385464e-04
4.751079385464e-04
4.725853559631e-04
4.720778676108e-04
4.720778676108e-04
4.697173381549e-04
4.697173381549e-04
4.680591929313e-04
4.680591929313e-04
4.666391772181e-04
4.666391772181e-04
4.658559467179e-04
4.658559467179e-04
4.655741430957e-04
4.655741430957e-04
4.642647668494e-04
4.617654012222e-04
4.617654012222e-04
4.587467652085e-04
4.587467652085e-04
4.566088487299e-04
4.566088487299e-04
4.562489044455e-04
4.548735226928e-04
4.548735226928e-04
4.533758377962e-04
4.533758377962e-04
4.527959446768e-04
4.522749036104e-04
4.522749036104e-04
4.512347438675e-04
4.510709654532e-04
4.498130401592e-04
4.492049885078e-04
4.492049885078e-04
4.486885846191e-04
4.457854467961e-04
4.457854467961e-04
4.456603641997e-04
4.456603641997e-04
4.447849023052e-04
4.447849023052e-04
4.444405610509e-04
4.424920661737e-04
4.409401739012e-04
4.409401739012e-04
4.408312571810e-04
4.408312571810e-04
4.379216346170e-04
4.367451273093e-04
4.367451273093e-04
4.363539352686e-04
4.363539352686e-04
4.303199401566e-04
4.300556873307e-04
4.300556873307e-04
4.265050120324e-04
4.265050120324e-04
4.239906773722e-04
4.236148343215e-04
4.236148343215e-04
4.228954009280e-04
4.228954009280e-04
4.220136051174e-04
4.217950303585e-04
4.217950303585e-04
4.207647871341e-04
4.207647871341e-04
4.199697046339e-04
4.191121961114e-04
4.158450364424e-04
4.157135504934e-04
4.157135504934e-04
4.152778276426e-04
4.144749668588e-04
4.144749668588e-04
4.142615432789e-04
4.142615432789e-04
4.140431356407e-04
4.131903847649e-04
4.131903847649e-04
4.127579812828e-04
4.104122457284e-04
4.104122457284e-04
4.076687276722e-04
4.070615245730e-04
4.070615245730e-04
4.062938210231e-04
4.062938210231e-04
4.049871103673e-04
4.049871103673e-04
4.049531087994e-04
4.049531087994e-04
4.036005110363e-04
4.001859842114e-04
4.001859842114e-04
3.971267999214e-04
3.971050001494e-04
3.971050001494e-04
3.968548138567e-04
3.950068772658e-04
3.941591107481e-04
3.941591107481e-04
3.936870549807e-04
3.936870549807e-04
3.925572164414e-04
3.910261249843e-04
3.910261249843e-04
3.901070164071e-04
3.901070164071e-04
3.900024044472e-04
3.893739746013e-04
3.869395415859e-04
3.869395415859e-04
3.863014301773e-04
3.863014301773e-04
3.857540064578e-04
3.857540064578e-04
3.857150965878e-04
3.851945097357e-04
3.847766088994e-04
3.826108718366e-04
3.820451785325e-04
3.816199569397e-04
3.816199569397e-04
3.800715747679e-04
3.800715747679e-04
3.774167503860e-04
3.774167503860e-04
3.771040492466e-04
3.771040492466e-04
3.765053758445e-04
3.765053758445e-04
3.743965146768e-04
3.723663441807e-04
3.723663441807e-04
3.700062941438e-04
3.700062941438e-04
3.695371348672e-04
3.672252083852e-04
3.660314506939e-04
3.660314506939e-04
3.650049416434e-04
3.650049416434e-04
3.637859081406e-04
3.624536150687e-04
3.614981011538e-04
3.614981011538e-04
3.598776816989e-04
3.598411002452e-04
3.584934169796e-04
3.562799409154e-04
3.562799409154e-04
3.551653884252e-04
3.551653884252e-04
3.544207423881e-04
3.544207423881e-04
3.541574179307e-04
3.541574179307e-04
3.500675733663e-04
3.500675733663e-04
3.495166566522e-04
3.495166566522e-04
3.480530926903e-04
3.480530926903e-04
3.479803559978e-04
3.476273170924e-04
3.473327767314e-04
3.455170487186e-04
3.455170487186e-04
3.452806610399e-04
3.452806610399e-04
3.452468491698e-04
3.407193890967e-04
3.407193890967e-04
3.401107465841e-04
3.401107465841e-04
3.366986279642e-04
3.366986279642e-04
3.362303514816e-04
3.360987434719e-04
3.360987434719e-04
3.353117228241e-04
3.353117228241e-04
3.350940364430e-04
3.350940364430e-04
3.329931273776e-04
3.329931273776e-04
3.325318862424e-04
3.325318862424e-04
3.298387571441e-04
3.290583629854e-04
3.286354719268e-04
3.260310842837e-04
3.260310842837e-04
3.258416079433e-04
3.258416079433e-04
3.246069543998e-04
3.237980505534e-04
3.237980505534e-04
3.234545629276e-04
3.223936109476e-04
3.223936109476e-04
3.218002791683e-04
3.218002791683e-04
3.214465616206e-04
3.209298798229e-04
3.209298798229e-04
3.207802446335e-04
3.198623938950e-04
3.198623938950e-04
3.191171114606e-04
3.186615826305e-04
3.186615826305e-04
3.174473626164e-04
3.168341887703e-04
3.168341887703e-04
3.165059798638e-04
3.165059798638e-04
3.156692656070e-04
3.156692656070e-04
3.154550676360e-04
3.107599359285e-04
3.101645605955e-04
3.101645605955e-04
3.090063123471e-04
3.086792319668e-04
3.086792319668e-04
3.079125832258e-04
3.079125832258e-04
3.071150515971e-04
3.061160019197e-04
3.061160019197e-04
3.043773559437e-04
3.042222026687e-04
3.042222026687e-04
3.034711536425e-04
3.034711536425e-04
3.027225177607e-04
3.014256066668e-04
3.014256066668e-04
3.011171242823e-04
3.006992987527e-04
2.999449489639e-04
2.984065982168e-04
2.984065982168e-04
2.971478716696e-04
2.971478716696e-04
2.961678096778e-04
2.961678096778e-04
2.939082738170e-04
2.939082738170e-04
2.932341128909e-04
2.932341128909e-04
2.921051331689e-04
2.919925724985e-04
2.919925724985e-04
2.905793544787e-04
2.903391914390e-04
2.903391914390e-04
2.898986349028e-04
2.896721352493e-04
2.896721352493e-04
2.889635092238e-04
2.868798292446e-04
2.863846323997e-04
2.863846323997e-04
2.861542052386e-04
2.834724072936e-04
2.827974174461e-04
2.816776568341e-04
2.816776568341e-04
2.812462512845e-04
2.812462512845e-04
2.807944961343e-04
2.805464457129e-04
2.798856673871e-04
2.792041092477e-04
2.792041092477e-04
2.791387418959e-04
2.791387418959e-04
2.787737358235e-04
2.787737358235e-04
2.778294060139e-04
2.761394485254e-04
2.760474140866e-04
2.734296935567e-04
2.734296935567e-04
2.725490404719e-04
2.725490404719e-04
2.717393753797e-04
2.717393753797e-04
2.713608031293e-04
2.713608031293e-04
2.679477595719e-04
2.671096367815e-04
2.671096367815e-04
2.670157277841e-04
2.670157277840e-04
2.667605123242e-04
2.667605123242e-04
2.664538466412e-04
2.664538466412e-04
2.641857619773e-04
2.629212552024e-04
2.629212552024e-04
2.624462889687e-04
2.624462889687e-04
2.620657643163e-04
2.620657643163e-04
2.612420882549e-04
2.612420882549e-04
2.605212456288e-04
2.601488264139e-04
2.601488264139e-04
2.580026258012e-04
2.580026258012e-04
2.567110864986e-04
2.567110864986e-04
2.562844136727e-04
2.546857443155e-04
2.546857443155e-04
2.537310812704e-04
2.537310812704e-04
2.530807652851e-04
2.530807652851e-04
2.529338424859e-04
2.519563731316e-04
2.511984856744e-04
2.506135583249e-04
2.506135583249e-04
2.492074236793e-04
2.488269239915e-04
2.488269239915e-04
2.485444339050e-04
2.485444339050e-04
2.483178190652e-04
2.482179449512e-04
2.482179449512e-04
2.471797518083e-04
2.471797518083e-04
2.440312493561e-04
2.434877435694e-04
2.434877435694e-04
2.426077732031e-04
2.426077732031e-04
2.424326422789e-04
2.419958808202e-04
2.419958808202e-04
2.419884979899e-04
2.419884979899e-04
2.411479694534e-04
2.411062164582e-04
2.408274655672e-04
2.394608966071e-04
2.393261895750e-04
2.393261895750e-04
2.392336417519e-04
2.392336417519e-04
2.376039943831e-04
2.368430031988e-04
2.361034337364e-04
2.354338426682e-04
2.353370650931e-04
2.353370650931e-04
2.347049387463e-04
2.347049387463e-04
2.346971619527e-04
2.346971619527e-04
2.346124711671e-04
2.342842949138e-04
2.342842949138e-04
2.334946040226e-04
2.334946040226e-04
2.303850855964e-04
2.302237927618e-04
2.302237927618e-04
2.300454498450e-04
2.300454498450e-04
2.285852346277e-04
2.285852346277e-04
2.274742465864e-04
2.274742465864e-04
2.268631667934e-04
2.268631667934e-04
2.258015330116e-04
2.258015330116e-04
2.247091800545e-04
2.243152848240e-04
2.234806395321e-04
2.234806395321e-04
2.232405602843e-04
2.231105379319e-04
2.223543333673e-04
2.222637559679e-04
2.222637559679e-04
2.213409102499e-04
2.213409102499e-04
2.207676172953e-04
2.207676172953e-04
2.205330982630e-04
2.205330982630e-04
2.190268411926e-04
2.179062561950e-04
2.179062561950e-04
2.176409125268e-04
2.165280229189e-04
2.165280229189e-04
2.153693401595e-04
2.153693401595e-04
2.152138933208e-04
2.152138933208e-04
2.144934595405e-04
2.144934595405e-04
2.141770579018e-04
2.130659727962e-04
2.130659727962e-04
2.130481027158e-04
2.130481027158e-04
2.123330813797e-04
2.123330813797e-04
2.115220108439e-04
2.102061224001e-04
2.102061224001e-04
2.101965270607e-04
2.101965270607e-04
2.095434974810e-04
2.095434974810e-04
2.092268896748e-04
2.087839569185e-04
2.083647707384e-04
2.083647707384e-04
2.080994239117e-04
2.072538501934e-04
2.072538501934e-04
2.064366000924e-04
2.064366000924e-04
2.051370669858e-04
2.051370669858e-04
2.041830804808e-04
2.035078780739e-04
2.029935561532e-04
2.029935561532e-04
2.011911716573e-04
2.011911716573e-04
2.011516059758e-04
2.011516059758e-04
2.005464835560e-04
2.005464835560e-04
2.003629592188e-04
2.003629592188e-04
1.991559382775e-04
1.991559382775e-04
1.988235418240e-04
1.980303256956e-04
1.979793836935e-04
1.979170347213e-04
1.979170347213e-04
1.954007958703e-04
1.951893402250e-04
1.951893402250e-04
1.949820504341e-04
1.911367384836e-04
1.903515467172e-04
1.903515467172e-04
1.902994299056e-04
1.902994299056e-04
1.897165327865e-04
1.897165327865e-04
1.889748238627e-04
1.889748238627e-04
1.888887654912e-04
1.888887654912e-04
1.877135119543e-04
1.874535887909e-04
1.858527830080e-04
1.855866993880e-04
1.848739386396e-04
1.848739386396e-04
1.843538800378e-04
1.843538800378e-04
1.841356104878e-04
1.841356104878e-04
1.837219846874e-04
1.837219846874e-04
1.830442715394e-04
1.830442715394e-04
1.828137027247e-04
1.826431310033e-04
1.822528150510e-04
1.822528150510e-04
1.822028843315e-04
1.822028843315e-04
1.821555545525e-04
1.812005161843e-04
1.811743298969e-04
1.804525501942e-04
1.804525501942e-04
1.794426725045e-04
1.794426725045e-04
1.783789571522e-04
1.778144644474e-04
1.778144644474e-04
1.769924027887e-04
1.769924027887e-04
1.758239588464e-04
1.758239588464e-04
1.755015299157e-04
1.754258830230e-04
1.754258830230e-04
1.752556012803e-04
1.752556012803e-04
1.735453538708e-04
1.735453538708e-04
1.729439732410e-04
1.729092719472e-04
1.721623854637e-04
1.720598424287e-04
1.716466000474e-04
1.716466000474e-04
1.714054860344e-04
1.710624445671e-04
1.710624445671e-04
1.707176240769e-04
1.707176240769e-04
1.701167739926e-04
1.689555042494e-04
1.689555042494e-04
1.687615831016e-04
1.687615831016e-04
1.681944253383e-04
1.681944253383e-04
1.678337478558e-04
1.678201581247e-04
1.673476620796e-04
1.672199037853e-04
1.672199037853e-04
1.661031524880e-04
1.661031524880e-04
1.645084384370e-04
1.645084384370e-04
1.638492723444e-04
1.638492723444e-04
1.635845748416e-04
1.635717322447e-04
1.635717322447e-04
1.633793529264e-04
1.633793529264e-04
1.628093991517e-04
1.628093991517e-04
1.625555905015e-04
1.625167643633e-04
1.620077849235e-04
1.620077849235e-04
1.614591191337e-04
1.614591191337e-04
1.610835556326e-04
1.609012646175e-04
1.608889247505e-04
1.608889247505e-04
1.604956872689e-04
1.594656616520e-04
1.594656616520e-04
1.584335116637e-04
1.578743172899e-04
1.578743172899e-04
1.571712680393e-04
1.571220483842e-04
1.571220483842e-04
1.564693488220e-04
1.564693488220e-04
1.557619460779e-04
1.549964481125e-04
1.549964481125e-04
1.544351564281e-04
1.544351564281e-04
1.527238381006e-04
1.527238381006e-04
1.520052232224e-04
1.520052232224e-04
1.517822794853e-04
1.517822794853e-04
1.516838874735e-04
1.501176203808e-04
1.501176203808e-04
1.495064932126e-04
1.495064932126e-04
1.491892182307e-04
1.491892182307e-04
1.491333624112e-04
1.491333624112e-04
1.488811618163e-04
1.488811618163e-04
1.476694753699e-04
1.471545690685e-04
1.466212717291e-04
1.466212717291e-04
1.463832607501e-04
1.463832607501e-04
1.463735328792e-04
1.463735328792e-04
1.459144751083e-04
1.456927347471e-04
1.453648687334e-04
1.453648687334e-04
1.447178375446e-04
1.447178375446e-04
1.440555931598e-04
1.440309292683e-04
1.440309292683e-04
1.433906155100e-04
1.433299848338e-04
1.433299848338e-04
1.425112273906e-04
1.425076126362e-04
1.425076126362e-04
1.400929214353e-04
1.396441633072e-04
1.396441633072e-04
1.393884918117e-04
1.393884918117e-04
1.390729100598e-04
1.390729100598e-04
1.384712376443e-04
1.383860323240e-04
1.383860323240e-04
1.378647885384e-04
1.370957211488e-04
1.370957211488e-04
1.363902459049e-04
1.363902459049e-04
1.363580996730e-04
1.362721157782e-04
1.362721157782e-04
1.361635242840e-04
1.361635242840e-04
1.346885524623e-04
1.346459381793e-04
1.346459381793e-04
1.345651751465e-04
1.345651751465e-04
1.344878759228e-04
1.333678178202e-04
1.332684167588e-04
1.330882478321e-04
1.330882478321e-04
1.319326300195e-04
1.316304280375e-04
1.316304280375e-04
1.316125076867e-04
1.316125076867e-04
1.307748621842e-04
1.307748621842e-04
1.303466133665e-04
1.303466133665e-04
1.289418228340e-04
1.289418228340e-04
1.288497486699e-04
1.287460570826e-04
1.287460570826e-04
1.286952838816e-04
1.284216324667e-04
1.283485159359e-04
1.283485159359e-04
1.282159587765e-04
1.282159587765e-04
1.275326864960e-04
1.275326864960e-04
1.270711754392e-04
1.269800039800e-04
1.269800039800e-04
1.264723209190e-04
1.261884257808e-04
1.261884257808e-04
1.253719310403e-04
1.251649147724e-04
1.251649147724e-04
1.247973720693e-04
1.247521663297e-04
1.240679343299e-04
1.240679343299e-04
1.235640198208e-04
1.228294826081e-04
1.228294826081e-04
1.227991989828e-04
1.227991989828e-04
1.217809642622e-04
1.213547081914e-04
1.213547081914e-04
1.213521206091e-04
1.213521206091e-04
1.207442216375e-04
1.207442216375e-04
1.202680453921e-04
1.201877223131e-04
1.201877223131e-04
1.198551985795e-04
1.198551985795e-04
1.194492060623e-04
1.190933436830e-04
1.190933436830e-04
1.189019081148e-04
1.184163937157e-04
1.184163937157e-04
1.181525620935e-04
1.181525620935e-04
1.164844082351e-04
1.164844082351e-04
1.152988607725e-04
1.150051099082e-04
1.150051099082e-04
1.147249759378e-04
1.147249759378e-04
1.145224938117e-04
1.142552983132e-04
1.136650652570e-04
1.136650652570e-04
1.134073745209e-04
1.134073745209e-04
1.133889507606e-04
1.132116259712e-04
1.131400503077e-04
1.131400503077e-04
1.128948659564e-04
1.128948659564e-04
1.122177452006e-04
1.120665163644e-04
1.120665163644e-04
1.120328625917e-04
1.116678396895e-04
1.116678396895e-04
1.112685852307e-04
1.112685852307e-04
1.108051628599e-04
1.104938685452e-04
1.104938685452e-04
1.103020805808e-04
1.094794252712e-04
1.087279399021e-04
1.085699260981e-04
1.085699260981e-04
1.077866707253e-04
1.076637216644e-04
1.076637216644e-04
1.075527014605e-04
1.069648343198e-04
1.069648343198e-04
1.069367561004e-04
1.069367561004e-04
1.068493461877e-04
1.066576156831e-04
1.058055353262e-04
1.058055353262e-04
1.053608103315e-04
1.053608103315e-04
1.050077368340e-04
1.047760353767e-04
1.047760353767e-04
1.037899416176e-04
1.037899416176e-04
1.032367423513e-04
1.032367423513e-04
1.026123521250e-04
1.023935703923e-04
1.023935703923e-04
1.023498412472e-04
1.020061250002e-04
1.020061250002e-04
1.009533088159e-04
1.007445925613e-04
1.007445925613e-04
1.004609847132e-04
1.004609847132e-04
1.003800699843e-04
1.003800699843e-04
1.003066311856e-04
1.003066311856e-04
9.962212422103e-05
9.962212422103e-05
9.959867147403e-05
9.925316691785e-05
9.824096281377e-05
9.785740568081e-05
9.785538335553e-05
9.778193545193e-05
9.774149865933e-05
9.711263560756e-05
9.711263560756e-05
9.617633454074e-05
9.617633454074e-05
9.585701134126e-05
9.585701134126e-05
9.542309955827e-05
9.531775298018e-05
9.531775298018e-05
9.483824190114e-05
9.483824190114e-05
9.422452750390e-05
9.422452750390e-05
9.421968495045e-05
9.421968495045e-05
9.408677427900e-05
9.399431962785e-05
9.385748740688e-05
9.385748740688e-05
9.375038505165e-05
9.295768885084e-05
9.295768885084e-05
9.201074631451e-05
9.109823280848e-05
9.098615554074e-05
9.098615554074e-05
9.048002378292e-05
9.048002378292e-05
9.017317648523e-05
9.017317648523e-05
8.990725830886e-05
8.990725830886e-05
8.931743847810e-05
8.931743847810e-05
8.906821901666e-05
8.906821901666e-05
8.881169389224e-05
8.881169389224e-05
8.851543061577e-05
8.851543061577e-05
8.827288263711e-05
8.817796365025e-05
8.817796365025e-05
8.809712097638e-05
8.809712097638e-05
8.791914677296e-05
8.752712235917e-05
8.743363576488e-05
8.743363576488e-05
8.738962263163e-05
8.738962263163e-05
8.705463414911e-05
8.705463414911e-05
8.680262836020e-05
8.653590132544e-05
8.612372250207e-05
8.612372250207e-05
8.549037816765e-05
8.549037816765e-05
8.485461927398e-05
8.423718221634e-05
8.423718221634e-05
8.397196840615e-05
8.391281678328e-05
8.334813754012e-05
8.334813754012e-05
8.309915997587e-05
8.309915997587e-05
8.267962873689e-05
8.244651291655e-05
8.241863466274e-05
8.241863466274e-05
8.187798882343e-05
8.187798882343e-05
8.154999691905e-05
8.111046442997e-05
8.102100499181e-05
8.102100499181e-05
8.096763019325e-05
8.096763019325e-05
8.075408866573e-05
8.075408866573e-05
8.056915655579e-05
8.056915655579e-05
8.006793915150e-05
7.990056961424e-05
7.924863177457e-05
7.924863177457e-05
7.843790745764e-05
7.843790745764e-05
7.769569492418e-05
7.769569492418e-05
7.760474023044e-05
7.760474023044e-05
7.738943523355e-05
7.732448576883e-05
7.732448576883e-05
7.654122946373e-05
7.654122946373e-05
7.648218077645e-05
7.636734062522e-05
7.636734062522e-05
7.625466941313e-05
7.625466941313e-05
7.607315334501e-05
7.581012686302e-05
7.581012686302e-05
7.550389835240e-05
7.509650061044e-05
7.509650061044e-05
7.502542531239e-05
7.401612006870e-05
7.401612006870e-05
7.388183587425e-05
7.388183587425e-05
7.379205390881e-05
7.379205390881e-05
7.374008285137e-05
7.366855533755e-05
7.341577388377e-05
7.331918323505e-05
7.331918323505e-05
7.327198020014e-05
7.320194343976e-05
7.320194343976e-05
7.232586319528e-05
7.180938613581e-05
7.180938613581e-05
7.130404010330e-05
7.118317820266e-05
7.118317820266e-05
7.096599087421e-05
7.090408995047e-05
7.079353718316e-05
7.071133501993e-05
7.071133501992e-05
7.056737111944e-05
7.056737111944e-05
7.038557965567e-05
7.038557965566e-05
7.025262494556e-05
7.025262494556e-05
6.978744408689e-05
6.978744408689e-05
6.946881040292e-05
6.890686738858e-05
6.884093687267e-05
6.884093687267e-05
6.883636209679e-05
6.883636209679e-05
6.840956308638e-05
6.840956308638e-05
6.840050423973e-05
6.840050423973e-05
6.831011170598e-05
6.831011170598e-05
6.818870330823e-05
6.677239251755e-05
6.637458742598e-05
6.637458742598e-05
6.568771326831e-05
6.563744029681e-05
6.499309581035e-05
6.499309581035e-05
6.417032351440e-05
6.417032351440e-05
6.413229039010e-05
6.413229039010e-05
6.391607354657e-05
6.365952265706e-05
6.365952265706e-05
6.322629540190e-05
6.322629540190e-05
6.306399356682e-05
6.306343632098e-05
6.306343632098e-05
6.296377606431e-05
6.252175512790e-05
6.252175512790e-05
6.238219206750e-05
6.238219206749e-05
6.196899348981e-05
6.196899348981e-05
6.182293032723e-05
6.127594684573e-05
6.127594684573e-05
6.120939873095e-05
6.120939873095e-05
6.098727050870e-05
6.098727050870e-05
6.046672934299e-05
6.046672934299e-05
6.022005187771e-05
6.008591140364e-05
6.008591140364e-05
5.978934905589e-05
5.978934905588e-05
5.964855975793e-05
5.956560760654e-05
5.956560760654e-05
5.948780207628e-05
5.948780207628e-05
5.937044103092e-05
5.920374931098e-05
5.920374931098e-05
5.900893145209e-05
5.889095871620e-05
5.889095871620e-05
5.860545072782e-05
5.810543025579e-05
5.810543025579e-05
5.788255453107e-05
5.786915154935e-05
5.749138271969e-05
5.749138271969e-05
5.746803590122e-05
5.746803590122e-05
5.721715197247e-05
5.721715197246e-05
5.714212218599e-05
5.714212218599e-05
5.702264559055e-05
5.702264559055e-05
5.677204682361e-05
5.677204682361e-05
5.665282956730e-05
5.619337279623e-05
5.619337279623e-05
5.567937026366e-05
5.543141165806e-05
5.543141165806e-05
5.542735066009e-05
5.533807633477e-05
5.533807633476e-05
5.530127434200e-05
5.530127434200e-05
5.480124273027e-05
5.480124273027e-05
5.430502154405e-05
5.411864082691e-05
5.411864082691e-05
5.376317118010e-05
5.364544533789e-05
5.358046779561e-05
5.358046779561e-05
5.348189945268e-05
5.339381009045e-05
5.303248747178e-05
5.303248747178e-05
5.281015991804e-05
5.281015991804e-05
5.266563089200e-05
5.231589908128e-05
5.231589908128e-05
5.210530214488e-05
5.199545634957e-05
5.187842769381e-05
5.187842769381e-05
5.153190452051e-05
5.153190452051e-05
5.103074172381e-05
5.088019100271e-05
5.088019100271e-05
5.057314004188e-05
5.057314004188e-05
5.052229462149e-05
5.052229462149e-05
5.017980828121e-05
5.009324625954e-05
5.009324625954e-05
5.003554605327e-05
4.968085346631e-05
4.968085346630e-05
4.964776321368e-05
4.840558513523e-05
4.840558513523e-05
4.815085309943e-05
4.794218723368e-05
4.794218723367e-05
4.791063043260e-05
4.791063043260e-05
4.788354081247e-05
4.784316582895e-05
4.745668300517e-05
4.745668300517e-05
4.711472452095e-05
4.711472452095e-05
4.692367558915e-05
4.692367558915e-05
4.678932787815e-05
4.678932787815e-05
4.649988846855e-05
4.615558928244e-05
4.615558928244e-05
4.555500947404e-05
4.550727054079e-05
4.550727054079e-05
4.535245718295e-05
4.520719579696e-05
4.520719579696e-05
4.516509965091e-05
4.516509965091e-05
4.511959116066e-05
4.475351697429e-05
4.454131601782e-05
4.454131601782e-05
4.442731605384e-05
4.442731605384e-05
4.429475922146e-05
4.429475922146e-05
4.418429439757e-05
4.418429439757e-05
4.385559677724e-05
4.385559677724e-05
4.321308539582e-05
4.298227594674e-05
4.291600441043e-05
4.291600441043e-05
4.288957627633e-05
4.288957627633e-05
4.273677963416e-05
4.273677963416e-05
4.182580030360e-05
4.182580030360e-05
4.171836340950e-05
4.171836340950e-05
4.164786333701e-05
4.156732200582e-05
4.156732200582e-05
4.151093962551e-05
4.141147942283e-05
4.141147942283e-05
4.113515886630e-05
4.106550501226e-05
4.106550501226e-05
4.105605978124e-05
4.088052782760e-05
4.088052782760e-05
4.053774665036e-05
4.053774665036e-05
3.985196222681e-05
3.985196222681e-05
3.982867422825e-05
3.982867422825e-05
3.969908135992e-05
3.963350646212e-05
3.949191629057e-05
3.948954448033e-05
3.948954448033e-05
3.908404514555e-05
3.908404514555e-05
3.899662019577e-05
3.899662019577e-05
3.882699642024e-05
3.882699642024e-05
3.840830952987e-05
3.840830952987e-05
3.829912740151e-05
3.829912740151e-05
3.820695559318e-05
3.814938124319e-05
3.776109853237e-05
3.756365437067e-05
3.756365437067e-05
3.715532798607e-05
3.715532798607e-05
3.694463524271e-05
3.691714711525e-05
3.682460132198e-05
3.671491715002e-05
3.671491715002e-05
3.658010501640e-05
3.658010501640e-05
3.631634176707e-05
3.608229360398e-05
3.608229360398e-05
3.607350545067e-05
3.607350545067e-05
3.597202569533e-05
3.597202569533e-05
3.596592989182e-05
3.596592989182e-05
3.567400134008e-05
3.567400134007e-05
3.560766823997e-05
3.560766823997e-05
3.529873292476e-05
3.524419813915e-05
3.474994170340e-05
3.474994170340e-05
3.442212669418e-05
3.432754630234e-05
3.432754630234e-05
3.432624917607e-05
3.413198407647e-05
3.413198407647e-05
3.409689717510e-05
3.409689717510e-05
3.403973599821e-05
3.390473886599e-05
3.389112352088e-05
3.389112352088e-05
3.388866191649e-05
3.388866191649e-05
3.370183113940e-05
3.355498644248e-05
3.355498644248e-05
3.346315526814e-05
3.296521123588e-05
3.296521123588e-05
3.281715873076e-05
3.281715873075e-05
3.277697615966e-05
3.277697615966e-05
3.255456198000e-05
3.241792796602e-05
3.241792796602e-05
3.240754728803e-05
3.213040479727e-05
3.213040479727e-05
3.167853396320e-05
3.156688623342e-05
3.156688623342e-05
3.147878525773e-05
3.147878525773e-05
3.132945007116e-05
3.132945007116e-05
3.111808149701e-05
3.111135162970e-05
3.096593520754e-05
3.096593520754e-05
3.093912600329e-05
3.093912600328e-05
3.041174523733e-05
3.041174523733e-05
3.031022407644e-05
3.027206952857e-05
3.018230125509e-05
3.018230125509e-05
2.997565227112e-05
2.997565227112e-05
2.974665990100e-05
2.974665990100e-05
2.971746664023e-05
2.971746664023e-05
2.970029082075e-05
2.942196413445e-05
2.931869432915e-05
2.927442403556e-05
2.927442403556e-05
2.927132345903e-05
2.927132345903e-05
2.910030682646e-05
2.910030682646e-05
2.858508455036e-05
2.858508455035e-05
2.841609696131e-05
2.841609696131e-05
2.819368907654e-05
2.815122889564e-05
2.815122889564e-05
2.788544782242e-05
2.788544782242e-05
2.783944775402e-05
2.783944775402e-05
2.763210979438e-05
2.756649767765e-05
2.756649767765e-05
2.739875457933e-05
2.732816108396e-05
2.724497715248e-05
2.710443308331e-05
2.710443308331e-05
2.674132494303e-05
2.670273763937e-05
2.661881742178e-05
2.661881742178e-05
2.648469145859e-05
2.648469145859e-05
2.609603620803e-05
2.609603620803e-05
2.601430922115e-05
2.601430922115e-05
2.597661472602e-05
2.595091368282e-05
2.577160586655e-05
2.577160586655e-05
2.536080369402e-05
2.536080369402e-05
2.534300798764e-05
2.527496321159e-05
2.527496321158e-05
2.521153290068e-05
2.521153290068e-05
2.515248284505e-05
2.515248284505e-05
2.508790656176e-05
2.500092862655e-05
2.500092862655e-05
2.492322246702e-05
2.492322246702e-05
2.479675684192e-05
2.479675684192e-05
2.437132887076e-05
2.428965391046e-05
2.413988254659e-05
2.413988254659e-05
2.402592991002e-05
2.402592991002e-05
2.394151886734e-05
2.392688787827e-05
2.392688787827e-05
2.385382583386e-05
2.385382583385e-05
2.376777292495e-05
2.359223776547e-05
2.359223776547e-05
2.351801237513e-05
2.351801237513e-05
2.309454894009e-05
2.309454894009e-05
2.285858568773e-05
2.282816450989e-05
2.282816450989e-05
2.271192137778e-05
2.271192137778e-05
2.270384999698e-05
2.266748464750e-05
2.257287762068e-05
2.247397632508e-05
2.204977951830e-05
2.204977951830e-05
2.197957398345e-05
2.183638779180e-05
2.177943598906e-05
2.177943598905e-05
2.174622237994e-05
2.170994226702e-05
2.170994226702e-05
2.154984508512e-05
2.154984508512e-05
2.147362764902e-05
2.114516103901e-05
2.112643237480e-05
2.112643237480e-05
2.110519675814e-05
2.110519675814e-05
2.097587032437e-05
2.097587032437e-05
2.053794903750e-05
2.053794903750e-05
2.035265018641e-05
2.033615205492e-05
2.033615205492e-05
2.029519853758e-05
2.029519853757e-05
2.020163323865e-05
2.020163323865e-05
2.005932249990e-05
2.005932249990e-05
2.002611941480e-05
1.998998650381e-05
1.998998650381e-05
1.997594428400e-05
1.997594428400e-05
1.981008958881e-05
1.981008958880e-05
1.961135328577e-05
1.961135328576e-05
1.952857148089e-05
1.947402750158e-05
1.938093376371e-05
1.938093376371e-05
1.936545609912e-05
1.936545609912e-05
1.926647683356e-05
1.901176556041e-05
1.892230478210e-05
1.892230478210e-05
1.883286448368e-05
1.873415162925e-05
1.873415162925e-05
1.871107740559e-05
1.868516377693e-05
1.863536944975e-05
1.859283354579e-05
1.856294887361e-05
1.856294887361e-05
1.833700534341e-05
1.833700534341e-05
1.826289864208e-05
1.826289864208e-05
1.800362440420e-05
1.800362440420e-05
1.799484979904e-05
1.799484979904e-05
1.797541119626e-05
1.797541119626e-05
1.786250061197e-05
1.778172390900e-05
1.761916768981e-05
1.761916768981e-05
1.757775786562e-05
1.747231003575e-05
1.747231003575e-05
1.740224437091e-05
1.740224437091e-05
1.737396479005e-05
1.737396479005e-05
1.731688748734e-05
1.731688748734e-05
1.724870667948e-05
1.720378517079e-05
1.716896379966e-05
1.716896379966e-05
1.715267925323e-05
1.696179654954e-05
1.681984377708e-05
1.677494781124e-05
1.663097558632e-05
1.652007723261e-05
1.652007723261e-05
1.624046979965e-05
1.624046979965e-05
1.619421171412e-05
1.619421171412e-05
1.604329973821e-05
1.604329973821e-05
1.598355598112e-05
1.598355598112e-05
1.581867655858e-05
1.581867655858e-05
1.565686726491e-05
1.560124819680e-05
1.560124819680e-05
1.548031606994e-05
1.537686731690e-05
1.534011238787e-05
1.518434506642e-05
1.517223780688e-05
1.517223780688e-05
1.517173354355e-05
1.514515056777e-05
1.514515056777e-05
1.512381591407e-05
1.509219611890e-05
1.509219611890e-05
1.502169920420e-05
1.502169920420e-05
1.500891916305e-05
1.489628544500e-05
1.489628544500e-05
1.487302318566e-05
1.471311668635e-05
1.467626341652e-05
1.467626341652e-05
1.467315252673e-05
1.467315252673e-05
1.463948131846e-05
1.463948131846e-05
1.426821796247e-05
1.424620553258e-05
1.424620553258e-05
1.408504169840e-05
1.408504169840e-05
1.387273494058e-05
1.387273494058e-05
1.385381733201e-05
1.380983259319e-05
1.380983259319e-05
1.380460733312e-05
1.370128195049e-05
1.370128195049e-05
1.367856699165e-05
1.367856699165e-05
1.360204788819e-05
1.360204788819e-05
1.356466958380e-05
1.338031189139e-05
1.338031189139e-05
1.326585984093e-05
1.321251795287e-05
1.321251795287e-05
1.309601577691e-05
1.309601577691e-05
1.296744556983e-05
1.296744556983e-05
1.294333518352e-05
1.294333518352e-05
1.280945976921e-05
1.280945976921e-05
1.279613589521e-05
1.274083347777e-05
1.262807353303e-05
1.262807353303e-05
1.255225784308e-05
1.218246361190e-05
1.218246361190e-05
1.209724749838e-05
1.209724749838e-05
1.209197972815e-05
1.205562328406e-05
1.205562328405e-05
1.204423061502e-05
1.192158049321e-05
1.192158049321e-05
1.189783328172e-05
1.189783328172e-05
1.180598405590e-05
1.180170730376e-05
1.180170730376e-05
1.168497926381e-05
1.168497926381e-05
1.149413437334e-05
1.149413437334e-05
1.105346043985e-05
1.097956140909e-05
1.095619165294e-05
1.095619165294e-05
1.091160140820e-05
1.091160140820e-05
1.090248252121e-05
1.088920591962e-05
1.088920591962e-05
1.083904625126e-05
1.083904625126e-05
1.079778669595e-05
1.079778669595e-05
1.074847394862e-05
1.074847394862e-05
1.063588902184e-05
1.057482612575e-05
1.057482612575e-05
1.055943766752e-05
1.040450703088e-05
1.032691720305e-05
1.032691720305e-05
1.024419373726e-05
1.024419373726e-05
1.019873050560e-05
1.015288025633e-05
1.014844196623e-05
1.014844196623e-05
1.012946305758e-05
1.012946305758e-05
1.003571414043e-05
1.003571414043e-05
9.757372367386e-06
9.686034546725e-06
9.624181078370e-06
9.624181078369e-06
9.579233758948e-06
9.564840809508e-06
9.564840809508e-06
9.519866005513e-06
9.519866005512e-06
9.400286705586e-06
9.400286705585e-06
9.204668886435e-06
9.204668886434e-06
9.125729050490e-06
9.099095017320e-06
8.992755608150e-06
8.992755608150e-06
8.917697150288e-06
8.917697150288e-06
8.756658616293e-06
8.756658616293e-06
8.693085689225e-06
8.693085689224e-06
8.665380819210e-06
8.665380819208e-06
8.647379345436e-06
8.647379345436e-06
8.601302001085e-06
8.454733605305e-06
8.454733605304e-06
8.408041630349e-06
8.392638088070e-06
8.392638088070e-06
8.284346986942e-06
8.245188649243e-06
8.245188649242e-06
8.238338407193e-06
8.238338407192e-06
8.226840354935e-06
8.226840354933e-06
8.171399490974e-06
8.171399490974e-06
8.141636633296e-06
8.141636633295e-06
8.041747511164e-06
8.040083584659e-06
8.040083584659e-06
8.035006993310e-06
8.035006993308e-06
7.951370955184e-06
7.853260712110e-06
7.781126328747e-06
7.712122664836e-06
7.691013571721e-06
7.631035870164e-06
7.631035870164e-06
7.620777656585e-06
7.620777656584e-06
7.540298224205e-06
7.540298224204e-06
7.490725122940e-06
7.490725122940e-06
7.434502205919e-06
7.434502205919e-06
7.294990389749e-06
7.294990389748e-06
7.271115217959e-06
7.262404118190e-06
7.188865877501e-06
7.188865877501e-06
7.127458354919e-06
7.083145917141e-06
7.028136575273e-06
7.025377279676e-06
7.013777915724e-06
7.013777915724e-06
6.938786279865e-06
6.938786279865e-06
6.853794045399e-06
6.827861824066e-06
6.827861824062e-06
6.630434122088e-06
6.630434122087e-06
6.616093838768e-06
6.616093838768e-06
6.575991097071e-06
6.575991097070e-06
6.569218281110e-06
6.569218281109e-06
6.454658873180e-06
6.454658873180e-06
6.426631981553e-06
6.426631981552e-06
6.401576265703e-06
6.401576265699e-06
6.308715864402e-06
6.308715864401e-06
6.294260561577e-06
6.168007657095e-06
6.059387468828e-06
6.003537353013e-06
6.001270413215e-06
5.919182974626e-06
5.919182974625e-06
5.790328993730e-06
5.790328993730e-06
5.761068253016e-06
5.761068253016e-06
5.728524833582e-06
5.728524833580e-06
5.665714427512e-06
5.665714427511e-06
5.627731677665e-06
5.592924874943e-06
5.576867065581e-06
5.576867065580e-06
5.564068411011e-06
5.545276559112e-06
5.545276559111e-06
5.511579797260e-06
5.511579797260e-06
5.407191544442e-06
5.407191544441e-06
5.265738272257e-06
5.265738272257e-06
5.216431559187e-06
5.216431559186e-06
5.090337530346e-06
5.076318507432e-06
5.010586801013e-06
5.010586801012e-06
4.953776668411e-06
4.953776668411e-06
4.854925635490e-06
4.854925635490e-06
4.816193580102e-06
4.816193580101e-06
4.814082492313e-06
4.814082492312e-06
4.747252809248e-06
4.747252809248e-06
4.701711976742e-06
4.701711976742e-06
4.684450252667e-06
4.653377126501e-06
4.653377126500e-06
4.644031142772e-06
4.630057107998e-06
4.489005100019e-06
4.440458068333e-06
4.440458068332e-06
4.369298411375e-06
4.353627360511e-06
4.353627360511e-06
4.328115739607e-06
4.328115739605e-06
4.249767754825e-06
4.249767754825e-06
4.200922864787e-06
4.175864304965e-06
4.175864304965e-06
4.038400675262e-06
4.038400675262e-06
4.021248904682e-06
4.003756540284e-06
4.003756540283e-06
3.986430228963e-06
3.971925609683e-06
3.971925609682e-06
3.854477834505e-06
3.854477834503e-06
3.842234552381e-06
3.842234552379e-06
3.678828067271e-06
3.671782430416e-06
3.671782430415e-06
3.603864665532e-06
3.603864665531e-06
3.542290435150e-06
3.474633642331e-06
3.474633642329e-06
3.463922741123e-06
3.463922741122e-06
3.366882947537e-06
3.366882947536e-06
3.360348085903e-06
3.348388370005e-06
3.348388370005e-06
3.297942487822e-06
3.297942487822e-06
3.268023083634e-06
3.268023083633e-06
3.248784869556e-06
3.248784869555e-06
3.174852231797e-06
3.066439457429e-06
3.066439457429e-06
3.037793942384e-06
3.037793942384e-06
2.947527900206e-06
2.876746106129e-06
2.854454274400e-06
2.854454274399e-06
2.736888695928e-06
2.736888695928e-06
2.717647065372e-06
2.717647065370e-06
2.717557700789e-06
2.717557700787e-06
2.704749140435e-06
2.704749140434e-06
2.638780241618e-06
2.632507853659e-06
2.632507853658e-06
2.548271092382e-06
2.548271092380e-06
2.543143374182e-06
2.491933655571e-06
2.481002821541e-06
2.481002821540e-06
2.477566517160e-06
2.475869553663e-06
2.475869553663e-06
2.360263939195e-06
2.360263939194e-06
2.358208525522e-06
2.358208525522e-06
2.292902648454e-06
2.175889570607e-06
2.175889570606e-06
2.153425430659e-06
2.153425430658e-06
2.127730386480e-06
2.127730386480e-06
2.010468671231e-06
2.010468671230e-06
1.993495468423e-06
1.993495468421e-06
1.990216021559e-06
1.990216021559e-06
1.939068075108e-06
1.939068075106e-06
1.857001652297e-06
1.852755686549e-06
1.852755686548e-06
1.819477790335e-06
1.803022547544e-06
1.764141083610e-06
1.764141083608e-06
1.734135671457e-06
1.734135671456e-06
1.715601335015e-06
1.715601335014e-06
1.704732559170e-06
1.704732559169e-06
1.665106619491e-06
1.665106619490e-06
1.545294199051e-06
1.515209648966e-06
1.515209648962e-06
1.493686545849e-06
1.493686545848e-06
1.490207169976e-06
1.409104325414e-06
1.400394217264e-06
1.400394217262e-06
1.307652113321e-06
1.237450686919e-06
1.237450686919e-06
1.170203970605e-06
1.170203970605e-06
1.118271641028e-06
1.118271641026e-06
1.109154650452e-06
1.109154650451e-06
1.086813265743e-06
1.070866971616e-06
1.069745096041e-06
1.053599596244e-06
1.053599596243e-06
1.047985739138e-06
1.047985739138e-06
1.042524834470e-06
1.042524834469e-06
9.919916164045e-07
9.844848767417e-07
9.844848767394e-07
9.666865763980e-07
9.666865763958e-07
8.630729160778e-07
8.630729160771e-07
8.020275736131e-07
8.020275736125e-07
7.882925656419e-07
7.882925656415e-07
7.777748806488e-07
7.777748806477e-07
7.725031535289e-07
7.622070070755e-07
7.599721742782e-07
7.036912196948e-07
5.955899137087e-07
5.955899137085e-07
5.759112452406e-07
5.759112452398e-07
5.606555717976e-07
5.606555717969e-07
5.562253185409e-07
5.562253185396e-07
5.561158000736e-07
5.561158000729e-07
4.294835209316e-07
4.294835209301e-07
3.590580896134e-07
3.299493944116e-07
3.299493944115e-07
3.188853823866e-07
3.188853823861e-07
3.092804088694e-07
2.970518620774e-07
2.970518620760e-07
2.795412686220e-07
2.795412686204e-07
2.739278667211e-07
2.739278667204e-07
2.641167098294e-07
2.637183517600e-07
2.429432999233e-07
2.284251946096e-07
2.284251946069e-07
1.918220012965e-07
1.918220012944e-07
8.891124086280e-19
3.174471071526e-19
