#lambda_0=9.831275184500e-01
1.000000000000e+00
1.213928160975e-02
1.213863217088e-02
1.210002294570e-02
1.209872163079e-02
1.207154997188e-02
1.207046454731e-02
1.207046064400e-02
1.206910626726e-02
1.206497744440e-02
1.206396821381e-02
1.205781916408e-02
1.205318723011e-02
1.204799527122e-02
1.204663192584e-02
1.204620212171e-02
1.204595843061e-02
1.204260142836e-02
1.203912802828e-02
1.203210575436e-02
1.202919595829e-02
1.202870171925e-02
1.201954246563e-02
1.201673708930e-02
1.201629568114e-02
1.201374741959e-02
1.200859578879e-02
1.200393431498e-02
1.199856666574e-02
1.199798888355e-02
1.199749808836e-02
1.199533240424e-02
1.199312123184e-02
1.199246096053e-02
1.199094783224e-02
1.198094501301e-02
1.197706945938e-02
1.197628964129e-02
1.197295413725e-02
1.197026227100e-02
1.196109388148e-02
1.196007643253e-02
1.195563144327e-02
1.195291535659e-02
1.194723513178e-02
1.194591915427e-02
1.194343943919e-02
1.193694410429e-02
1.193413295517e-02
1.192912774862e-02
1.192763834496e-02
1.191416989032e-02
1.191008409726e-02
1.190383996678e-02
1.190288585298e-02
1.190151526874e-02
1.189997107092e-02
1.187539231110e-02
1.187212883301e-02
1.185225970712e-02
1.184817491158e-02
1.183262395845e-02
1.182790358317e-02
1.182759714886e-02
1.182336431888e-02
1.178617845189e-02
1.177977445908e-02
1.174610079961e-02
1.174144075034e-02
1.173287172502e-02
1.172610490295e-02
1.171996063729e-02
1.170268740986e-02
1.166619840035e-02
1.165386286943e-02
1.165172740661e-02
1.164528599620e-02
1.158672618968e-02
1.158313791466e-02
1.155692864140e-02
1.155019063370e-02
1.153916239311e-02
1.153750632962e-02
1.150011719300e-02
1.149961103695e-02
1.148332686318e-02
1.148003472894e-02
1.146608795276e-02
1.145553216798e-02
1.145165435868e-02
1.143785059217e-02
1.143481923358e-02
1.142878243491e-02
1.140480933943e-02
1.137494345975e-02
1.134978049579e-02
1.131236055082e-02
1.131160685505e-02
1.127363449320e-02
1.125612582620e-02
1.125052945853e-02
1.124710369798e-02
1.121716544737e-02
1.120070569504e-02
1.118842331763e-02
1.106705676366e-02
1.104386910978e-02
1.104220484560e-02
1.103878840404e-02
1.100036317573e-02
1.099138493199e-02
1.098626202113e-02
1.096587531209e-02
1.091286180222e-02
1.088413940079e-02
1.084079887848e-02
1.083806201612e-02
1.076169975523e-02
1.065450358073e-02
1.061045240731e-02
1.057136806885e-02
1.044853282387e-02
1.041843652928e-02
1.034676915117e-02
1.018123054194e-02
1.011282982092e-02
1.000037362884e-02
9.954298544164e-03
9.920515895979e-03
9.748443152786e-03
9.739349432584e-03
9.676049738768e-03
9.656465865813e-03
9.600658217410e-03
9.597193456288e-03
9.594341742086e-03
9.570775961942e-03
9.179273098768e-03
9.084351653992e-03
8.801713917286e-03
8.694525988714e-03
8.543470033496e-03
8.510329030151e-03
8.296924289340e-03
8.174741845607e-03
7.582687125389e-03
7.487635574067e-03
6.936563418342e-03
6.743309238648e-03
6.201658847630e-03
6.073626045128e-03
5.912689768790e-03
5.773391157390e-03
5.672536810623e-03
5.619488709130e-03
5.546985948715e-03
5.515538476306e-03
4.964584448241e-03
4.870551661095e-03
4.771013783252e-03
4.713897790723e-03
4.226876639110e-03
4.206433183750e-03
4.151025313163e-03
4.088854933750e-03
3.047092104873e-03
2.959078155137e-03
2.394227487047e-03
2.301445985599e-03
2.023973336553e-03
1.996405167562e-03
1.923151240693e-03
1.904643849819e-03
1.697896325184e-03
1.647665280821e-03
1.606563121411e-03
1.526071916276e-03
1.388136968417e-03
1.383363860238e-03
1.333847034771e-03
1.294028354393e-03
1.151843816822e-03
1.137287971328e-03
1.136066836433e-03
1.119117551504e-03
1.071744212225e-03
1.046920495884e-03
1.005760572279e-03
9.655730095940e-04
9.489904966742e-04
9.433484534201e-04
9.201337824193e-04
9.061867727025e-04
8.231395323238e-04
7.953335672480e-04
7.569289125181e-04
7.298642578611e-04
7.177180061299e-04
7.076523454574e-04
6.603613846233e-04
6.458163145441e-04
6.018709540972e-04
5.737978498811e-04
5.711733920214e-04
5.553372428870e-04
5.151824536992e-04
4.830513647753e-04
4.501645791475e-04
4.426782044751e-04
4.064492730553e-04
3.795288893572e-04
3.738995608917e-04
3.726038453209e-04
3.664894081638e-04
3.550745021965e-04
3.484145580649e-04
3.473300453164e-04
3.260899987123e-04
3.001756726860e-04
2.898660796588e-04
2.747370328704e-04
2.545599832151e-04
2.448813885597e-04
2.316041554563e-04
2.187487112010e-04
2.141938016261e-04
1.911679778179e-04
1.856961815080e-04
1.782996787634e-04
1.645070885283e-04
1.582629532686e-04
1.559611370846e-04
1.495744639223e-04
1.435441675227e-04
1.384361428441e-04
1.370851791959e-04
1.242475770876e-04
1.191761960073e-04
1.129625093137e-04
1.103185056608e-04
1.041291485887e-04
8.219320428093e-05
7.409657822547e-05
7.306279643226e-05
6.852643550078e-05
4.539581191873e-05
3.170995646010e-05
2.940096688588e-05
2.515804437826e-05
2.034224547496e-05
1.411833992496e-05
1.253191568791e-05
1.186397517276e-05
2.580454266973e-06
2.283203275018e-06
1.204168863122e-06
1.180826066431e-06
1.120469867831e-06
5.587407718141e-07
3.724611676845e-07
3.623703527130e-07
3.199255574551e-07
3.190161557561e-07
2.821627001235e-07
2.607753053885e-07
2.411380684185e-07
2.363619843223e-07
2.288491849906e-07
2.090672845171e-07
1.988268498962e-07
1.839649306040e-07
1.768662652453e-07
1.420015870746e-07
1.216512018610e-07
1.116461684049e-07
9.822875437926e-08
9.694672819465e-08
9.462512689979e-08
9.190956396275e-08
8.809668352923e-08
8.675381452249e-08
8.273077259035e-08
7.793326936862e-08
7.725771545475e-08
6.922924144331e-08
6.781341484930e-08
6.561872632584e-08
6.299688073199e-08
5.773933397315e-08
5.566909474736e-08
4.942624916002e-08
4.442296495395e-08
4.279247599602e-08
3.947756646521e-08
3.830171103215e-08
3.596195258037e-08
3.556155879606e-08
3.209813842084e-08
2.986805806533e-08
2.749074709507e-08
2.706599494968e-08
2.650269099982e-08
2.603378532728e-08
2.566181529386e-08
2.495997236257e-08
2.456875536470e-08
2.279999344228e-08
2.267509042077e-08
2.114721473211e-08
2.086193262565e-08
2.032711955768e-08
2.022665084820e-08
1.944520679872e-08
1.910315819204e-08
1.862947795854e-08
1.820008115770e-08
1.792936066063e-08
1.666306364573e-08
1.615273069337e-08
1.613558972738e-08
1.593785990999e-08
1.566997358271e-08
1.543396308498e-08
1.472966842192e-08
1.442297332075e-08
1.433105701202e-08
1.398359911623e-08
1.386942141589e-08
1.372823853017e-08
1.345022864734e-08
1.337035747537e-08
1.328965414665e-08
1.276015564905e-08
1.265967474202e-08
1.237990302829e-08
1.225269669090e-08
1.224327658639e-08
1.174542969758e-08
1.173468275983e-08
1.155682382650e-08
1.153089566898e-08
1.134220738682e-08
1.123261184048e-08
1.107758944003e-08
1.097467428451e-08
1.088546503475e-08
1.064665407581e-08
1.032556474394e-08
1.031945567927e-08
1.018500974515e-08
1.003968018238e-08
9.964708209753e-09
9.818269739373e-09
9.780131167957e-09
9.550002690429e-09
9.504975775099e-09
9.315228085457e-09
9.251647015877e-09
9.204325192853e-09
9.107624334802e-09
8.920406556954e-09
8.850646384670e-09
8.811547676849e-09
8.691602104957e-09
8.649620130029e-09
8.523617250598e-09
8.485808713274e-09
8.320934711298e-09
8.319553401474e-09
7.868548884555e-09
7.789946483681e-09
7.693994175976e-09
7.564388233723e-09
7.465441777998e-09
7.313721633873e-09
7.263183814416e-09
7.244689697038e-09
7.147489849531e-09
7.072003440586e-09
6.928825369406e-09
6.916472170113e-09
6.852781723189e-09
6.613424164951e-09
6.537514597577e-09
6.403545444520e-09
6.343347221394e-09
6.272916574385e-09
6.105225174840e-09
6.095736240021e-09
6.089483159957e-09
6.007977789335e-09
5.957114232185e-09
5.870124799934e-09
5.796231751466e-09
5.735132657008e-09
5.689917165447e-09
5.614228468899e-09
5.485741912799e-09
5.430715753647e-09
5.403457105309e-09
5.374646383408e-09
5.349385070735e-09
5.258809136871e-09
5.174329435807e-09
5.165503046819e-09
5.106719736199e-09
5.037744633569e-09
5.028286996457e-09
4.878068850310e-09
4.837806920249e-09
4.737035091330e-09
4.735003596785e-09
4.712927828418e-09
4.640283333765e-09
4.614234435764e-09
4.546046917189e-09
4.470126253816e-09
4.436926873142e-09
4.422623563659e-09
4.373203506266e-09
4.278077788488e-09
4.229511553345e-09
4.191969551922e-09
4.174069941870e-09
4.110947986610e-09
4.022119447110e-09
4.010319811496e-09
3.970820575885e-09
3.917896293479e-09
3.888982111207e-09
3.850210396783e-09
3.846374425546e-09
3.815421595401e-09
3.806835645060e-09
3.729600748634e-09
3.714485349587e-09
3.663840764737e-09
3.659603681941e-09
3.643922740893e-09
3.613954707993e-09
3.566729206134e-09
3.554453923955e-09
3.540045678183e-09
3.515250721906e-09
3.487119167529e-09
3.438944059488e-09
3.416918772968e-09
3.393220343454e-09
3.382457824969e-09
3.354346399517e-09
3.343759037659e-09
3.301981256889e-09
3.299833987934e-09
3.267714021256e-09
3.248319879430e-09
3.243339406779e-09
3.239276693082e-09
3.220756634479e-09
3.176529284263e-09
3.163054252376e-09
3.159561583274e-09
3.139267420329e-09
3.103835245268e-09
3.081806800288e-09
3.063934206209e-09
3.058972575419e-09
3.048505127932e-09
3.045346088835e-09
3.025418884442e-09
3.016038884853e-09
3.006696433715e-09
2.995083295383e-09
2.975538283435e-09
2.970801208152e-09
2.959064598119e-09
2.943835193233e-09
2.931026118266e-09
2.928205153783e-09
2.917277201597e-09
2.909629062957e-09
2.901705527028e-09
2.886714275807e-09
2.866473964700e-09
2.857330440096e-09
2.828235516205e-09
2.818777117004e-09
2.765827592033e-09
2.739006979059e-09
2.734625172247e-09
2.728649518436e-09
2.724634886439e-09
2.724209577474e-09
2.689260440793e-09
2.688842400612e-09
2.681795963260e-09
2.669303183293e-09
2.656035327505e-09
2.645810874374e-09
2.637692159499e-09
2.626963726703e-09
2.609762397668e-09
2.595347096934e-09
2.594680718967e-09
2.588004374597e-09
2.572903485829e-09
2.556203578238e-09
2.548124630705e-09
2.542292726329e-09
2.532738232455e-09
2.508471851817e-09
2.499487976532e-09
2.495692613771e-09
2.489563170284e-09
2.462932063089e-09
2.456240500276e-09
2.455396398812e-09
2.444582326313e-09
2.440210315013e-09
2.431399769846e-09
2.395800694919e-09
2.394759518302e-09
2.382412069702e-09
2.365456679137e-09
2.353402948204e-09
2.348394094548e-09
2.344702356670e-09
2.333595667195e-09
2.323969534950e-09
2.315208313918e-09
2.303142642613e-09
2.301687310763e-09
2.285354508243e-09
2.278641453140e-09
2.274070414175e-09
2.270811340336e-09
2.264948508536e-09
2.263364620561e-09
2.252060440341e-09
2.251400757519e-09
2.243814085395e-09
2.238280815339e-09
2.227065625612e-09
2.222919288345e-09
2.220752957175e-09
2.218514621737e-09
2.207904037250e-09
2.202706703047e-09
2.200186555475e-09
2.194579959726e-09
2.176411775556e-09
2.174011100416e-09
2.172724951046e-09
2.168425324245e-09
2.164369748371e-09
2.157804633780e-09
2.147601006509e-09
2.137052088389e-09
2.130773213057e-09
2.126018601084e-09
2.121077192863e-09
2.115355225813e-09
2.110038865293e-09
2.108886031057e-09
2.097594807574e-09
2.090611094170e-09
2.090462280795e-09
2.087838688910e-09
2.079296502693e-09
2.067030142376e-09
2.063076873363e-09
2.059178712096e-09
2.055120064011e-09
2.049209254559e-09
2.042111732748e-09
2.040194746533e-09
2.023794834032e-09
2.016804336125e-09
2.012224967946e-09
2.011426712427e-09
1.999177722725e-09
1.991336440148e-09
1.976417936895e-09
1.976362184521e-09
1.971199659170e-09
1.967749881009e-09
1.960963240201e-09
1.960376486328e-09
1.949218597516e-09
1.946937733226e-09
1.945507206332e-09
1.933002213274e-09
1.929392661957e-09
1.927065838902e-09
1.926480940667e-09
1.913735047454e-09
1.906049217374e-09
1.898214776674e-09
1.891285652460e-09
1.890814873213e-09
1.881076396632e-09
1.878255896200e-09
1.875358966605e-09
1.871412618955e-09
1.864601995188e-09
1.864348571451e-09
1.862084741567e-09
1.858537964237e-09
1.852129735846e-09
1.849499154950e-09
1.846656932946e-09
1.844368214416e-09
1.838563330618e-09
1.826294832466e-09
1.824771790080e-09
1.815053224905e-09
1.814924367252e-09
1.811092233773e-09
1.803583820549e-09
1.796071231195e-09
1.795899694928e-09
1.779966107784e-09
1.778755099354e-09
1.773619307429e-09
1.769017026482e-09
1.766520221105e-09
1.764963051656e-09
1.754254364791e-09
1.751236010744e-09
1.744741880569e-09
1.741421455170e-09
1.737834947007e-09
1.731630924835e-09
1.728061710851e-09
1.723106333264e-09
1.719470388738e-09
1.714342016258e-09
1.708565550122e-09
1.702995287649e-09
1.697666437598e-09
1.685634403748e-09
1.685183271767e-09
1.678864714215e-09
1.678721954958e-09
1.676488442041e-09
1.670051962613e-09
1.662902486298e-09
1.652121994110e-09
1.649005395386e-09
1.645948525612e-09
1.633997687872e-09
1.633841351275e-09
1.630930986707e-09
1.626071053919e-09
1.620117271164e-09
1.615786377843e-09
1.613049913638e-09
1.607332189607e-09
1.607320300990e-09
1.595981276218e-09
1.593363596615e-09
1.585802436210e-09
1.579642127427e-09
1.577562405285e-09
1.573996342040e-09
1.572987570387e-09
1.565516233164e-09
1.564877200784e-09
1.553935183440e-09
1.550500731546e-09
1.550312723709e-09
1.543628953715e-09
1.539897686702e-09
1.537536942558e-09
1.528791276925e-09
1.524975693999e-09
1.522987610193e-09
1.522611111823e-09
1.516011691705e-09
1.511530218975e-09
1.505359845878e-09
1.503967453269e-09
1.497623960203e-09
1.491833632458e-09
1.485183251369e-09
1.484265269372e-09
1.477071230647e-09
1.475743106578e-09
1.472524628467e-09
1.471115483340e-09
1.466430480114e-09
1.464427179463e-09
1.463168251339e-09
1.453371151880e-09
1.449601437153e-09
1.444426127268e-09
1.443569986457e-09
1.434272403754e-09
1.434112676146e-09
1.429451145308e-09
1.425039717773e-09
1.418935643629e-09
1.416273498158e-09
1.410181759652e-09
1.408501519925e-09
1.404301528643e-09
1.403615262150e-09
1.400376228190e-09
1.400065106502e-09
1.395258191267e-09
1.392873101890e-09
1.386387569254e-09
1.382807972665e-09
1.379232458886e-09
1.378530503785e-09
1.372293672415e-09
1.369891215276e-09
1.367372072146e-09
1.360623850505e-09
1.358518227788e-09
1.356749501626e-09
1.354106489739e-09
1.348312982172e-09
1.344685740654e-09
1.343896091220e-09
1.341176415660e-09
1.335606248656e-09
1.332080613503e-09
1.322331408236e-09
1.318459291591e-09
1.314761836473e-09
1.314494354476e-09
1.311934965467e-09
1.307952151728e-09
1.298791703214e-09
1.293179517872e-09
1.292486062563e-09
1.287508287996e-09
1.284686181644e-09
1.281831872654e-09
1.279620470969e-09
1.278891729720e-09
1.262456978823e-09
1.259178788287e-09
1.256221212887e-09
1.252996998448e-09
1.252443008751e-09
1.246139903498e-09
1.245782699518e-09
1.239024405722e-09
1.236382018679e-09
1.228075481255e-09
1.220688261202e-09
1.214330534212e-09
1.213464141828e-09
1.204800521906e-09
1.201673306639e-09
1.195495093411e-09
1.194666467435e-09
1.184719415658e-09
1.181290473501e-09
1.177364775355e-09
1.174984805380e-09
1.173034154011e-09
1.168552061963e-09
1.162240187172e-09
1.161976205112e-09
1.154633716123e-09
1.154370737170e-09
1.149520984490e-09
1.141622223953e-09
1.141561820027e-09
1.135934480534e-09
1.130293226344e-09
1.127992347055e-09
1.125214730012e-09
1.124523056150e-09
1.116587355227e-09
1.112807559091e-09
1.109450468000e-09
1.104392552800e-09
1.102874403815e-09
1.094534019136e-09
1.094525507503e-09
1.086342850964e-09
1.086097611044e-09
1.083326622059e-09
1.078716735770e-09
1.074893662957e-09
1.067472482178e-09
1.064604634054e-09
1.062511720009e-09
1.057407144483e-09
1.054477623930e-09
1.047251639510e-09
1.045466577217e-09
1.034881716275e-09
1.034380593472e-09
1.029357522631e-09
1.021785279451e-09
1.014327896726e-09
1.013710170517e-09
1.008629278674e-09
1.003196815620e-09
1.002425160830e-09
1.000953368079e-09
9.919583183455e-10
9.847329438570e-10
9.811242649406e-10
9.795249452746e-10
9.771547416680e-10
9.721224285161e-10
9.685826651201e-10
9.635818657891e-10
9.619800692911e-10
9.536280283491e-10
9.526710205350e-10
9.500245315749e-10
9.461216676975e-10
9.357657800989e-10
9.350512324775e-10
9.309376445101e-10
9.233540819173e-10
9.200434276844e-10
9.197500533799e-10
9.127410597342e-10
9.115132550490e-10
9.067961517378e-10
8.985270710264e-10
8.984982466368e-10
8.825163925643e-10
8.820911452847e-10
8.762081714959e-10
8.727410599323e-10
8.652648817960e-10
8.603666219457e-10
8.594478076846e-10
8.558343709547e-10
8.524347727869e-10
8.467234299953e-10
8.413313728231e-10
8.376728232146e-10
8.320158042497e-10
8.303187118102e-10
8.252742478317e-10
8.245115548386e-10
8.236114948355e-10
8.124293503552e-10
8.113968814271e-10
8.034328262597e-10
7.993608095524e-10
7.944158290439e-10
7.905916505681e-10
7.866674947176e-10
7.793096108343e-10
7.762026805834e-10
7.711755737683e-10
7.692745993070e-10
7.648565880311e-10
7.583701168527e-10
7.562753512199e-10
7.515963179227e-10
7.470197116922e-10
7.442652296025e-10
7.383574429953e-10
7.368414572890e-10
7.350596359105e-10
7.304741304762e-10
7.301570840988e-10
7.274815084708e-10
7.270181119541e-10
7.206293287528e-10
7.135121007976e-10
7.103270375039e-10
7.061522524537e-10
6.978657519002e-10
6.968923416462e-10
6.960825188637e-10
6.924474951257e-10
6.898762252738e-10
6.796146718389e-10
6.760140386777e-10
6.711779804800e-10
6.711305333708e-10
6.694414487636e-10
6.667729055507e-10
6.630416205766e-10
6.596932803533e-10
6.565306985191e-10
6.529544440215e-10
6.514888351186e-10
6.477743909041e-10
6.400476449157e-10
6.356794014024e-10
6.353449456096e-10
6.275560862990e-10
6.272895255202e-10
6.225216941432e-10
6.210956825032e-10
6.136904969088e-10
6.105821317515e-10
6.056158008833e-10
6.005642995877e-10
6.001539943199e-10
5.977300499032e-10
5.941419240056e-10
5.940172726197e-10
5.895576902430e-10
5.875508003709e-10
5.827692109683e-10
5.813479474064e-10
5.800511059052e-10
5.789689453397e-10
5.724130415075e-10
5.707987866159e-10
5.676991447288e-10
5.633601683512e-10
5.610580440848e-10
5.584242410279e-10
5.567041747989e-10
5.497166442111e-10
5.482071455160e-10
5.472941224878e-10
5.440973048199e-10
5.415911197824e-10
5.409304161857e-10
5.389879243283e-10
5.335421284160e-10
5.331908026075e-10
5.315109972006e-10
5.276255747439e-10
5.263544630137e-10
5.240935358234e-10
5.211370923712e-10
5.191660844183e-10
5.174350326882e-10
5.146481004370e-10
5.126989637423e-10
5.079220532696e-10
5.067663872001e-10
5.050395171392e-10
5.046230480892e-10
5.005521108005e-10
4.979702799238e-10
4.946888623522e-10
4.935379306938e-10
4.915986238814e-10
4.878988521481e-10
4.856118486102e-10
4.844080797025e-10
4.820579939224e-10
4.796121723086e-10
4.779714201174e-10
4.754915088830e-10
4.751965890008e-10
4.732618071966e-10
4.698984330448e-10
4.691905241620e-10
4.660422166624e-10
4.657735964625e-10
4.562962608530e-10
4.560893654274e-10
4.548353703914e-10
4.530422308872e-10
4.500534108590e-10
4.466970945982e-10
4.426994071240e-10
4.422666411315e-10
4.405922084942e-10
4.392639848446e-10
4.347824019534e-10
4.330584373752e-10
4.287831356803e-10
4.265892431843e-10
4.265499289682e-10
4.228954451042e-10
4.206341001280e-10
4.184008476887e-10
4.183912443762e-10
4.153398729527e-10
4.131862300443e-10
4.122334688271e-10
4.110093729949e-10
4.088443337617e-10
4.071526063514e-10
4.066406500775e-10
4.035231680063e-10
4.024722478109e-10
3.993589552106e-10
3.954119202661e-10
3.936587056844e-10
3.922377506987e-10
3.920437647144e-10
3.903491281686e-10
3.892664541261e-10
3.868556379449e-10
3.856452887920e-10
3.855449682137e-10
3.849011203711e-10
3.831490146376e-10
3.823692218564e-10
3.805611816552e-10
3.789394406065e-10
3.749875227488e-10
3.736172787894e-10
3.721765140106e-10
3.709448443014e-10
3.698734255947e-10
3.689503604416e-10
3.656647965323e-10
3.651734543246e-10
3.643684058605e-10
3.624353197042e-10
3.610135278222e-10
3.581724461874e-10
3.568158062723e-10
3.538930570047e-10
3.517406750319e-10
3.508733288777e-10
3.497280266432e-10
3.474400918955e-10
3.467820414132e-10
3.437811449870e-10
3.416015246341e-10
3.394635220268e-10
3.392150597766e-10
3.386032536538e-10
3.365142263486e-10
3.360214816954e-10
3.324447621640e-10
3.312926469732e-10
3.304368384240e-10
3.282968392062e-10
3.249640245668e-10
3.245701233839e-10
3.241851947327e-10
3.233117128930e-10
3.220819598762e-10
3.201910521640e-10
3.183464965198e-10
3.179242499809e-10
3.159738701099e-10
3.157696390303e-10
3.138671986355e-10
3.123129210705e-10
3.106202190203e-10
3.103956681596e-10
3.080576584938e-10
3.073984536669e-10
3.059212516575e-10
3.055601762907e-10
3.036129834008e-10
3.026871855523e-10
3.006362569095e-10
2.997715466254e-10
2.987554714121e-10
2.970716354291e-10
2.950488060896e-10
2.940499041639e-10
2.916305535555e-10
2.916023100509e-10
2.893636643622e-10
2.892216310213e-10
2.881593475599e-10
2.865071932593e-10
2.831847181497e-10
2.824737427921e-10
2.815901674435e-10
2.801222929641e-10
2.786219056556e-10
2.772821393194e-10
2.768219203494e-10
2.743153242613e-10
2.726521669152e-10
2.717810502345e-10
2.706899006073e-10
2.694736472584e-10
2.684811151905e-10
2.671261965274e-10
2.655529042049e-10
2.647684756277e-10
2.616898511994e-10
2.608996237134e-10
2.589724174921e-10
2.581466215012e-10
2.569183366678e-10
2.559731362616e-10
2.555900114018e-10
2.547707338696e-10
2.528123576234e-10
2.509397615230e-10
2.504414353207e-10
2.489172338983e-10
2.471831335842e-10
2.462786052492e-10
2.451903170101e-10
2.443642651453e-10
2.421878006553e-10
2.408883887121e-10
2.406505764168e-10
2.380966830331e-10
2.379572082246e-10
2.365989714342e-10
2.349838328537e-10
2.340308667134e-10
2.339706703467e-10
2.332060316362e-10
2.311238229471e-10
2.301043016605e-10
2.283367860978e-10
2.275765456666e-10
2.263901528977e-10
2.251346466025e-10
2.246412923674e-10
2.235298054800e-10
2.233225918937e-10
2.231663592512e-10
2.213437476480e-10
2.210274565894e-10
2.198211421516e-10
2.171660660015e-10
2.155377322337e-10
2.153622482570e-10
2.140293828799e-10
2.139630908516e-10
2.123147125400e-10
2.118817496644e-10
2.117727369391e-10
2.093561546627e-10
2.077835901030e-10
2.071316316357e-10
2.053916993307e-10
2.042282655418e-10
2.039375030973e-10
2.025923969884e-10
2.015836265442e-10
2.008282980524e-10
1.998490703716e-10
1.983065776570e-10
1.979359280664e-10
1.959058402520e-10
1.949264181632e-10
1.947594229458e-10
1.929038431797e-10
1.927918743656e-10
1.920987434511e-10
1.914238199523e-10
1.900289547321e-10
1.896470436861e-10
1.887820238950e-10
1.868065012502e-10
1.864098460038e-10
1.862387766447e-10
1.858507132256e-10
1.845221382316e-10
1.843698455955e-10
1.834201921329e-10
1.828862235002e-10
1.804486911410e-10
1.801451609395e-10
1.794527512442e-10
1.792857597780e-10
1.776297987101e-10
1.774045473764e-10
1.759975924008e-10
1.759924111469e-10
1.737031533538e-10
1.730688050583e-10
1.730121337733e-10
1.716629220411e-10
1.711895906865e-10
1.707706582283e-10
1.706875255279e-10
1.692999227802e-10
1.689171285685e-10
1.683046806784e-10
1.677217322367e-10
1.675693921206e-10
1.659938909027e-10
1.647775348254e-10
1.640781634457e-10
1.640194929120e-10
1.627549461432e-10
1.624624223999e-10
1.614017329193e-10
1.608468609899e-10
1.607445509043e-10
1.590453135832e-10
1.586087245012e-10
1.583640566729e-10
1.564751253145e-10
1.556266285363e-10
1.555352848831e-10
1.550146552981e-10
1.547539832965e-10
1.531147497242e-10
1.528810275563e-10
1.521449169777e-10
1.517597691658e-10
1.512890522804e-10
1.501690289407e-10
1.493304462048e-10
1.490081458906e-10
1.481854699898e-10
1.481117165242e-10
1.469587129821e-10
1.468068989995e-10
1.465728386104e-10
1.459707424118e-10
1.452725026226e-10
1.450832527638e-10
1.442371996142e-10
1.430127892241e-10
1.422678390969e-10
1.418964999216e-10
1.407096503475e-10
1.406582836659e-10
1.400162107729e-10
1.394833835269e-10
1.390669850578e-10
1.386108235102e-10
1.376097642387e-10
1.373326668745e-10
1.365929852565e-10
1.364005946972e-10
1.357270624436e-10
1.348813326787e-10
1.348600876380e-10
1.338445496006e-10
1.334842905211e-10
1.332532596579e-10
1.329658303524e-10
1.320023049397e-10
1.314910468298e-10
1.310862042485e-10
1.304060283087e-10
1.298703830676e-10
1.293020058236e-10
1.289775745327e-10
1.281529634740e-10
1.279495408965e-10
1.271249280601e-10
1.266467576707e-10
1.258626675953e-10
1.252386157814e-10
1.248035720414e-10
1.237939534254e-10
1.237348232576e-10
1.224879493094e-10
1.224817145810e-10
1.218668534268e-10
1.215380640399e-10
1.213406651134e-10
1.207243875557e-10
1.204490524902e-10
1.200105938463e-10
1.198876270192e-10
1.193549792606e-10
1.187931835321e-10
1.173602708475e-10
1.171178971885e-10
1.163888252107e-10
1.161494261690e-10
1.153039325372e-10
1.150012974474e-10
1.145526267019e-10
1.145118886591e-10
1.139885542638e-10
1.137936745662e-10
1.135038002604e-10
1.134261457485e-10
1.123914482398e-10
1.121620869152e-10
1.117161854383e-10
1.109930130685e-10
1.102064395444e-10
1.099300122825e-10
1.095708004761e-10
1.095401039417e-10
1.089136453069e-10
1.082921597059e-10
1.080630206722e-10
1.077392376580e-10
1.072896222307e-10
1.070853478604e-10
1.065244767559e-10
1.060402089934e-10
1.058407594660e-10
1.055556890421e-10
1.054896173963e-10
1.048741796074e-10
1.048059090958e-10
1.040084036281e-10
1.039156534476e-10
1.035438885022e-10
1.028941607960e-10
1.024160437198e-10
1.015600145304e-10
1.013692036889e-10
1.013442168233e-10
1.009352849412e-10
1.001896823060e-10
9.966830587215e-11
9.950713768558e-11
9.907862488616e-11
9.901824478859e-11
9.824005156898e-11
9.811232276264e-11
9.794503285704e-11
9.741978444653e-11
9.696501322996e-11
9.673232245765e-11
9.610798180449e-11
9.584993856783e-11
9.508030362895e-11
9.499863253178e-11
9.393433547959e-11
9.357834547301e-11
9.318524722088e-11
9.255398812324e-11
9.214093588988e-11
9.183938950605e-11
9.160038395272e-11
9.139947537416e-11
8.990096860738e-11
8.985100250749e-11
8.980476571289e-11
8.941444683691e-11
8.918051665044e-11
8.878309334073e-11
8.867627054090e-11
8.825553128662e-11
8.810700777104e-11
8.794579796339e-11
8.740944479836e-11
8.699008799737e-11
8.686014639271e-11
8.631515432571e-11
8.585538804919e-11
8.568788059457e-11
8.493496458974e-11
8.465017735836e-11
8.458753385169e-11
8.413820947735e-11
8.338741118208e-11
8.311389078735e-11
8.271792719082e-11
8.270476859504e-11
8.230669889931e-11
8.224749236873e-11
8.206257055673e-11
8.186166277284e-11
8.152243626321e-11
8.135504743069e-11
8.093486654377e-11
8.029017482659e-11
8.020606425800e-11
7.963847178145e-11
7.929051090140e-11
7.882442752699e-11
7.844329509316e-11
7.810476020772e-11
7.801539698166e-11
7.722772894788e-11
7.679813176849e-11
7.679358674170e-11
7.597764107333e-11
7.587525818052e-11
7.555489398399e-11
7.550838696525e-11
7.470275285997e-11
7.451006458812e-11
7.424636940515e-11
7.352632838313e-11
7.331705642621e-11
7.320554906870e-11
7.314426412478e-11
7.264576432997e-11
7.243280154955e-11
7.234613905724e-11
7.193053104922e-11
7.173810741176e-11
7.130935912804e-11
7.084980642316e-11
7.079734466879e-11
7.058270470035e-11
7.003564036119e-11
6.933856497014e-11
6.927903117216e-11
6.911571005582e-11
6.899589172725e-11
6.850873920519e-11
6.797963976985e-11
6.787744976751e-11
6.717891582748e-11
6.697349131581e-11
6.693065079140e-11
6.629661727135e-11
6.626399163204e-11
6.615538403462e-11
6.610953382976e-11
6.562219373693e-11
6.536827833864e-11
6.503046358641e-11
6.454297410923e-11
6.388674335343e-11
6.381024486893e-11
6.348533732727e-11
6.335159960282e-11
6.305701539714e-11
6.285232350302e-11
6.262832496625e-11
6.229108502936e-11
6.211101673144e-11
6.198085871513e-11
6.168559808999e-11
6.151039501070e-11
6.115198254707e-11
6.096619575670e-11
6.043200177925e-11
6.032362574173e-11
6.019347121667e-11
5.997177938373e-11
5.950995649710e-11
5.903984488482e-11
5.857542863008e-11
5.854673085908e-11
5.830455887435e-11
5.807208026877e-11
5.804455796414e-11
5.767485002540e-11
5.719878412814e-11
5.717236500236e-11
5.702608910341e-11
5.670952169138e-11
5.652836484782e-11
5.614634230500e-11
5.609590743495e-11
5.571328259266e-11
5.556148778020e-11
5.506601517737e-11
5.495902440679e-11
5.488682852867e-11
5.424386502947e-11
5.397757369697e-11
5.347788942034e-11
5.328293026995e-11
5.306113661108e-11
5.283850717517e-11
5.266449009240e-11
5.241573124198e-11
5.228456764971e-11
5.219296238106e-11
5.192689857448e-11
5.183394387575e-11
5.157240966524e-11
5.147771616143e-11
5.129924070577e-11
5.110442118194e-11
5.055524400883e-11
5.054050286456e-11
5.021133967931e-11
5.016352641245e-11
4.995913004280e-11
4.989761069905e-11
4.960625498397e-11
4.957998099348e-11
4.949285504163e-11
4.917100602046e-11
4.895558127327e-11
4.892322122049e-11
4.883161097805e-11
4.856446807267e-11
4.848027699593e-11
4.783902189823e-11
4.781188442356e-11
4.731244791942e-11
4.716937540204e-11
4.692429772855e-11
4.684139752547e-11
4.662064371029e-11
4.623739570261e-11
4.612590809672e-11
4.610687604179e-11
4.588560635498e-11
4.554181658709e-11
4.522686640768e-11
4.503190325634e-11
4.499350988478e-11
4.476678219485e-11
4.468956285197e-11
4.409484992658e-11
4.404859307624e-11
4.380302333745e-11
4.376538164511e-11
4.343028415728e-11
4.328440113616e-11
4.292635340999e-11
4.257266682749e-11
4.247274035570e-11
4.213572121255e-11
4.205061942077e-11
4.176994382636e-11
4.131433078596e-11
4.122359300059e-11
4.116316213692e-11
4.103288399009e-11
4.097244435751e-11
4.085668959717e-11
4.065989369087e-11
4.049664919450e-11
4.028593540857e-11
4.000086850205e-11
3.966203359289e-11
3.964908402724e-11
3.941739722936e-11
3.928250097976e-11
3.916390970870e-11
3.897534593355e-11
3.895506599712e-11
3.873505431855e-11
3.863486675184e-11
3.825762018356e-11
3.805353757824e-11
3.792539123852e-11
3.774282403988e-11
3.772727121596e-11
3.756358843586e-11
3.724596229594e-11
3.719480339542e-11
3.691835685896e-11
3.649266806570e-11
3.636069037308e-11
3.633401401137e-11
3.620253390810e-11
3.618044117819e-11
3.599148895042e-11
3.581077631062e-11
3.561655955842e-11
3.509356777154e-11
3.487893618933e-11
3.485071312345e-11
3.470114093315e-11
3.456338848488e-11
3.449014643745e-11
3.438302236245e-11
3.431673743314e-11
3.410007432751e-11
3.406163941749e-11
3.371001485130e-11
3.355582702026e-11
3.353603293622e-11
3.342607704941e-11
3.339347709111e-11
3.317975459073e-11
3.283500236792e-11
3.262464683801e-11
3.246934926297e-11
3.239149706249e-11
3.215762202232e-11
3.209813628283e-11
3.192708231208e-11
3.174958238188e-11
3.153894623824e-11
3.149900996015e-11
3.133207446140e-11
3.117003757301e-11
3.091019539794e-11
3.072243872799e-11
3.053687471835e-11
3.053335909450e-11
3.041731144680e-11
3.028417679630e-11
3.023888875361e-11
2.990354119015e-11
2.980661322086e-11
2.941586249668e-11
2.923009977789e-11
2.922729247601e-11
2.897199487040e-11
2.869577558892e-11
2.863035658538e-11
2.841616571980e-11
2.840947041583e-11
2.827697238109e-11
2.807868395400e-11
2.781282568137e-11
2.780287683036e-11
2.770722290465e-11
2.766787593372e-11
2.742954606932e-11
2.728930445628e-11
2.724585217666e-11
2.724486706818e-11
2.715963060728e-11
2.703609312191e-11
2.688145564949e-11
2.686346209222e-11
2.663941637337e-11
2.658622011297e-11
2.630159620624e-11
2.629220670657e-11
2.597582865360e-11
2.581961771336e-11
2.578396787913e-11
2.550171322361e-11
2.538305642104e-11
2.533210710854e-11
2.528741083836e-11
2.512803044160e-11
2.508288869166e-11
2.482119702854e-11
2.478726730091e-11
2.462004884336e-11
2.460674061427e-11
2.449014582560e-11
2.435886924240e-11
2.429360798679e-11
2.418802682626e-11
2.407311852138e-11
2.393282007004e-11
2.387563468200e-11
2.366871160268e-11
2.357886865297e-11
2.342317414403e-11
2.327029996636e-11
2.315989976519e-11
2.306106386185e-11
2.302112745151e-11
2.288666891535e-11
2.282021195579e-11
2.273513111741e-11
2.267067509915e-11
2.254171476404e-11
2.245757013828e-11
2.244668918071e-11
2.234329576635e-11
2.225139638735e-11
2.211134020856e-11
2.192974718989e-11
2.180951666952e-11
2.164867292075e-11
2.151638959882e-11
2.141056485733e-11
2.126082379126e-11
2.123870977235e-11
2.106662365104e-11
2.101753823132e-11
2.094471575668e-11
2.072085803662e-11
2.067478854869e-11
2.066419294989e-11
2.049284564591e-11
2.034668959569e-11
2.021436595372e-11
2.000536474217e-11
1.998999899733e-11
1.995482895016e-11
1.976873195130e-11
1.960586774926e-11
1.950012034379e-11
1.946489612129e-11
1.927958195793e-11
1.925272153117e-11
1.910214912071e-11
1.906616552431e-11
1.888370122055e-11
1.883688679077e-11
1.878417808338e-11
1.871446587445e-11
1.863527934808e-11
1.846046619967e-11
1.845741677154e-11
1.833906301003e-11
1.822928471196e-11
1.814233539721e-11
1.802447046666e-11
1.790212070931e-11
1.789807793273e-11
1.766420601806e-11
1.760463454008e-11
1.748123860581e-11
1.747685480511e-11
1.737186387389e-11
1.730226414446e-11
1.726028449166e-11
1.717340082613e-11
1.702389300690e-11
1.698938102368e-11
1.694462046527e-11
1.689847541238e-11
1.678351767304e-11
1.674610021212e-11
1.671275636630e-11
1.659070408980e-11
1.642015850873e-11
1.638152910346e-11
1.627686932445e-11
1.611991375071e-11
1.604509194721e-11
1.597939652524e-11
1.592160169826e-11
1.585684156737e-11
1.566276069111e-11
1.563201259444e-11
1.557466947638e-11
1.550014145776e-11
1.543498398218e-11
1.529272848787e-11
1.527768774092e-11
1.517251653057e-11
1.510939775628e-11
1.493806557699e-11
1.489853849543e-11
1.480116232254e-11
1.479730199385e-11
1.470506554530e-11
1.463724517717e-11
1.460073092461e-11
1.456667808408e-11
1.454369118779e-11
1.438425909369e-11
1.435011606295e-11
1.427379242905e-11
1.424269354927e-11
1.406947946192e-11
1.401900445609e-11
1.396619237448e-11
1.388460597035e-11
1.383328918565e-11
1.374715794501e-11
1.368052146494e-11
1.353009938382e-11
1.352961922455e-11
1.337725422951e-11
1.328112557272e-11
1.326468329032e-11
1.315540787073e-11
1.309242601866e-11
1.307515892396e-11
1.300937326915e-11
1.299760914100e-11
1.277659917038e-11
1.274348595133e-11
1.272905538559e-11
1.258237491102e-11
1.257210089992e-11
1.249256551168e-11
1.247915520565e-11
1.240658475973e-11
1.229010511179e-11
1.225326028659e-11
1.222300781936e-11
1.218134880566e-11
1.214029392256e-11
1.202249661743e-11
1.199218456349e-11
1.195038018420e-11
1.187439598136e-11
1.174725630042e-11
1.174244777911e-11
1.172028439885e-11
1.166244423638e-11
1.163163723862e-11
1.150100550278e-11
1.149529542611e-11
1.145240362088e-11
1.137614161121e-11
1.132004540682e-11
1.123926523469e-11
1.116453336870e-11
1.112339664591e-11
1.109768869986e-11
1.098050356775e-11
1.094636762528e-11
1.094523890976e-11
1.084426335995e-11
1.078886435722e-11
1.076097652304e-11
1.070495350009e-11
1.064895924045e-11
1.059816780024e-11
1.046487884409e-11
1.042838927040e-11
1.036700920702e-11
1.036295907558e-11
1.026198132317e-11
1.020479582987e-11
1.012248181821e-11
1.003973276133e-11
1.000642036748e-11
9.960667706785e-12
9.856348853038e-12
9.855772444710e-12
9.755866217643e-12
9.755549485910e-12
9.681909919928e-12
9.676482408504e-12
9.573680143698e-12
9.549983004947e-12
9.494130990731e-12
9.465121267653e-12
9.389364793752e-12
9.338793367751e-12
9.280292644559e-12
9.201884191362e-12
9.184100106591e-12
9.017051896908e-12
9.009683436420e-12
8.934940977115e-12
8.914165769618e-12
8.871985691532e-12
8.851234257541e-12
8.786979379156e-12
8.746945201130e-12
8.717937415891e-12
8.712528126413e-12
8.611083069394e-12
8.574536579663e-12
8.537263903476e-12
8.468772618179e-12
8.447558746055e-12
8.389562281959e-12
8.379534772462e-12
8.316126910079e-12
8.257630324439e-12
8.210200951156e-12
8.118145252825e-12
8.114378260732e-12
8.067269406049e-12
8.004153136762e-12
7.950916384871e-12
7.945936585132e-12
7.898733088023e-12
7.856072257915e-12
7.823986689653e-12
7.770784797853e-12
7.729381141159e-12
7.675957161282e-12
7.622791577531e-12
7.611972788875e-12
7.507222570760e-12
7.502625277903e-12
7.472847521119e-12
7.411946328177e-12
7.333837242075e-12
7.331358703204e-12
7.317138987319e-12
7.245653695724e-12
7.241576820372e-12
7.235249660091e-12
7.119719685604e-12
7.111598163397e-12
7.080924521747e-12
7.048525188949e-12
7.013870404408e-12
6.964442047585e-12
6.892943782128e-12
6.870077251333e-12
6.825447813392e-12
6.785790018569e-12
6.781004183048e-12
6.759462182439e-12
6.742830621818e-12
6.684136335844e-12
6.581978432894e-12
6.579511252818e-12
6.554967470719e-12
6.529319260157e-12
6.497688544212e-12
6.443816676090e-12
6.412444262897e-12
6.411451134625e-12
6.381743443495e-12
6.334126001015e-12
6.317931765871e-12
6.302880645698e-12
6.245712116349e-12
6.211131404916e-12
6.149215351463e-12
6.128833247738e-12
6.089513582637e-12
6.083720611121e-12
6.016851691357e-12
6.015710125584e-12
5.961338779684e-12
5.953775545603e-12
5.889754082318e-12
5.837074955750e-12
5.822036207309e-12
5.818399637526e-12
5.740554988527e-12
5.730950513270e-12
5.690268001629e-12
5.688607932217e-12
5.640588067604e-12
5.621592830608e-12
5.552584317096e-12
5.534829207331e-12
5.503668273871e-12
5.482535907139e-12
5.470813560260e-12
5.416338257031e-12
5.407665687972e-12
5.369538204586e-12
5.337627089028e-12
5.319859140122e-12
5.287025462455e-12
5.244233146864e-12
5.236000031424e-12
5.200217083488e-12
5.155893267797e-12
5.136152218343e-12
5.130370942782e-12
5.098475917262e-12
5.076511076944e-12
5.059417469612e-12
5.033163119864e-12
4.991758395165e-12
4.958047102166e-12
4.944735067868e-12
4.903593665058e-12
4.895410926208e-12
4.832757244291e-12
4.815024543297e-12
4.791664617584e-12
4.754348081874e-12
4.727647545202e-12
4.727192986972e-12
4.700419353702e-12
4.682147480289e-12
4.630034853338e-12
4.606208903960e-12
4.582187466709e-12
4.579993088372e-12
4.554836984009e-12
4.525435530544e-12
4.490285224331e-12
4.477560247364e-12
4.428171891410e-12
4.417795379863e-12
4.383576312330e-12
4.377894551252e-12
4.309204911818e-12
4.292386849149e-12
4.289011266967e-12
4.251600130570e-12
4.235940539758e-12
4.204122559184e-12
4.180379582990e-12
4.132962620894e-12
4.116947255948e-12
4.107405099733e-12
4.066071715706e-12
4.060942645500e-12
4.041429292709e-12
3.970592021148e-12
3.960021385676e-12
3.945910515423e-12
3.918462421491e-12
3.904847948144e-12
3.892346266929e-12
3.891149726453e-12
3.874011433972e-12
3.856291045063e-12
3.826349565954e-12
3.818991697475e-12
3.809992582377e-12
3.791593787842e-12
3.774051987967e-12
3.767976658918e-12
3.730766283454e-12
3.726366454036e-12
3.698444037253e-12
3.692185847088e-12
3.663358412187e-12
3.649220174087e-12
3.648342155101e-12
3.601884311205e-12
3.575429214520e-12
3.566083957006e-12
3.545520299022e-12
3.529199903016e-12
3.495384594220e-12
3.482320711468e-12
3.475163693442e-12
3.452698456785e-12
3.450150063555e-12
3.407185337247e-12
3.406530063991e-12
3.396615871269e-12
3.374340337904e-12
3.335850613160e-12
3.316951237371e-12
3.306776806229e-12
3.270719892997e-12
3.260975763150e-12
3.256993923410e-12
3.236021475603e-12
3.230156837018e-12
3.197286471985e-12
3.183584193108e-12
3.159063343685e-12
3.139613202934e-12
3.122735212302e-12
3.083701386404e-12
3.069425233663e-12
3.061724490740e-12
3.050533086164e-12
3.042098979864e-12
3.035015602156e-12
3.006587304847e-12
3.001553062485e-12
2.978302843893e-12
2.972331205617e-12
2.941570518973e-12
2.940242167266e-12
2.928401378072e-12
2.892018774518e-12
2.866793559536e-12
2.865795975241e-12
2.823309086579e-12
2.816819495433e-12
2.796798597176e-12
2.789035064848e-12
2.771185402843e-12
2.757352880494e-12
2.741685853638e-12
2.720039196580e-12
2.717796618524e-12
2.704042681950e-12
2.689851407385e-12
2.683798298604e-12
2.671942446827e-12
2.646294284398e-12
2.636887398634e-12
2.635332005202e-12
2.604074783354e-12
2.602889227649e-12
2.588984085603e-12
2.564775921052e-12
2.549560270859e-12
2.534065367333e-12
2.525714180088e-12
2.519492446223e-12
2.507007222966e-12
2.488478208478e-12
2.477466650393e-12
2.466110294696e-12
2.465519773333e-12
2.447125445903e-12
2.440396255548e-12
2.422571647602e-12
2.406463398262e-12
2.405490951783e-12
2.373335369206e-12
2.371998558837e-12
2.340307502857e-12
2.336473636236e-12
2.319384537330e-12
2.318996725368e-12
2.308096349863e-12
2.299501483180e-12
2.290336068872e-12
2.260668336835e-12
2.252896397879e-12
2.240588968643e-12
2.238359534567e-12
2.229833489510e-12
2.207260945195e-12
2.181957059704e-12
2.171146281124e-12
2.160194661629e-12
2.148005045975e-12
2.139886797106e-12
2.122357646944e-12
2.117926799828e-12
2.109047288192e-12
2.106228394637e-12
2.087428998438e-12
2.079323420001e-12
2.073321273585e-12
2.060529491826e-12
2.040945528651e-12
2.037314321615e-12
2.033464772872e-12
2.027805701125e-12
2.012276063591e-12
2.005613950860e-12
1.980893429991e-12
1.975752791300e-12
1.960001728315e-12
1.957200244901e-12
1.945842196875e-12
1.941367598125e-12
1.928542302220e-12
1.922428792106e-12
1.915998489994e-12
1.895183258159e-12
1.868322516643e-12
1.867894453482e-12
1.862652058627e-12
1.851590106246e-12
1.844134123845e-12
1.834651224838e-12
1.811188783269e-12
1.810767968779e-12
1.806007305484e-12
1.801923636715e-12
1.782014483079e-12
1.779713027859e-12
1.775887503112e-12
1.765344707190e-12
1.763645477909e-12
1.748614250391e-12
1.746025879955e-12
1.738840113787e-12
1.729359494193e-12
1.713887380868e-12
1.710906552033e-12
1.698219230423e-12
1.688484068951e-12
1.683548577141e-12
1.675743866756e-12
1.665736660159e-12
1.647841956983e-12
1.641232474105e-12
1.637051383499e-12
1.627684563042e-12
1.614927191799e-12
1.614322696744e-12
1.599850523939e-12
1.591080826112e-12
1.588051910341e-12
1.581313578664e-12
1.574963757818e-12
1.565981200513e-12
1.552403191421e-12
1.542950955140e-12
1.542062377825e-12
1.525856150340e-12
1.523622134291e-12
1.514207324347e-12
1.509948404913e-12
1.506106061384e-12
1.487761517836e-12
1.476274236465e-12
1.474658021608e-12
1.467556551053e-12
1.463224585023e-12
1.457789988293e-12
1.447547540662e-12
1.443913717251e-12
1.425540695006e-12
1.417363038178e-12
1.410701977756e-12
1.396793088286e-12
1.393557558885e-12
1.384355281140e-12
1.372317689235e-12
1.369082094540e-12
1.363246380962e-12
1.359814802956e-12
1.359753686948e-12
1.346577470023e-12
1.343568473543e-12
1.329595775420e-12
1.323171525796e-12
1.317592480860e-12
1.316749108003e-12
1.305345815971e-12
1.294983032433e-12
1.290239966240e-12
1.283972544206e-12
1.281179434345e-12
1.276590927859e-12
1.268867517885e-12
1.265991212027e-12
1.259129478392e-12
1.251073402119e-12
1.244730220538e-12
1.243507380276e-12
1.239186659583e-12
1.236667067473e-12
1.228842530352e-12
1.228132867816e-12
1.212605345976e-12
1.207142564991e-12
1.199495972936e-12
1.198455650127e-12
1.193270043622e-12
1.186566068932e-12
1.178387578978e-12
1.172276187698e-12
1.171582889625e-12
1.160898380303e-12
1.156940447207e-12
1.149515742634e-12
1.140123404838e-12
1.137093284352e-12
1.126783686856e-12
1.126532780834e-12
1.119652455736e-12
1.114374350516e-12
1.100217567729e-12
1.098799805459e-12
1.091356779159e-12
1.088625931091e-12
1.083890422293e-12
1.083004786221e-12
1.076511394209e-12
1.074334820952e-12
1.064630309842e-12
1.057277991237e-12
1.054356487766e-12
1.046459673796e-12
1.044723016841e-12
1.039545913520e-12
1.031878280758e-12
1.030063182851e-12
1.022535226220e-12
1.020663819904e-12
1.012776818976e-12
1.011205969852e-12
1.004663511909e-12
1.002524162492e-12
9.913377110583e-13
9.867163686972e-13
9.813933625909e-13
9.742479899211e-13
9.730472475972e-13
9.692868478877e-13
9.659659999793e-13
9.603626762330e-13
9.575961370120e-13
9.493823022028e-13
9.482232442791e-13
9.404517004463e-13
9.376496392624e-13
9.330596919082e-13
9.294777079813e-13
9.234284810061e-13
9.231921466647e-13
9.153610095689e-13
9.100440063148e-13
9.078180500026e-13
9.043150827998e-13
8.959400158770e-13
8.898902191588e-13
8.887577894435e-13
8.792199903733e-13
8.742601223063e-13
8.713022326198e-13
8.697684476886e-13
8.613608823435e-13
8.601521131268e-13
8.582587189836e-13
8.577688726559e-13
8.499518772943e-13
8.488145069595e-13
8.402100382069e-13
8.397179503020e-13
8.310129969061e-13
8.308355426629e-13
8.253746697593e-13
8.205743960581e-13
8.170438514603e-13
8.164360772577e-13
8.118565675211e-13
8.107154722075e-13
8.043813534469e-13
8.022063857064e-13
7.962341459282e-13
7.918719315646e-13
7.901324512278e-13
7.854439419834e-13
7.851154350383e-13
7.816642532735e-13
7.776717382974e-13
7.717999545211e-13
7.712444443565e-13
7.647922607691e-13
7.634908397440e-13
7.598274558071e-13
7.520268430358e-13
7.490021048111e-13
7.466163279576e-13
7.456330722469e-13
7.404179615292e-13
7.393071765861e-13
7.358858139601e-13
7.331043376998e-13
7.303134284712e-13
7.247497877428e-13
7.215047124560e-13
7.149945260150e-13
7.120101055880e-13
7.112650068604e-13
7.077669633549e-13
7.063718849075e-13
6.966471473137e-13
6.946371225263e-13
6.892350482547e-13
6.850472341487e-13
6.796973279796e-13
6.760832465087e-13
6.740727166839e-13
6.702937539440e-13
6.682689118940e-13
6.666542220674e-13
6.638869567743e-13
6.638016723574e-13
6.583311606577e-13
6.553937332714e-13
6.548457678294e-13
6.479310049353e-13
6.478303884691e-13
6.450991950777e-13
6.404769126510e-13
6.403510962576e-13
6.342226364313e-13
6.331594052039e-13
6.261125386396e-13
6.258115003334e-13
6.226900902279e-13
6.188929258576e-13
6.173289977088e-13
6.167068967209e-13
6.121675730431e-13
6.114719761662e-13
6.063456902774e-13
6.039933588785e-13
5.984977654126e-13
5.971639238045e-13
5.949758466655e-13
5.923950842851e-13
5.888236869050e-13
5.886781445824e-13
5.858012567112e-13
5.844788890721e-13
5.818883459799e-13
5.808500060562e-13
5.750508500195e-13
5.742293129987e-13
5.687256381578e-13
5.652173084307e-13
5.652080652848e-13
5.623316584263e-13
5.579049374928e-13
5.571725862312e-13
5.537752928873e-13
5.526581158048e-13
5.481795362617e-13
5.461057678091e-13
5.434321017636e-13
5.422079045046e-13
5.385833477802e-13
5.348829871385e-13
5.326021723302e-13
5.306356331644e-13
5.300824035721e-13
5.263141956157e-13
5.260645986545e-13
5.254379463555e-13
5.188798782211e-13
5.184256764965e-13
5.162631059259e-13
5.126585488478e-13
5.092929690911e-13
5.090692845666e-13
5.049725342694e-13
5.040966533356e-13
5.033674959387e-13
4.974233430415e-13
4.913708566406e-13
4.913603347929e-13
4.881538390214e-13
4.873970059880e-13
4.844614482506e-13
4.833873026692e-13
4.812402177326e-13
4.771567518748e-13
4.757437961613e-13
4.731825748106e-13
4.731687459406e-13
4.693151901653e-13
4.690635095124e-13
4.660477339790e-13
4.648511292875e-13
4.626989733607e-13
4.617837684838e-13
4.604334673458e-13
4.584881738279e-13
4.561823135481e-13
4.499250243960e-13
4.494714164157e-13
4.477328312627e-13
4.473572730017e-13
4.440533971733e-13
4.422390528131e-13
4.395767942649e-13
4.393152548496e-13
4.369151456753e-13
4.330275289297e-13
4.304340174578e-13
4.297808095302e-13
4.278666857002e-13
4.263859728598e-13
4.228512163234e-13
4.225843721298e-13
4.179579192687e-13
4.168505495497e-13
4.145408018306e-13
4.134992632994e-13
4.119354192092e-13
4.117774968375e-13
4.085947126299e-13
4.075793766075e-13
4.051743843048e-13
4.025472445538e-13
4.008751664412e-13
3.998451508001e-13
3.984287337419e-13
3.970359029825e-13
3.958591511455e-13
3.940394396391e-13
3.919030413803e-13
3.918360965040e-13
3.902099773584e-13
3.879146085702e-13
3.850605652216e-13
3.841461408777e-13
3.822024201834e-13
3.812889687288e-13
3.786317702191e-13
3.774707074170e-13
3.745900143233e-13
3.736987299909e-13
3.729613319893e-13
3.705013617272e-13
3.685995315373e-13
3.683804770285e-13
3.660739036119e-13
3.651992851608e-13
3.637386174543e-13
3.620579895977e-13
3.603308354626e-13
3.580938581502e-13
3.576722227494e-13
3.558497332181e-13
3.552794200774e-13
3.532497286684e-13
3.523031388484e-13
3.482464387264e-13
3.461950756205e-13
3.454677611370e-13
3.441646561850e-13
3.430835274038e-13
3.411436759538e-13
3.410405470070e-13
3.393079093021e-13
3.361207968333e-13
3.358775274489e-13
3.338613111757e-13
3.321441013461e-13
3.317412250229e-13
3.309772207532e-13
3.289132432849e-13
3.277477731620e-13
3.256211078880e-13
3.246290093553e-13
3.227358834735e-13
3.216892945532e-13
3.212994927659e-13
3.199535378886e-13
3.175714093817e-13
3.168874057948e-13
3.162092217439e-13
3.130124183496e-13
3.110675434237e-13
3.106703873783e-13
3.087463741524e-13
3.081125713366e-13
3.072911439446e-13
3.055506294190e-13
3.046538450825e-13
3.023115075474e-13
3.009252976333e-13
2.995772510606e-13
2.977574092646e-13
2.975517259199e-13
2.950771914852e-13
2.940051290748e-13
2.925679394076e-13
2.914174060986e-13
2.896132730136e-13
2.885801152225e-13
2.882205543756e-13
2.868401774192e-13
2.867756251184e-13
2.860177693223e-13
2.843190921340e-13
2.831215691398e-13
2.821900133934e-13
2.812224418834e-13
2.800145049018e-13
2.768386202860e-13
2.763333864379e-13
2.754335592264e-13
2.753952579319e-13
2.734408559246e-13
2.734235266858e-13
2.718108302770e-13
2.705121446911e-13
2.681460260113e-13
2.675225693522e-13
2.657628934823e-13
2.647338609269e-13
2.630681731662e-13
2.630340689145e-13
2.624396941343e-13
2.603635688696e-13
2.597976485311e-13
2.580130833271e-13
2.575118956468e-13
2.558940185615e-13
2.558344414239e-13
2.542348585563e-13
2.531495650451e-13
2.517547844033e-13
2.516274236522e-13
2.493480828673e-13
2.490911447121e-13
2.471149077273e-13
2.466388523471e-13
2.453984172346e-13
2.448030935544e-13
2.437928552534e-13
2.426382705928e-13
2.421457841558e-13
2.395027970313e-13
2.387750577518e-13
2.372464779104e-13
2.369586409474e-13
2.357907311023e-13
2.354765486728e-13
2.335724585599e-13
2.328747647034e-13
2.314342359114e-13
2.304577637944e-13
2.304196753038e-13
2.298299374199e-13
2.270333124981e-13
2.264783674933e-13
2.260504918375e-13
2.254261554012e-13
2.244151922650e-13
2.237623074073e-13
2.219492943904e-13
2.218659225589e-13
2.202469054989e-13
2.193611097945e-13
2.179537580043e-13
2.175300147850e-13
2.162084664213e-13
2.151554761873e-13
2.148114885709e-13
2.144198229132e-13
2.129668515702e-13
2.118725655423e-13
2.110580103991e-13
2.105378479524e-13
2.097094635695e-13
2.089775304473e-13
2.082394182838e-13
2.061772089503e-13
2.054186506888e-13
2.051456749227e-13
2.039896305569e-13
2.035190164168e-13
2.025625173082e-13
2.015458258587e-13
2.010555597966e-13
1.999835295690e-13
1.997971940857e-13
1.984885651371e-13
1.983282360421e-13
1.972023873344e-13
1.971950627552e-13
1.959040344111e-13
1.947970522083e-13
1.939571699739e-13
1.930231145116e-13
1.922766616876e-13
1.909934161946e-13
1.907191740427e-13
1.903387468660e-13
1.877472772681e-13
1.876393638125e-13
1.867693113796e-13
1.857189927537e-13
1.856197729779e-13
1.842875186892e-13
1.831867206131e-13
1.820641916657e-13
1.820477255897e-13
1.808303314634e-13
1.802260369768e-13
1.795796383131e-13
1.792235983297e-13
1.786976641668e-13
1.773926729156e-13
1.770860843513e-13
1.767508113232e-13
1.751097361622e-13
1.748915621347e-13
1.739938578746e-13
1.736260128741e-13
1.726982682267e-13
1.726247873957e-13
1.709560077558e-13
1.700811228950e-13
1.688195584642e-13
1.687001373769e-13
1.677627157337e-13
1.666890863583e-13
1.661833620641e-13
1.660331427562e-13
1.655177798570e-13
1.647569903983e-13
1.642042548536e-13
1.634693056017e-13
1.630456330887e-13
1.624660156856e-13
1.615754310378e-13
1.607947860593e-13
1.601948131880e-13
1.593743538258e-13
1.592417530138e-13
1.585136518805e-13
1.571934368221e-13
1.570213047683e-13
1.558265597745e-13
1.556385772650e-13
1.546022300354e-13
1.543389586929e-13
1.542474086949e-13
1.531559483506e-13
1.524393374797e-13
1.521542064421e-13
1.512983941892e-13
1.505172074000e-13
1.503291258696e-13
1.495926048977e-13
1.493775908106e-13
1.482259246072e-13
1.481740547272e-13
1.478246304184e-13
1.459234522223e-13
1.457130893167e-13
1.444418081823e-13
1.440256763632e-13
1.434082640051e-13
1.429491702552e-13
1.424117791143e-13
1.418986612799e-13
1.416097868950e-13
1.406959610243e-13
1.404537673214e-13
1.389845868780e-13
1.386370624803e-13
1.384030050770e-13
1.383234008780e-13
1.374273148260e-13
1.373752334251e-13
1.361171871458e-13
1.353898987395e-13
1.342060681540e-13
1.341274481859e-13
1.333142878054e-13
1.329216395553e-13
1.325883217670e-13
1.308765031942e-13
1.308631931519e-13
1.305450554455e-13
1.304644298767e-13
1.293583868959e-13
1.290102517850e-13
1.285997417618e-13
1.284428340412e-13
1.279754580869e-13
1.272761512006e-13
1.262979364012e-13
1.262376797235e-13
1.255375532106e-13
1.242987444852e-13
1.238903443286e-13
1.232084346823e-13
1.231851589943e-13
1.230067417516e-13
1.223057187050e-13
1.221319228853e-13
1.216626763711e-13
1.208965870018e-13
1.203585285602e-13
1.201016085924e-13
1.198586264065e-13
1.190103938559e-13
1.184645561022e-13
1.180043679971e-13
1.178408633687e-13
1.171801619136e-13
1.165409632795e-13
1.165137511354e-13
1.156636509389e-13
1.152950478549e-13
1.152416555250e-13
1.144908233756e-13
1.141784931650e-13
1.139981335130e-13
1.134682244147e-13
1.127554422149e-13
1.124572953878e-13
1.119184926207e-13
1.116453125368e-13
1.113501274674e-13
1.108946321158e-13
1.107066137695e-13
1.098323268871e-13
1.094723924060e-13
1.087149932407e-13
1.085744200072e-13
1.079001044207e-13
1.078708534850e-13
1.075113363043e-13
1.066348496148e-13
1.058205606333e-13
1.057731000640e-13
1.052012012020e-13
1.050076109989e-13
1.047563603576e-13
1.042428048221e-13
1.039095332203e-13
1.030917805334e-13
1.028178825142e-13
1.020103153437e-13
1.019693862958e-13
1.017891334400e-13
1.006788347359e-13
1.006258986672e-13
1.002045871421e-13
9.956907487789e-14
9.948522507943e-14
9.887468455060e-14
9.853441789480e-14
9.846994885379e-14
9.807631243630e-14
9.755461730019e-14
9.647011197402e-14
9.596284843026e-14
9.542270778757e-14
9.530430517564e-14
9.506399228988e-14
9.480743332715e-14
9.452446364731e-14
9.436219393639e-14
9.380998801429e-14
9.337171512047e-14
9.305932105100e-14
9.274013057526e-14
9.235939994942e-14
9.177152732227e-14
9.159242392971e-14
9.112769805971e-14
9.111388795618e-14
9.005982811859e-14
9.000862945683e-14
8.973455075651e-14
8.952794890495e-14
8.924059961657e-14
8.860860642177e-14
8.805818571155e-14
8.782918927834e-14
8.769662054051e-14
8.714075123268e-14
8.704613914073e-14
8.664814492753e-14
8.631922129044e-14
8.570700413291e-14
8.554094489088e-14
8.496383455775e-14
8.489541850571e-14
8.405076342914e-14
8.373372140431e-14
8.324727138161e-14
8.287041017631e-14
8.267165645156e-14
8.230874117118e-14
8.205474763820e-14
8.195111996761e-14
8.161906646409e-14
8.140720256346e-14
8.100602684987e-14
8.100522879876e-14
8.038292915092e-14
8.030084764807e-14
8.003808050634e-14
7.972232045854e-14
7.931429568703e-14
7.888347448510e-14
7.854912170521e-14
7.853217626589e-14
7.836216345167e-14
7.790543165717e-14
7.746751065810e-14
7.723612040823e-14
7.715679369179e-14
7.632246564094e-14
7.613730441844e-14
7.590369012047e-14
7.543537912523e-14
7.506512549474e-14
7.481145269425e-14
7.454539388403e-14
7.437527559535e-14
7.370244240621e-14
7.361796190603e-14
7.301166558995e-14
7.296421640122e-14
7.245877887589e-14
7.234947167703e-14
7.204657418718e-14
7.190515434945e-14
7.184386479549e-14
7.162443856466e-14
7.156289686937e-14
7.091632532144e-14
7.058054932376e-14
7.015877124754e-14
6.991925416907e-14
6.949379175283e-14
6.923718393057e-14
6.897466947014e-14
6.850250810278e-14
6.825802217905e-14
6.794354772204e-14
6.779015478828e-14
6.743519932326e-14
6.709630785093e-14
6.703064529404e-14
6.702893489072e-14
6.646609224798e-14
6.645658942808e-14
6.626368732584e-14
6.575689713329e-14
6.573320796442e-14
6.542468838429e-14
6.531540652717e-14
6.512263362369e-14
6.486681730892e-14
6.473467076960e-14
6.455163922654e-14
6.424023895052e-14
6.387882137584e-14
6.335851746545e-14
6.333488974293e-14
6.305001473569e-14
6.292295466352e-14
6.267166517086e-14
6.264786222113e-14
6.203949975985e-14
6.175926365244e-14
6.171353601376e-14
6.130254631339e-14
6.123669203454e-14
6.099420269502e-14
6.071211843847e-14
6.046615730404e-14
6.025089028970e-14
6.015713785361e-14
5.954451505870e-14
5.940779293010e-14
5.915207062555e-14
5.899268144940e-14
5.889526466890e-14
5.865837975165e-14
5.845388352568e-14
5.827841288339e-14
5.795879458110e-14
5.789353177119e-14
5.739281424432e-14
5.733961839936e-14
5.706994594976e-14
5.699537190185e-14
5.664097229199e-14
5.657994301712e-14
5.596001047358e-14
5.592250454917e-14
5.581414500944e-14
5.550807883190e-14
5.532792207245e-14
5.498675607964e-14
5.489458044011e-14
5.478621635594e-14
5.440247040265e-14
5.418501085678e-14
5.412664983356e-14
5.408912777489e-14
5.364940971810e-14
5.357161687196e-14
5.338615668579e-14
5.326073902282e-14
5.310485525975e-14
5.294805530598e-14
5.236688432286e-14
5.223282941722e-14
5.193920327113e-14
5.175930439863e-14
5.143206114870e-14
5.124025996096e-14
5.122932127794e-14
5.105217212383e-14
5.076584716197e-14
5.055533728050e-14
5.046783882116e-14
5.023593062454e-14
4.987223086675e-14
4.985372520994e-14
4.946784620737e-14
4.935552018310e-14
4.934065141869e-14
4.914698138807e-14
4.908665696074e-14
4.886413634000e-14
4.867856646504e-14
4.837153611512e-14
4.806541021303e-14
4.795876101064e-14
4.785227798010e-14
4.744661012472e-14
4.742497137279e-14
4.727657055442e-14
4.716644212922e-14
4.712687997869e-14
4.680365900462e-14
4.662703481740e-14
4.652253043310e-14
4.629374771664e-14
4.598043849333e-14
4.569067571954e-14
4.560367086580e-14
4.543960073512e-14
4.516719441346e-14
4.486278847565e-14
4.469877859647e-14
4.456857283005e-14
4.453480912115e-14
4.435640466910e-14
4.414459901415e-14
4.396437614429e-14
4.377674382750e-14
4.369983586888e-14
4.350512650491e-14
4.317257331632e-14
4.312447439721e-14
4.297606050486e-14
4.280833545400e-14
4.268233740834e-14
4.248244129990e-14
4.242684899909e-14
4.200075905576e-14
4.196892202952e-14
4.172960932286e-14
4.155583276997e-14
4.138685859218e-14
4.118632105718e-14
4.096283745674e-14
4.086630739426e-14
4.065747739676e-14
4.063296369766e-14
4.026416783875e-14
4.023145373587e-14
4.014797296908e-14
3.997188819109e-14
3.969605360399e-14
3.960471478150e-14
3.955334009464e-14
3.938615666368e-14
3.917117673133e-14
3.891927639047e-14
3.877609510245e-14
3.846441772708e-14
3.843046668007e-14
3.835864289837e-14
3.830225407589e-14
3.805848144278e-14
3.798309704162e-14
3.782422347684e-14
3.775779535710e-14
3.757656970003e-14
3.755312258085e-14
3.724593182973e-14
3.710658244107e-14
3.692546187713e-14
3.691520757238e-14
3.666421334258e-14
3.651314260727e-14
3.649349978017e-14
3.640195884258e-14
3.624095945871e-14
3.592733127616e-14
3.583347030311e-14
3.566640080814e-14
3.550024539975e-14
3.547239551935e-14
3.535920291366e-14
3.526881728705e-14
3.519455756408e-14
3.504533446722e-14
3.503771688060e-14
3.480739826466e-14
3.475727765097e-14
3.465294841928e-14
3.448207794638e-14
3.439801610063e-14
3.429426438829e-14
3.418453247666e-14
3.396730311955e-14
3.395214856020e-14
3.380757666234e-14
3.374209556852e-14
3.335169556330e-14
3.316512915608e-14
3.299545343766e-14
3.290734202371e-14
3.275976255991e-14
3.271107550205e-14
3.249425237525e-14
3.247165113650e-14
3.230816853373e-14
3.207912747093e-14
3.200343358239e-14
3.199676390096e-14
3.190312126052e-14
3.170622549036e-14
3.164352838369e-14
3.144798648009e-14
3.132954015037e-14
3.125213346863e-14
3.115388270768e-14
3.099704035006e-14
3.097037950787e-14
3.083504579663e-14
3.081115625887e-14
3.071328133518e-14
3.070475942828e-14
3.050328713183e-14
3.023499510970e-14
3.020586653046e-14
3.013937947160e-14
3.004122869424e-14
2.988347679999e-14
2.986046804477e-14
2.964716653473e-14
2.957492724286e-14
2.944476442712e-14
2.934581132917e-14
2.933733560342e-14
2.911461930623e-14
2.905043314982e-14
2.880660545317e-14
2.877058217665e-14
2.866279778478e-14
2.855509782733e-14
2.842283122159e-14
2.828578934359e-14
2.816919527167e-14
2.800822599810e-14
2.793637050118e-14
2.783786605489e-14
2.781944094142e-14
2.763614454350e-14
2.760630675257e-14
2.733559744010e-14
2.730216044381e-14
2.710221475235e-14
2.707884581131e-14
2.691027958092e-14
2.686602609781e-14
2.680993015118e-14
2.680695669756e-14
2.660725272336e-14
2.644390873976e-14
2.631428541228e-14
2.619830129802e-14
2.616647856490e-14
2.605345773620e-14
2.592940668470e-14
2.570222217096e-14
2.561199632745e-14
2.555467200115e-14
2.548642506564e-14
2.536915245902e-14
2.521696129122e-14
2.520149444323e-14
2.509099357568e-14
2.508412977770e-14
2.492129779564e-14
2.492093248691e-14
2.478076706619e-14
2.477849149183e-14
2.459503536544e-14
2.458127124064e-14
2.444742531912e-14
2.435587551707e-14
2.421004963868e-14
2.416169994271e-14
2.406458179377e-14
2.400560262488e-14
2.390222994691e-14
2.382174527644e-14
2.366120724329e-14
2.358312314990e-14
2.350619818204e-14
2.338367748267e-14
2.332663473593e-14
2.331662972972e-14
2.327653260562e-14
2.320537902466e-14
2.307799826975e-14
2.295780701845e-14
2.291139133403e-14
2.269082392670e-14
2.267640123775e-14
2.243772950044e-14
2.241677622651e-14
2.235135240811e-14
2.226346664720e-14
2.216332066683e-14
2.209313324171e-14
2.199982020600e-14
2.191868438744e-14
2.179182008090e-14
2.159938953863e-14
2.158716574881e-14
2.146301089385e-14
2.139145004175e-14
2.127927658166e-14
2.123807300877e-14
2.113711035895e-14
2.113142843432e-14
2.099865996314e-14
2.095841287623e-14
2.087703984152e-14
2.074778389328e-14
2.063735825242e-14
2.062290283889e-14
2.057021841897e-14
2.038671485045e-14
2.035824025350e-14
2.030786479473e-14
2.026194158605e-14
2.007591769708e-14
2.006206918195e-14
1.993836079571e-14
1.991511835693e-14
1.985742060893e-14
1.980106524715e-14
1.973930301265e-14
1.967048640508e-14
1.964929397014e-14
1.950803572475e-14
1.950636484213e-14
1.942331708563e-14
1.934687414175e-14
1.929650956676e-14
1.926908382609e-14
1.914438058391e-14
1.910592808041e-14
1.902272670454e-14
1.901610564932e-14
1.891663819851e-14
1.891148550359e-14
1.876182325100e-14
1.867047450519e-14
1.859314055409e-14
1.848621338962e-14
1.841734176639e-14
1.834046487016e-14
1.833749933964e-14
1.815648196758e-14
1.814668710641e-14
1.810499388531e-14
1.805328918060e-14
1.800599358598e-14
1.787872532398e-14
1.782918020639e-14
1.774555318305e-14
1.766214603835e-14
1.754315647877e-14
1.750966861058e-14
1.749812390954e-14
1.736487452749e-14
1.728053441211e-14
1.720277375665e-14
1.718387588520e-14
1.709994398695e-14
1.703076535217e-14
1.695068312445e-14
1.690862207259e-14
1.679874379870e-14
1.676406180959e-14
1.674463120920e-14
1.662430865157e-14
1.662090870395e-14
1.654809945348e-14
1.648882533416e-14
1.644033505373e-14
1.641134774672e-14
1.633407099414e-14
1.631715393781e-14
1.613671696466e-14
1.600353066779e-14
1.599353655670e-14
1.591912165884e-14
1.579416588600e-14
1.579266274410e-14
1.568506760662e-14
1.566770921079e-14
1.560952143005e-14
1.557983457048e-14
1.551625385415e-14
1.542953219894e-14
1.539793735509e-14
1.539657752410e-14
1.530650057546e-14
1.527858327113e-14
1.517204991233e-14
1.509516938808e-14
1.505183501027e-14
1.502552357764e-14
1.490606213375e-14
1.485013712514e-14
1.480955137785e-14
1.477762831612e-14
1.473684798101e-14
1.470295658584e-14
1.459934373235e-14
1.455601519411e-14
1.442339753468e-14
1.436933493003e-14
1.434747103718e-14
1.429632154121e-14
1.421667835233e-14
1.418138128963e-14
1.410212256638e-14
1.404087003267e-14
1.399178976347e-14
1.391105939887e-14
1.389047159114e-14
1.378206663313e-14
1.376967985404e-14
1.374082927998e-14
1.361641288888e-14
1.361624412229e-14
1.358259195173e-14
1.355500364547e-14
1.349859374072e-14
1.344291085740e-14
1.338799738686e-14
1.334999688054e-14
1.322609686148e-14
1.320305961262e-14
1.314857983040e-14
1.309335617512e-14
1.301829862689e-14
1.299144925068e-14
1.295456572182e-14
1.285950256431e-14
1.282148449562e-14
1.279827233843e-14
1.269643676992e-14
1.266103927699e-14
1.261849529169e-14
1.255611685064e-14
1.253052959573e-14
1.249166085490e-14
1.241778121632e-14
1.238503739512e-14
1.236236901815e-14
1.236009027606e-14
1.227029138748e-14
1.224805666725e-14
1.218264434160e-14
1.213566366208e-14
1.207969377599e-14
1.203041580243e-14
1.200416129909e-14
1.190591220121e-14
1.186375711230e-14
1.183085599067e-14
1.180485187407e-14
1.174739715716e-14
1.172609599570e-14
1.164677518136e-14
1.160438561145e-14
1.157250858698e-14
1.153956098880e-14
1.153555759535e-14
1.147119371685e-14
1.140496584029e-14
1.138819338764e-14
1.134386410399e-14
1.129569203005e-14
1.125536950178e-14
1.122993629452e-14
1.119453437986e-14
1.115646394316e-14
1.113717778715e-14
1.106942015285e-14
1.095260475228e-14
1.094550089085e-14
1.090687007376e-14
1.086684156282e-14
1.080046990225e-14
1.077591428834e-14
1.076898008725e-14
1.069123225716e-14
1.059490282378e-14
1.057363423333e-14
1.056789537400e-14
1.049871149542e-14
1.048574386385e-14
1.045252314460e-14
1.041858848585e-14
1.040340211245e-14
1.031575415719e-14
1.026283304933e-14
1.025810781222e-14
1.023661025933e-14
1.015564439849e-14
1.013191523755e-14
1.009435712969e-14
1.008825595209e-14
1.003124024606e-14
1.000494754954e-14
9.886648509255e-15
9.858511092249e-15
9.848371863031e-15
9.751380360036e-15
9.713739731775e-15
9.681489527957e-15
9.655223251200e-15
9.591589252580e-15
9.580802895853e-15
9.558161858436e-15
9.536137409587e-15
9.496569259299e-15
9.465081069841e-15
9.432966890854e-15
9.369388657612e-15
9.265670059826e-15
9.246574886153e-15
9.215147813281e-15
9.187783500857e-15
9.183308454047e-15
9.114779458395e-15
9.109727118594e-15
9.058212981242e-15
8.988393777041e-15
8.988154032631e-15
8.954683057164e-15
8.930000751601e-15
8.871063763665e-15
8.841371055486e-15
8.800947978596e-15
8.756504660881e-15
8.710636572700e-15
8.687693031240e-15
8.607807546984e-15
8.600034440870e-15
8.583170719046e-15
8.534058579448e-15
8.521689760250e-15
8.464920307930e-15
8.428054343687e-15
8.360596438596e-15
8.333290924117e-15
8.310992485457e-15
8.294489750247e-15
8.255578851404e-15
8.249838487417e-15
8.190691001801e-15
8.181047411049e-15
8.125031604774e-15
8.109669464030e-15
8.096592274115e-15
8.030736893671e-15
7.972338545199e-15
7.957298337490e-15
7.890151561464e-15
7.858031018436e-15
7.850188873090e-15
7.824123023246e-15
7.806743398953e-15
7.753892568139e-15
7.749378424673e-15
7.690441157768e-15
7.655906810657e-15
7.651339623236e-15
7.641167164793e-15
7.607488712651e-15
7.572748349328e-15
7.541597204287e-15
7.502798039412e-15
7.474081611114e-15
7.449227103301e-15
7.437421629719e-15
7.382846065443e-15
7.382305276933e-15
7.348518266344e-15
7.316996781731e-15
7.311450958620e-15
7.240019176976e-15
7.229278556054e-15
7.203507770757e-15
7.160846271734e-15
7.136934831629e-15
7.105087636010e-15
7.073800608457e-15
7.035316264164e-15
7.020334433283e-15
7.008387124542e-15
6.931149246190e-15
6.922957037286e-15
6.846354586158e-15
6.843125381115e-15
6.800212669053e-15
6.773417963461e-15
6.760802158678e-15
6.739165162008e-15
6.724680083296e-15
6.704475573090e-15
6.669324375032e-15
6.651431379966e-15
6.651253364034e-15
6.617103870331e-15
6.605842065292e-15
6.569404718938e-15
6.550368412237e-15
6.506513278464e-15
6.465346348585e-15
6.444911845512e-15
6.401498672773e-15
6.393425841676e-15
6.377109830118e-15
6.326656427395e-15
6.312994440043e-15
6.264307832200e-15
6.243903038448e-15
6.224849364124e-15
6.170484944350e-15
6.166467313095e-15
6.143148398228e-15
6.108748143135e-15
6.089457460182e-15
6.045368114405e-15
6.038592239119e-15
5.992437652795e-15
5.976597957638e-15
5.962426204098e-15
5.924382708643e-15
5.884405621586e-15
5.864543379479e-15
5.835854366399e-15
5.810862792553e-15
5.803350138521e-15
5.798160518993e-15
5.756462778117e-15
5.717391818562e-15
5.705689841630e-15
5.703481606600e-15
5.661521592492e-15
5.648263669458e-15
5.639489710847e-15
5.602612199969e-15
5.590677121577e-15
5.536514661397e-15
5.518976374409e-15
5.512106879859e-15
5.474259154563e-15
5.434338743041e-15
5.413557978290e-15
5.409013169976e-15
5.373320549763e-15
5.366204042610e-15
5.316945377445e-15
5.311837606323e-15
5.274721122568e-15
5.240927996353e-15
5.239679983583e-15
5.202771981836e-15
5.198676829804e-15
5.160288703062e-15
5.150655488722e-15
5.126764901572e-15
5.087241616152e-15
5.073165477635e-15
5.013256067171e-15
5.009826321608e-15
4.982201711096e-15
4.978720197076e-15
4.922688338167e-15
4.920132199440e-15
4.887804143504e-15
4.865332244360e-15
4.848312863033e-15
4.831482342468e-15
4.806704282711e-15
4.788109149927e-15
4.771070814905e-15
4.753069904503e-15
4.726764572128e-15
4.708350049367e-15
4.692324150452e-15
4.675703399600e-15
4.650295237001e-15
4.616176719319e-15
4.606294628548e-15
4.596498370540e-15
4.584363465679e-15
4.552665361456e-15
4.535532431657e-15
4.504782489166e-15
4.489964166552e-15
4.484089419496e-15
4.467341134701e-15
4.442205997937e-15
4.416057650479e-15
4.410218559328e-15
4.382368765920e-15
4.380830927100e-15
4.364109068828e-15
4.327546976262e-15
4.313398639568e-15
4.310749222177e-15
4.258661123831e-15
4.254207251432e-15
4.228628835793e-15
4.216358468859e-15
4.198012011857e-15
4.197096333012e-15
4.152356019026e-15
4.131073638159e-15
4.101448918125e-15
4.082812696831e-15
4.077925656443e-15
4.042417422646e-15
4.041433943033e-15
4.001082443880e-15
3.978712883754e-15
3.975732546256e-15
3.943950874611e-15
3.923080096886e-15
3.897583678291e-15
3.882229445174e-15
3.873987022716e-15
3.856249052655e-15
3.839161344932e-15
3.810764761622e-15
3.798649109314e-15
3.792585427196e-15
3.750219085120e-15
3.749564721458e-15
3.732085891509e-15
3.728595781183e-15
3.705118940055e-15
3.703961094111e-15
3.687423883442e-15
3.680642190121e-15
3.655257270171e-15
3.639208209471e-15
3.630124687168e-15
3.594739800079e-15
3.592482462475e-15
3.580101971850e-15
3.578153623057e-15
3.551618451792e-15
3.542958344409e-15
3.529386732263e-15
3.525647320748e-15
3.508898765572e-15
3.491920030422e-15
3.472910791428e-15
3.465109309000e-15
3.437547227686e-15
3.433471691247e-15
3.403126052665e-15
3.378221910319e-15
3.370725973448e-15
3.359285923268e-15
3.355422812847e-15
3.310926146138e-15
3.307215102472e-15
3.284166076460e-15
3.274334704030e-15
3.259754896078e-15
3.239407885926e-15
3.230222218523e-15
3.213969376757e-15
3.201980213528e-15
3.193049957234e-15
3.191983682109e-15
3.176647729826e-15
3.161970573325e-15
3.131550955493e-15
3.124151883584e-15
3.120175413374e-15
3.096035083007e-15
3.089832333369e-15
3.069797862118e-15
3.043252873782e-15
3.039592672331e-15
3.033615148374e-15
3.031972245490e-15
2.993194545432e-15
2.988951089180e-15
2.969326687501e-15
2.967027798335e-15
2.938299356347e-15
2.938023852797e-15
2.920383169121e-15
2.919337833556e-15
2.891130433806e-15
2.888088511308e-15
2.852052520772e-15
2.851737066499e-15
2.827219577857e-15
2.826444496693e-15
2.810266524700e-15
2.796115961698e-15
2.769883471689e-15
2.755000697763e-15
2.749892433502e-15
2.728627662392e-15
2.722870558154e-15
2.719606855756e-15
2.696908749982e-15
2.693767418624e-15
2.667199878896e-15
2.658363363825e-15
2.650647324467e-15
2.649691765637e-15
2.627861581402e-15
2.610080406928e-15
2.601513642038e-15
2.577293204842e-15
2.564450607081e-15
2.559135657696e-15
2.545960700099e-15
2.533047067990e-15
2.525510168542e-15
2.508263669444e-15
2.505143458171e-15
2.483216102661e-15
2.463147350813e-15
2.456869756975e-15
2.453909162889e-15
2.437809822298e-15
2.426118106852e-15
2.423583995828e-15
2.389434124169e-15
2.386726231632e-15
2.377676155981e-15
2.369271461450e-15
2.360196052361e-15
2.353389608821e-15
2.335488446292e-15
2.318575273210e-15
2.298537064599e-15
2.294488904326e-15
2.278378487758e-15
2.276738929861e-15
2.271841382368e-15
2.247965744701e-15
2.235217625471e-15
2.225516263643e-15
2.224341382910e-15
2.209731829686e-15
2.208146082906e-15
2.179533555857e-15
2.169375639490e-15
2.156821267501e-15
2.151892302019e-15
2.134939240544e-15
2.122721977547e-15
2.105668611506e-15
2.098924110318e-15
2.098200573716e-15
2.063699871236e-15
2.059971045817e-15
2.048166707488e-15
2.042362420502e-15
2.032498402870e-15
2.019588145649e-15
2.004250707207e-15
2.002182495780e-15
1.986644908003e-15
1.975996448672e-15
1.973853406246e-15
1.951990561595e-15
1.946274165931e-15
1.932600086710e-15
1.927909711735e-15
1.913802882300e-15
1.907745220370e-15
1.894766719045e-15
1.890401052866e-15
1.881569271297e-15
1.874560668824e-15
1.859852403521e-15
1.845356928520e-15
1.841436990582e-15
1.826085059700e-15
1.825686302548e-15
1.813827342478e-15
1.801191815336e-15
1.793651832716e-15
1.785390047938e-15
1.775204559267e-15
1.767491659016e-15
1.765480546738e-15
1.755438387297e-15
1.748634855088e-15
1.742416346226e-15
1.722407818837e-15
1.717542950904e-15
1.705246532489e-15
1.695487202759e-15
1.689995696497e-15
1.674532136978e-15
1.669391359700e-15
1.666106442093e-15
1.652304283801e-15
1.648247295194e-15
1.630718597132e-15
1.629250053485e-15
1.615071788357e-15
1.610918664475e-15
1.597685199863e-15
1.584136502007e-15
1.580667827705e-15
1.571063964550e-15
1.563677429435e-15
1.556512113762e-15
1.546267440327e-15
1.544869306513e-15
1.541903191486e-15
1.528470922036e-15
1.521018463142e-15
1.508698648132e-15
1.505459519113e-15
1.505036663186e-15
1.486108673434e-15
1.471291888364e-15
1.466139849693e-15
1.457905251646e-15
1.451723104089e-15
1.439307939231e-15
1.429959330822e-15
1.426982900593e-15
1.419712892180e-15
1.418395907429e-15
1.400295905049e-15
1.397080300381e-15
1.384987917773e-15
1.375881067967e-15
1.364812595432e-15
1.350619509473e-15
1.349088064431e-15
1.339328626907e-15
1.332489999002e-15
1.314219817337e-15
1.310914376476e-15
1.306597876787e-15
1.290430663447e-15
1.290287627167e-15
1.280737959672e-15
1.273637766126e-15
1.268144944127e-15
1.265034159041e-15
1.249484761562e-15
1.243310370038e-15
1.235098137757e-15
1.225546012909e-15
1.223002477656e-15
1.221407855255e-15
1.211429569698e-15
1.200604705669e-15
1.197252419458e-15
1.187282398208e-15
1.186517917092e-15
1.179010905403e-15
1.173855496429e-15
1.161131298622e-15
1.159476826849e-15
1.147479393069e-15
1.141144134854e-15
1.140139469693e-15
1.125747183008e-15
1.120216406269e-15
1.119142673361e-15
1.115626346146e-15
1.108304214740e-15
1.101586724656e-15
1.089096340855e-15
1.081621973934e-15
1.075476575689e-15
1.070554150463e-15
1.067901135577e-15
1.052951392214e-15
1.049871233988e-15
1.045378644522e-15
1.038338576852e-15
1.030888764936e-15
1.023378863151e-15
1.022559210187e-15
1.014596975883e-15
1.010660414325e-15
1.003328120650e-15
9.983430604965e-16
9.837373254126e-16
9.833348685791e-16
9.766672382441e-16
9.687886674469e-16
9.637832040232e-16
9.608019396942e-16
9.539686358484e-16
9.497371141533e-16
9.326784781376e-16
9.232277436942e-16
9.220514629043e-16
9.115840003948e-16
9.111273012326e-16
9.061638692143e-16
9.036261176970e-16
8.947192882059e-16
8.924617939728e-16
8.922671404799e-16
8.791109432164e-16
8.790876819617e-16
8.744090554875e-16
8.729020681919e-16
8.522493871713e-16
8.520215443436e-16
8.497532719347e-16
8.469738140608e-16
8.382832862123e-16
8.349765735619e-16
8.309576998735e-16
8.160612094115e-16
8.156586385511e-16
8.088354974877e-16
8.052424300000e-16
7.915730161727e-16
7.857202550899e-16
7.836253201596e-16
7.770999121104e-16
7.734081447684e-16
7.729208988125e-16
7.630333396433e-16
7.612710847336e-16
7.557578569807e-16
7.459609101519e-16
7.415965251277e-16
7.406249433186e-16
7.324786525349e-16
7.312898601667e-16
7.286399428839e-16
7.270700085775e-16
7.217982215054e-16
7.103996124952e-16
7.059308579587e-16
6.948653817375e-16
6.946737710635e-16
6.865799705197e-16
6.843981525207e-16
6.731046901118e-16
6.703896636186e-16
6.698053887924e-16
6.642547093101e-16
6.607531398600e-16
6.547244969341e-16
6.476816550217e-16
6.437221607861e-16
6.377538837507e-16
6.367323311750e-16
6.299694519878e-16
6.231511367260e-16
6.206696802947e-16
6.161634872662e-16
6.138881072229e-16
6.093852366579e-16
6.093540573891e-16
5.990547499747e-16
5.922497489135e-16
5.906061505523e-16
5.814173867364e-16
5.803229406050e-16
5.744953146097e-16
5.733929021602e-16
5.683348303958e-16
5.673565000355e-16
5.589943505469e-16
5.558695743949e-16
5.540668455188e-16
5.505717975379e-16
5.461570920066e-16
5.445740155638e-16
5.359747365762e-16
5.357710464441e-16
5.279263985473e-16
5.249866837562e-16
5.239792468928e-16
5.164821405131e-16
5.055872508626e-16
5.022144698253e-16
4.951018159186e-16
4.947111821812e-16
4.855336862377e-16
4.850011737559e-16
4.812220528107e-16
4.752918796339e-16
4.723184597733e-16
4.672175241554e-16
4.614993346249e-16
4.602271734027e-16
4.583837178783e-16
4.561552903621e-16
4.482463868640e-16
4.457183359768e-16
4.400124482198e-16
4.317007449282e-16
4.313836961728e-16
4.230127088608e-16
4.215146965143e-16
4.186987183679e-16
4.127855788445e-16
4.093491538200e-16
4.016177033740e-16
4.010122223770e-16
3.972193665307e-16
3.963715778379e-16
3.918708852173e-16
3.890557645380e-16
3.873240200720e-16
3.803010321270e-16
3.734977791670e-16
3.715298792825e-16
3.704979184660e-16
3.651209332488e-16
3.648718757312e-16
3.558360405002e-16
3.547248142487e-16
3.527335519707e-16
3.526849117820e-16
3.481335317132e-16
3.451944712819e-16
3.383530647187e-16
3.363360296444e-16
3.300440929811e-16
3.260583943063e-16
3.243480544781e-16
3.197666454874e-16
3.187931069792e-16
3.152359039668e-16
3.139498947464e-16
3.106116083106e-16
3.081579838961e-16
3.026355139003e-16
3.014436482193e-16
2.971297854989e-16
2.945516085460e-16
2.902971145602e-16
2.875356272527e-16
2.864541166500e-16
2.825653918470e-16
2.797982225884e-16
2.755427727726e-16
2.749244712211e-16
2.713356076019e-16
2.707981026566e-16
2.601155584829e-16
2.571973678526e-16
2.537043999412e-16
2.512429297422e-16
2.464150815732e-16
2.454414704645e-16
2.405644030876e-16
2.396566701481e-16
2.365893591520e-16
2.360364050772e-16
2.299297919891e-16
2.262594722551e-16
2.242637691899e-16
2.212275007482e-16
2.205115679879e-16
2.156220880565e-16
2.152038500626e-16
2.129060546572e-16
2.078024094484e-16
2.067953869079e-16
2.045358203296e-16
2.023865281631e-16
1.978916969918e-16
1.928719648398e-16
1.916945419788e-16
1.891232983396e-16
1.848092405197e-16
1.842757793890e-16
1.818781197544e-16
1.798145655479e-16
1.765211597037e-16
1.750557445241e-16
1.724938820649e-16
1.721259130335e-16
1.676556830866e-16
1.636844571856e-16
1.599455768558e-16
1.595123059892e-16
1.549304509378e-16
1.546168982411e-16
1.512058440389e-16
1.495617759346e-16
1.458053717768e-16
1.453639211034e-16
1.437512580508e-16
1.395902364911e-16
1.393248131613e-16
1.319908346154e-16
1.294721436697e-16
1.274206777170e-16
1.254488368846e-16
1.218740429331e-16
1.207362607543e-16
1.155707693600e-16
1.133249292778e-16
1.130112971188e-16
1.100160755841e-16
1.092788215837e-16
1.063052769404e-16
1.036894661829e-16
1.005158978291e-16
9.985225859639e-17
9.568714604042e-17
9.422378766405e-17
8.991657526732e-17
8.540869193393e-17
8.427282738360e-17
8.250393542072e-17
8.140835970347e-17
7.854692329654e-17
7.619324230618e-17
7.336102719618e-17
7.202085435385e-17
7.084120622762e-17
6.785383162760e-17
6.729500842160e-17
6.453402525373e-17
6.099869475532e-17
5.874186154468e-17
5.834900707327e-17
5.534931467217e-17
5.123345946489e-17
5.047656716656e-17
4.773664502838e-17
4.442947655880e-17
4.398665253343e-17
4.182133111651e-17
3.914440294540e-17
3.881709303650e-17
3.638940004407e-17
3.280802763251e-17
3.159156630306e-17
2.793401853365e-17
2.714345210266e-17
2.446279981269e-17
2.130395152492e-17
2.118893479198e-17
1.726300551801e-17
1.425588655550e-17
1.288769728312e-17
1.285163421156e-17
1.020792447824e-17
9.112306534161e-18
3.317837687713e-18
2.072827253148e-18
