#lambda_0=1.000000000000e+00
1.000000000000e+00
9.815186095893e-21
1.659754107425e-21
1.033857465522e-21
4.679238073722e-23
2.918321610521e-24
5.169578285830e-25
1.178218593736e-25
6.858908715056e-26
7.603628859601e-29
2.489672182781e-30
1.033148896298e-30
1.870397343570e-31
6.404173003600e-32
2.694742526613e-32
1.640074963543e-33
8.987963577746e-36
1.871072160733e-37
1.025324205533e-37
5.295537299511e-38
2.472883705965e-38
1.325463619469e-38
6.542556236712e-39
4.225748577087e-39
2.050232677517e-39
1.074047307727e-39
6.670138471393e-40
5.570200289216e-40
3.334284968318e-40
1.620460381039e-40
5.550083248064e-41
2.162595841360e-41
1.672911929517e-41
1.834941800723e-42
1.124862258962e-42
3.421312189137e-43
8.961098049714e-46
5.302009762846e-46
1.512925279119e-46
5.160458178884e-47
3.340579782652e-47
2.410190136434e-47
1.595469989269e-47
1.141302079189e-47
1.037049773395e-47
8.159998282261e-48
7.047803288664e-48
6.039356806469e-48
4.010702076337e-48
3.511747522700e-48
2.859516339776e-48
2.347616894106e-48
2.023490027546e-48
1.733298614264e-48
1.543007801481e-48
1.252587163708e-48
9.222988692629e-49
8.078028632853e-49
5.029168239342e-49
3.852471952391e-49
1.444998948741e-49
5.886249128718e-50
1.724303016758e-50
4.821631702488e-51
