#lambda_0=1.000000000000e+00
1.000000000000e+00
3.038511936545e-20
1.017994759071e-21
5.830808833579e-22
5.213647138328e-23
4.243133305708e-24
5.914535147865e-25
9.354349922164e-26
3.364827576476e-26
2.247750445924e-28
1.614032010929e-29
4.013478747959e-31
6.452118004595e-32
5.135359270192e-32
1.519783129963e-32
1.516836969686e-34
1.851014316584e-35
1.677492844738e-37
9.396066266039e-38
6.678826177063e-38
3.428010356195e-38
1.801516694757e-38
8.084493409624e-39
3.600363002981e-39
1.799610219069e-39
1.539245337515e-39
7.589248741020e-40
5.033298668956e-40
2.697480551258e-40
2.119007514171e-40
1.851459550751e-40
6.610090317375e-41
1.427136172011e-41
1.066951759444e-41
9.032302876995e-43
4.848099943366e-43
3.885909977300e-45
5.048222662881e-46
1.725744463752e-46
9.424852729580e-47
4.687913898957e-47
2.319754143854e-47
1.454374501684e-47
1.190093861244e-47
9.072727907294e-48
7.024143621473e-48
6.132003813711e-48
5.598373934604e-48
4.405799496721e-48
3.714457449424e-48
3.251334008760e-48
2.374076065029e-48
1.970998069967e-48
1.832377384082e-48
1.511948509587e-48
1.135257228342e-48
8.722688019267e-49
6.419956248013e-49
4.374413392657e-49
3.547241786889e-49
1.736583523661e-49
1.008156585055e-49
1.328132479332e-50
1.926776523399e-51
