#lambda_0=1.000000000000e+00
1.000000000000e+00
3.434514656661e-20
1.030947150097e-21
5.392842012203e-22
2.367584036132e-23
5.646757358168e-24
1.144450898755e-24
7.928159735144e-26
2.481147662361e-26
1.852389100507e-28
4.204617249282e-30
1.104023594631e-30
7.721764868737e-32
5.181989713245e-32
2.856025343798e-32
1.890935048923e-34
2.926612526349e-35
1.324719048787e-37
4.370182024356e-38
3.128352809487e-38
1.917693064535e-38
1.199384695866e-38
6.268543022685e-39
3.135540689103e-39
2.340670560473e-39
1.820771907017e-39
8.926626250187e-40
6.214980572324e-40
3.763506936771e-40
2.273950060428e-40
2.017574958723e-40
7.223593774112e-41
2.944158013311e-41
7.363864692796e-42
4.358813483860e-42
4.260149926633e-43
4.093511242735e-46
1.677840799084e-46
1.229803827149e-46
5.142978797394e-47
3.627862478523e-47
2.925368604580e-47
1.510153225609e-47
1.429370342562e-47
1.022614172197e-47
9.284529808245e-48
6.851149357912e-48
4.875235058954e-48
3.834634628292e-48
3.171513533614e-48
2.603895999872e-48
2.297551661754e-48
1.804281756903e-48
1.471210395724e-48
1.337273674050e-48
1.078000428488e-48
9.274383209489e-49
7.770411273989e-49
5.447447725327e-49
4.683341421941e-49
2.534996891678e-49
1.384512499106e-49
5.567556381064e-51
6.718819844894e-52
