#lambda_0=1.000000000000e+00
1.000000000000e+00
5.064335542502e-21
1.351171338860e-21
9.152278607016e-22
9.294909966067e-23
4.829762162916e-24
7.555222053864e-25
2.096895767092e-25
1.543224825112e-27
7.503308772268e-28
8.550679263927e-29
1.736246706904e-31
5.700750176471e-32
4.445585759692e-32
1.500942013539e-32
1.425156111751e-33
7.105554982513e-36
2.364711848364e-37
7.962310628744e-38
4.897600520484e-38
3.063293804061e-38
1.593326940984e-38
5.671349835633e-39
3.813626544162e-39
1.417331491166e-39
1.222767646058e-39
9.832083212654e-40
7.981253650639e-40
3.281412609005e-40
1.883875189194e-40
1.204039228647e-40
7.194504544726e-41
1.485052400341e-41
5.316681863942e-42
1.790896304291e-42
3.582404193546e-43
4.118167244900e-44
7.346040509290e-46
8.658470398522e-47
5.084952140759e-47
2.600877391245e-47
2.020169557917e-47
1.605721334898e-47
1.023704035540e-47
8.948667723026e-48
7.575234043916e-48
6.212698079686e-48
4.918335405432e-48
3.946281630094e-48
3.272603500879e-48
3.017314872688e-48
2.166289705542e-48
1.793370335081e-48
1.531095752777e-48
1.478068421055e-48
1.009807192843e-48
9.378065570590e-49
6.868243451708e-49
5.148865345462e-49
3.132568647627e-49
2.014923200880e-49
8.353193529787e-50
2.589395650130e-50
1.089809579234e-51
