#lambda_0=1.000000000000e+00
1.000000000000e+00
7.249173494572e-21
2.350653891473e-21
4.709688662105e-22
8.756197386233e-23
8.887192144436e-24
9.339673528904e-25
8.317385071170e-26
1.856237088204e-26
8.151029750534e-29
5.946138414426e-30
1.020467595259e-30
7.460373108432e-32
1.702701645933e-32
5.469616709852e-33
8.387396309200e-34
1.961194947580e-35
3.464663947251e-37
1.533329875350e-37
5.594126070568e-38
3.608448608342e-38
2.018662491156e-38
6.721696204829e-39
5.103646424944e-39
1.548653746444e-39
1.296233454141e-39
7.112116339333e-40
4.665123043368e-40
3.157025128924e-40
1.621604246245e-40
1.074939011670e-40
1.048010524293e-40
2.921900835844e-41
6.331247323125e-42
1.031198519734e-42
3.436495446141e-43
2.024304787518e-45
1.983021192081e-46
1.772053352042e-46
9.887147099400e-47
5.322952094747e-47
3.715741319889e-47
2.358409855567e-47
1.367019333249e-47
9.988679160681e-48
9.347542098192e-48
7.000039850471e-48
5.236855504224e-48
4.654131396587e-48
3.672250702684e-48
3.115697417997e-48
2.575706165249e-48
2.263525385828e-48
1.927632968070e-48
1.613160092865e-48
1.371453771094e-48
9.477327574741e-49
8.303726728485e-49
6.241388014677e-49
4.837239346064e-49
2.275733205500e-49
1.004669259684e-49
2.435872158901e-50
6.203017633616e-52
