#lambda_0=1.000000000000e+00
1.000000000000e+00
2.315656319996e-20
1.725832929457e-21
3.094802241977e-22
9.372538719962e-23
5.091570180568e-24
1.733240116462e-24
6.587230544829e-26
3.436292968889e-26
9.908729621427e-29
4.958101813086e-30
1.423974734700e-30
7.015624098299e-32
2.180661131029e-32
1.017360254656e-32
2.866654710428e-34
8.695382734333e-35
3.509533786869e-37
1.165601671155e-37
2.226365295820e-38
1.234931938798e-38
8.758835755271e-39
6.943125949379e-39
6.229611563649e-39
2.447053734279e-39
1.294844469043e-39
8.062435020095e-40
6.869186178526e-40
3.530851209185e-40
2.228072808062e-40
1.940191608554e-40
4.428675722981e-41
2.500099174291e-41
1.356664872073e-41
1.641037294756e-42
8.155981260403e-43
3.335968406987e-45
3.709991981351e-46
1.337452030313e-46
3.512866866847e-47
3.012769059334e-47
1.853156257139e-47
1.272960277632e-47
1.103181599165e-47
9.566958510674e-48
7.039163947573e-48
4.824255820751e-48
3.824417737356e-48
3.704121130466e-48
3.201112305034e-48
3.044065853653e-48
2.206564665057e-48
2.071946554295e-48
1.669668088136e-48
1.249343110706e-48
1.117309622271e-48
9.307605155021e-49
5.738272086934e-49
4.391126021444e-49
2.016390351888e-49
1.520823394752e-49
9.816551775148e-50
5.490531655689e-50
1.780335563952e-51
