#lambda_0=9.999999994676e-01
1.000000000000e+00
4.618066185220e-07
3.191121196995e-07
1.050821126165e-07
8.663449504093e-08
6.829446649043e-08
4.540947966899e-20
9.809556893588e-21
7.477502125988e-21
4.144828031287e-21
1.552470128027e-21
1.029435363493e-21
8.789523279347e-22
8.196663720861e-22
6.943369088628e-22
5.984454257070e-22
5.580757518800e-22
5.007970064764e-22
4.214684193436e-22
3.307626272338e-22
3.106002069645e-22
2.594412679031e-22
2.473287732548e-22
2.460909754343e-22
2.153444718431e-22
2.143735949021e-22
2.006249724596e-22
1.966859378905e-22
1.884549571369e-22
1.866183406434e-22
1.841866208326e-22
1.822103885323e-22
1.666311450475e-22
1.637635656343e-22
1.560033714198e-22
1.423299636301e-22
1.411521686915e-22
1.347588992758e-22
1.334714430479e-22
1.261522617657e-22
1.232496220650e-22
1.181925831142e-22
1.168979163746e-22
1.147845850582e-22
1.111256504896e-22
1.069230992029e-22
9.718637713365e-23
9.166061131336e-23
8.737093038614e-23
8.466465124904e-23
7.995924401547e-23
7.576092918949e-23
7.171617034129e-23
6.537849124421e-23
6.243293212347e-23
5.829458207122e-23
5.452213171466e-23
4.530024643066e-23
4.418243663693e-23
3.998343495309e-23
3.632154617951e-23
3.390468409827e-23
3.075455201903e-23
2.878501692490e-23
2.615211841232e-23
2.437745332759e-23
2.010038203542e-23
1.743846759843e-23
1.536374969490e-23
1.310872614882e-23
1.163410638614e-23
9.058573947660e-24
7.748547308829e-24
6.680012970643e-24
4.207790815859e-24
2.496167096218e-24
1.848782730417e-24
1.528725713656e-24
4.174182761370e-25
2.060977268769e-25
1.596502309194e-25
1.306123149726e-25
9.501723253538e-26
6.406136862650e-26
4.449811352653e-26
3.260172801843e-26
2.077971273155e-26
1.501411187401e-26
1.096257396381e-26
9.637683341999e-27
9.544140146858e-27
6.129627661898e-27
5.115495011971e-27
3.562093711252e-27
2.394805825706e-27
2.042686732960e-27
1.854464375699e-27
1.677724905729e-27
1.266547831883e-27
1.181092627361e-27
7.420532601358e-28
6.980078669420e-28
6.036359111231e-28
5.389374123205e-28
4.472860799528e-28
3.763522098090e-28
3.359929073926e-28
2.802458626167e-28
2.530320511007e-28
1.968613289860e-28
1.837474079245e-28
1.242834466729e-28
1.076017175982e-28
1.036480412790e-28
8.801381728985e-29
7.584924299920e-29
6.830857050058e-29
5.789084889399e-29
5.196588844783e-29
3.921254235006e-29
3.457193753930e-29
3.208150896433e-29
2.632430044420e-29
2.330501231469e-29
2.176797586952e-29
1.836572045501e-29
1.657355374692e-29
1.499046977234e-29
1.418674960086e-29
1.062153434603e-29
9.950146639403e-30
9.071005492811e-30
8.165383325251e-30
6.300896715788e-30
5.856670748873e-30
5.556937668909e-30
5.152370510775e-30
4.389073953833e-30
4.135851622890e-30
3.495248437027e-30
3.084675130191e-30
3.034100396594e-30
2.581776913769e-30
2.326917173027e-30
2.178947518606e-30
2.038324537480e-30
1.726390589699e-30
1.598128456315e-30
1.472438841676e-30
1.333999402005e-30
1.169239301702e-30
1.063464287435e-30
9.964476287825e-31
9.549134435512e-31
7.953002348667e-31
7.399171981130e-31
6.077687707030e-31
5.748976795137e-31
4.933867849366e-31
4.428117626539e-31
3.583102107854e-31
3.277806365823e-31
3.041072876554e-31
2.694060349251e-31
2.264131757894e-31
1.962971755672e-31
1.786747490171e-31
1.557049601282e-31
1.416312801773e-31
1.291185445986e-31
1.155104870443e-31
9.409513033576e-32
8.357753287685e-32
7.080371106746e-32
6.207007729149e-32
5.299546328286e-32
4.709143609984e-32
3.802927762160e-32
3.287376209862e-32
2.618150432671e-32
2.128020491348e-32
1.846144469126e-32
1.476979237673e-32
3.289977271611e-33
2.556273325185e-33
2.186088061731e-33
1.811031667182e-33
1.511994604515e-33
1.085840636090e-33
6.090514497184e-34
5.747383389501e-34
4.429835435408e-34
3.798564582301e-34
2.899760778223e-34
1.887780331756e-34
1.826106966686e-34
1.366357130650e-34
5.660100963736e-35
3.641670058106e-35
2.335253619087e-35
9.151474625422e-36
6.478738092185e-36
1.775784208335e-36
1.608610653308e-36
1.405775729027e-36
1.092475128462e-36
1.027426487863e-36
8.871740668308e-37
6.983624387722e-37
6.476512835807e-37
5.078420193755e-37
4.105466335772e-37
3.402381777490e-37
3.071815391551e-37
2.952716134250e-37
2.718829572786e-37
2.211985750671e-37
2.100910702974e-37
1.944011985983e-37
1.759533912493e-37
1.550955929965e-37
1.409469098489e-37
1.290195372368e-37
1.224416755009e-37
1.124324494502e-37
1.064908321174e-37
9.167868192719e-38
7.674670733324e-38
7.417659289270e-38
6.757912066101e-38
6.319100059808e-38
6.228678798612e-38
5.903088745629e-38
5.425358289094e-38
4.962052680146e-38
4.385820422108e-38
4.014993420538e-38
3.907831312824e-38
3.412960307446e-38
2.802827627330e-38
2.589396871171e-38
2.342868602403e-38
2.202963292146e-38
2.028767459936e-38
1.996714620143e-38
1.666644578535e-38
1.534227116142e-38
1.292649566969e-38
1.170193170593e-38
1.081295887732e-38
1.075306794554e-38
8.936747890917e-39
8.678658165925e-39
7.848341656885e-39
6.744067558858e-39
5.615330674988e-39
5.009183301861e-39
4.883774421126e-39
4.596977708164e-39
4.020677518901e-39
3.435406789432e-39
3.054873232672e-39
2.814328055587e-39
2.434866238116e-39
2.234493413201e-39
1.874086447398e-39
1.613001432147e-39
1.518349800912e-39
1.210205421923e-39
1.127724218784e-39
1.033045968143e-39
9.678615244859e-40
8.865517166889e-40
7.406244925322e-40
6.358300081158e-40
5.999969589605e-40
5.108631892991e-40
3.945507030607e-40
3.768547365899e-40
3.177243569378e-40
3.038874499385e-40
2.489509164682e-40
2.254655697294e-40
2.091841661162e-40
1.786533885013e-40
1.536351459849e-40
1.374375608407e-40
1.226877222017e-40
1.166835568988e-40
1.079053224225e-40
9.633560847670e-41
9.460897034660e-41
8.460118084641e-41
6.399380394138e-41
5.920912933016e-41
4.504421607732e-41
3.955427340429e-41
3.645398010303e-41
3.162267881675e-41
2.727247935035e-41
2.272967580390e-41
1.898177834776e-41
1.639541911668e-41
1.480083421450e-41
1.304574514785e-41
1.108937446920e-41
9.092254790968e-42
7.113632070255e-42
6.551186132008e-42
4.755545813077e-42
4.533211835166e-42
4.142365349220e-42
3.144640925182e-42
2.786482143339e-42
1.737667938625e-42
1.459861970809e-42
1.290010336043e-42
9.123924570485e-43
6.460773386493e-43
5.576080314970e-43
5.033427324567e-43
3.836649497806e-43
3.769063356081e-43
2.852603614738e-43
2.564764442762e-43
1.775604538914e-43
1.610754165093e-43
1.405248891566e-43
1.249221321783e-43
1.100892940626e-43
9.745809544456e-44
8.702317731070e-44
6.317055964088e-44
5.912958888434e-44
4.343755268237e-44
4.196720548946e-44
3.126261084214e-44
2.630136968734e-44
2.213089904366e-44
1.803857087140e-44
1.686877625487e-44
1.499322106911e-44
1.237468860176e-44
1.148216820015e-44
9.399963596867e-45
6.838691052767e-45
5.883686192564e-45
5.586649717038e-45
4.476542680532e-45
3.445625493274e-45
2.895186887452e-45
2.424355020144e-45
1.990061324128e-45
1.840533176625e-45
1.486719088675e-45
1.311388554777e-45
1.055916053531e-45
8.908668615009e-46
8.194075529282e-46
7.357085759847e-46
6.817326043754e-46
5.888851125062e-46
5.178274364465e-46
4.572070443411e-46
4.167308135979e-46
3.865163482047e-46
3.362760763384e-46
3.203134737463e-46
2.702944871422e-46
2.383009788560e-46
2.178418057001e-46
1.596864655908e-46
1.218869229995e-46
9.381876093559e-47
8.602670172143e-47
6.491150690933e-47
5.217644659191e-47
3.467181394116e-47
2.721740529213e-47
2.145684146808e-47
8.792840891812e-48
7.068339690959e-48
2.900787807983e-48
7.550515064346e-49
