#lambda_0=1.000000000000e+00
1.000000000000e+00
8.999898540122e-21
1.190422719753e-21
7.698699509220e-22
8.405404797755e-23
4.433299844514e-24
5.593172590136e-25
1.358491890699e-25
8.418803069856e-27
3.021205424995e-28
1.132868378690e-29
6.033980154518e-31
3.521761831444e-32
3.191874215726e-32
2.453605597810e-32
2.116467892160e-34
9.110323408889e-35
2.591673900593e-37
1.455494455354e-37
2.814365998632e-38
2.245387269703e-38
1.746419856691e-38
6.132800119393e-39
3.952660362119e-39
2.395105383616e-39
1.590797789577e-39
7.493027684796e-40
5.840446764262e-40
4.296402046357e-40
2.264678857607e-40
9.154804327415e-41
1.765516868439e-41
5.411325530537e-42
1.527750849942e-42
5.619386573322e-43
1.937566035974e-43
1.420645683326e-45
8.247014328618e-46
2.959634452743e-46
8.323678093352e-47
5.890743825038e-47
3.354391209015e-47
1.796318188338e-47
1.442563998164e-47
9.034446235723e-48
7.387939021840e-48
6.198770387314e-48
4.965487030290e-48
3.919417802939e-48
3.403873150410e-48
3.105469281545e-48
2.583972796387e-48
2.023431188442e-48
1.496969229048e-48
1.202862761168e-48
1.104310515647e-48
8.996734293349e-49
6.724847378633e-49
4.108416370563e-49
3.096244939437e-49
1.138242899102e-49
4.746175388227e-50
2.227510820611e-50
4.260662653155e-52
