#lambda_0=9.996054254011e-01
1.000000000000e+00
1.423519190491e-04
1.423404031563e-04
1.347092079213e-04
1.346773755131e-04
1.328320977955e-04
1.327395334636e-04
1.316840120846e-04
1.315480323828e-04
1.313238502911e-04
1.312943643908e-04
1.307754918382e-04
1.307432756972e-04
1.295288240356e-04
1.293813470647e-04
1.182354634701e-04
1.177174017416e-04
1.167252331878e-04
1.161201395642e-04
1.151691909205e-04
1.135721682071e-04
1.132109088350e-04
1.130663019086e-04
1.127371504932e-04
1.125535047053e-04
1.111755265517e-04
1.108314288121e-04
1.077663603599e-04
1.070702472652e-04
1.046186548764e-04
1.038532997683e-04
9.974199135047e-05
9.834932096443e-05
9.814544799640e-05
9.582751436415e-05
9.573370866919e-05
9.570124770747e-05
9.435497732529e-05
9.285247737551e-05
9.053254922119e-05
8.896854578215e-05
8.784083707100e-05
8.318891647399e-05
8.042861475670e-05
7.726481705443e-05
7.482441500156e-05
7.402950869884e-05
7.324824412017e-05
7.211364640507e-05
7.097775427610e-05
7.067792678960e-05
7.059003002899e-05
6.987835532386e-05
6.899843153462e-05
6.527026391414e-05
6.341919540207e-05
6.257321082408e-05
6.186562388685e-05
6.151321780437e-05
5.984615774347e-05
5.878047939730e-05
5.822763513166e-05
5.781841032006e-05
5.753407598461e-05
5.600281342959e-05
5.518389510431e-05
5.011355015138e-05
4.948994495700e-05
4.904697148927e-05
4.870088916199e-05
4.612773365615e-05
4.375784270660e-05
4.320598997694e-05
4.296533389635e-05
4.221627215731e-05
3.701484001775e-05
3.600374390925e-05
3.341101783842e-05
3.138397946457e-05
3.052208642579e-05
2.999229293947e-05
2.961002338861e-05
2.835354435343e-05
2.828222425509e-05
2.725636746240e-05
2.670829231238e-05
2.655454503321e-05
2.495928975359e-05
2.339509964299e-05
2.309272406461e-05
2.239499417880e-05
2.115715161741e-05
2.091539664030e-05
1.877499105406e-05
1.829287076113e-05
1.770314009865e-05
1.758734916534e-05
1.724123211208e-05
1.722862750166e-05
1.668545692444e-05
1.598947680791e-05
1.595583244458e-05
1.552280929101e-05
1.543960115807e-05
1.505910484271e-05
1.475775152131e-05
1.461322691960e-05
1.423802446678e-05
1.396526510017e-05
1.344882931781e-05
1.343546884169e-05
1.309540753763e-05
1.287861657841e-05
1.274034271750e-05
1.237491665773e-05
1.130627680688e-05
1.094524336908e-05
1.061079967902e-05
1.058057818519e-05
1.007505881405e-05
9.734501199937e-06
9.435346445021e-06
9.224333240004e-06
9.124046449823e-06
8.953437543977e-06
8.694476789477e-06
8.628151913899e-06
8.406779632098e-06
8.243349575890e-06
8.108403858436e-06
7.761203618789e-06
7.653958176237e-06
7.471161852771e-06
7.312838327659e-06
6.738796471943e-06
6.565934346120e-06
6.382036706514e-06
6.126188885478e-06
5.876051974730e-06
5.149989778740e-06
4.951846485193e-06
4.751732363190e-06
4.714463176955e-06
4.497663095423e-06
4.463714572724e-06
4.265701687855e-06
4.184580592427e-06
4.160006429177e-06
3.984714519140e-06
3.862299262464e-06
3.779056262300e-06
3.601468641924e-06
3.572401207098e-06
3.482070524372e-06
3.330646474367e-06
2.698397824985e-06
2.506522725501e-06
2.465019435168e-06
2.392155624309e-06
2.289104498653e-06
2.281816794286e-06
2.204171029136e-06
2.163302778285e-06
2.072520858259e-06
2.004708645441e-06
1.965087931418e-06
1.900770040266e-06
1.751952430741e-06
1.683041504871e-06
1.576646289910e-06
1.575466786306e-06
1.542838360147e-06
1.397593072570e-06
1.370120458675e-06
1.327659422598e-06
1.259305521625e-06
1.241006189287e-06
1.174957776173e-06
1.085164659484e-06
1.081824303912e-06
1.069442433160e-06
1.049472028480e-06
1.026199138521e-06
9.972155651537e-07
9.528671260448e-07
9.129032969563e-07
9.082776191745e-07
8.854515604638e-07
8.168376353873e-07
7.931443486978e-07
7.198428857860e-07
7.068181744504e-07
6.955109319052e-07
6.908518876750e-07
6.641189918331e-07
6.409572744548e-07
5.946961701703e-07
5.705391238594e-07
5.627602462891e-07
5.624121309082e-07
5.271222899353e-07
5.048788072233e-07
4.915477891887e-07
4.661176344106e-07
4.423840668787e-07
4.058104511554e-07
3.952272614074e-07
3.562050721975e-07
3.495758541107e-07
3.393260195411e-07
3.257273572136e-07
2.915866794984e-07
2.798922807746e-07
2.745006103679e-07
2.593171151606e-07
2.488499532299e-07
2.418426490915e-07
2.375678898155e-07
2.277763393151e-07
2.158531294200e-07
2.050783447216e-07
1.812627985429e-07
1.790518983870e-07
1.628267490951e-07
1.623380496726e-07
1.529986237823e-07
1.479618193064e-07
1.343968910268e-07
1.337781986022e-07
1.125396169359e-07
1.117945549077e-07
1.019591341591e-07
9.357432019639e-08
8.918931820608e-08
8.852527504142e-08
8.340375375946e-08
8.296589355060e-08
7.628325711791e-08
6.754206258322e-08
6.436171554334e-08
6.209449324879e-08
5.911183614022e-08
5.539717814259e-08
4.844081839308e-08
4.498618008332e-08
4.115882051527e-08
3.936126781463e-08
3.370360836685e-08
3.343847429998e-08
2.430554105724e-08
1.738068085705e-08
7.995067768626e-09
6.955691895480e-09
1.881768103919e-09
1.228613496659e-09
8.687706481150e-10
4.572664034146e-10
3.808260864019e-10
3.299680045324e-10
2.801519626696e-10
2.404441278780e-10
2.270855974088e-10
2.065099160275e-10
1.602563669532e-10
1.355097568509e-10
1.304837898290e-10
1.207183672381e-10
1.118237895920e-10
1.094324265809e-10
1.024831114629e-10
9.216169250222e-11
8.182440880947e-11
8.059184539880e-11
7.304778198959e-11
6.734060573245e-11
6.419174675378e-11
5.959089025092e-11
5.584700187400e-11
5.520405538698e-11
5.435403093249e-11
5.135794193658e-11
4.772209658218e-11
4.454819067362e-11
4.439758001474e-11
4.071491956101e-11
3.972238558691e-11
3.809641994504e-11
3.511885343618e-11
3.476769666702e-11
3.387488876955e-11
3.024502526954e-11
2.907057212438e-11
2.747432572582e-11
2.697236421148e-11
2.562218156540e-11
2.488087419264e-11
2.450522648233e-11
2.264617155693e-11
2.251305262188e-11
2.104941977257e-11
2.077353583703e-11
1.942107443451e-11
1.941106027067e-11
1.900285952933e-11
1.843890777836e-11
1.780563715728e-11
1.703159139987e-11
1.621075004730e-11
1.596839986316e-11
1.543715188576e-11
1.530720546132e-11
1.461442093877e-11
1.454920359193e-11
1.373233159408e-11
1.320579644274e-11
1.254819264016e-11
1.229304213724e-11
1.224212929135e-11
1.165590146948e-11
1.145308575606e-11
1.112979873134e-11
1.084785874600e-11
1.067296249973e-11
1.043621967728e-11
1.034463938866e-11
9.856736310690e-12
9.458293363352e-12
9.296309529660e-12
9.281945066773e-12
8.978584664634e-12
8.896264997696e-12
8.591330599637e-12
8.566738967511e-12
8.452316217082e-12
8.062699442171e-12
7.956132903746e-12
7.868477484957e-12
7.564414913709e-12
7.461511624642e-12
7.288841166752e-12
7.207750934232e-12
6.930377545983e-12
6.833192199626e-12
6.736777339839e-12
6.602299232633e-12
6.524943265639e-12
6.475381060993e-12
6.380921167960e-12
6.271460325655e-12
6.142497517196e-12
5.993058511170e-12
5.902830235292e-12
5.837679621694e-12
5.710230114937e-12
5.656559046832e-12
5.511911751092e-12
5.471529906217e-12
5.370304173875e-12
5.272439231055e-12
5.115518401875e-12
5.035658772807e-12
5.034876804629e-12
4.945551085736e-12
4.777194625777e-12
4.719010328469e-12
4.667381795404e-12
4.585818729793e-12
4.567900348120e-12
4.515952195120e-12
4.412037209876e-12
4.380526929636e-12
4.335211484790e-12
4.237710173374e-12
4.197990044853e-12
4.106873656538e-12
4.077349984234e-12
4.004552523440e-12
3.950827094597e-12
3.865772516671e-12
3.864441887811e-12
3.708581529485e-12
3.694206656851e-12
3.653689475272e-12
3.623252368774e-12
3.555826438807e-12
3.502577949518e-12
3.455239274024e-12
3.436280315629e-12
3.389852268357e-12
3.353124808609e-12
3.261937614772e-12
3.226190514365e-12
3.190142622855e-12
3.167246769813e-12
3.146010592316e-12
3.141082369488e-12
3.034651466669e-12
3.012752109715e-12
2.956176578549e-12
2.906332154843e-12
2.865788109541e-12
2.860324555452e-12
2.800984132918e-12
2.755700173242e-12
2.753672583849e-12
2.707841689916e-12
2.689932184181e-12
2.662531049735e-12
2.611427380284e-12
2.594482133243e-12
2.563492134809e-12
2.550183220405e-12
2.518468720595e-12
2.471212668869e-12
2.447752872687e-12
2.406207699736e-12
2.397466059196e-12
2.365170547688e-12
2.353652302884e-12
2.297367635324e-12
2.275465460617e-12
2.254237281631e-12
2.231261757619e-12
2.197344246355e-12
2.166353150619e-12
2.134575122389e-12
2.116060047080e-12
2.077349341916e-12
2.050012441939e-12
2.039277075977e-12
2.022547164977e-12
2.020832081569e-12
1.975951166857e-12
1.952049906818e-12
1.941418405600e-12
1.899565652756e-12
1.890824716323e-12
1.845607880016e-12
1.839965423321e-12
1.792393645637e-12
1.751092188976e-12
1.748126458761e-12
1.737584362773e-12
1.706821014937e-12
1.681235938640e-12
1.679222265983e-12
1.667890787488e-12
1.642108474858e-12
1.626049276514e-12
1.614383729892e-12
1.584737717769e-12
1.578325374383e-12
1.558907982033e-12
1.522510400471e-12
1.519624685306e-12
1.510140997621e-12
1.496125379472e-12
1.460025577446e-12
1.457332867803e-12
1.438057580518e-12
1.428610872433e-12
1.420092822688e-12
1.411303969247e-12
1.390619192290e-12
1.386697852968e-12
1.369575058003e-12
1.352234364440e-12
1.347905617721e-12
1.327163717739e-12
1.310680595921e-12
1.298876320099e-12
1.288247211468e-12
1.277322662804e-12
1.274656217957e-12
1.252457962183e-12
1.237168982948e-12
1.218831955487e-12
1.206134998109e-12
1.191497801743e-12
1.189901081053e-12
1.163092917385e-12
1.157562065387e-12
1.145413824976e-12
1.144900441645e-12
1.128459598520e-12
1.121055614684e-12
1.107385805531e-12
1.103328684922e-12
1.098947912796e-12
1.091185561338e-12
1.071500422595e-12
1.057222442002e-12
1.048096894655e-12
1.031008681281e-12
1.024778612540e-12
1.016781698794e-12
1.008578984054e-12
1.000743539669e-12
9.969716931779e-13
9.851954773330e-13
9.763255632000e-13
9.736999745691e-13
9.637917817176e-13
9.635600553743e-13
9.502526975459e-13
9.457305502441e-13
9.398427057376e-13
9.264301371215e-13
9.154197488255e-13
9.141788132032e-13
8.931243853846e-13
8.898972940037e-13
8.761186664639e-13
8.737018443853e-13
8.661218311888e-13
8.529040528556e-13
8.368167089384e-13
8.354749444469e-13
8.279572652797e-13
8.276944530239e-13
8.166298629701e-13
8.029856781018e-13
8.024174336308e-13
8.003274768736e-13
7.923985896855e-13
7.793095588168e-13
7.751122037321e-13
7.657185134258e-13
7.594529376532e-13
7.513272868015e-13
7.495747902278e-13
7.408878967960e-13
7.359838480777e-13
7.223861573521e-13
7.189928412301e-13
7.091569371004e-13
7.045208453631e-13
6.893060978753e-13
6.882941406899e-13
6.852037259900e-13
6.804978204294e-13
6.720351124840e-13
6.717735250051e-13
6.662394816541e-13
6.629520633473e-13
6.596115416513e-13
6.550661700121e-13
6.440968739189e-13
6.430088913294e-13
6.354069663637e-13
6.278288267377e-13
6.247010034635e-13
6.207497710560e-13
6.185028627716e-13
6.134079060446e-13
6.117186316711e-13
6.010560722458e-13
5.999942604947e-13
5.927632374385e-13
5.881849697352e-13
5.846819950107e-13
5.774811891528e-13
5.736353631654e-13
5.732564919191e-13
5.701504837714e-13
5.668547547693e-13
5.630709201143e-13
5.596861482510e-13
5.487333687642e-13
5.468800466446e-13
5.375737484433e-13
5.346584991920e-13
5.286460322958e-13
5.234716456254e-13
5.179299681342e-13
5.156353676915e-13
5.134474166376e-13
5.133767244293e-13
5.094371441440e-13
5.004027896388e-13
4.978411977589e-13
4.924435758852e-13
4.910639743755e-13
4.842474058837e-13
4.839852437298e-13
4.767633734594e-13
4.763274595614e-13
4.732323477110e-13
4.699405991475e-13
4.665464937835e-13
4.655390833397e-13
4.615199656643e-13
4.609079062350e-13
4.531403810473e-13
4.519932581859e-13
4.466391802670e-13
4.465406265950e-13
4.409770577434e-13
4.403592505490e-13
4.369528924310e-13
4.366919359662e-13
4.271338395071e-13
4.248401062308e-13
4.236893243908e-13
4.211068252872e-13
4.190662401559e-13
4.129702674681e-13
4.070517313015e-13
4.039369468128e-13
4.015648498037e-13
3.992034735130e-13
3.983360090529e-13
3.951794852099e-13
3.929523570046e-13
3.909429890063e-13
3.868747450524e-13
3.860909015657e-13
3.803495650010e-13
3.796304586236e-13
3.775359084384e-13
3.756391322847e-13
3.714617597436e-13
3.674118038079e-13
3.631850619861e-13
3.627266510489e-13
3.585052884396e-13
3.573718994556e-13
3.556025823400e-13
3.541595704810e-13
3.525977336752e-13
3.498134890490e-13
3.443724512516e-13
3.440035323715e-13
3.409458905687e-13
3.375756638968e-13
3.369691474419e-13
3.333722009032e-13
3.330746449465e-13
3.304224025762e-13
3.284439281814e-13
3.242628771687e-13
3.235462469489e-13
3.188923981907e-13
3.182532503623e-13
3.159948991094e-13
3.130417673679e-13
3.124734324305e-13
3.085043293050e-13
3.066390738876e-13
3.031129507628e-13
2.982975900196e-13
2.966641899421e-13
2.939686610242e-13
2.933019249059e-13
2.907047150917e-13
2.893602607494e-13
2.862010877167e-13
2.813629313677e-13
2.812991221453e-13
2.801717825453e-13
2.791963437415e-13
2.776819769050e-13
2.748266145944e-13
2.737005093886e-13
2.724867124333e-13
2.699320991716e-13
2.677134605811e-13
2.666739633852e-13
2.647268094868e-13
2.622775350708e-13
2.600827538756e-13
2.589986477264e-13
2.555717093289e-13
2.525234734980e-13
2.517412059934e-13
2.504094736805e-13
2.485923032572e-13
2.474532258515e-13
2.443974534855e-13
2.443760031217e-13
2.435969985195e-13
2.418721634356e-13
2.393886661375e-13
2.385854833040e-13
2.369175603133e-13
2.346882051223e-13
2.343042637440e-13
2.323019527472e-13
2.320377378299e-13
2.289625123430e-13
2.275340190414e-13
2.267824420413e-13
2.259539270097e-13
2.233556587519e-13
2.204441789313e-13
2.202669594648e-13
2.194639937399e-13
2.185922756538e-13
2.176409660116e-13
2.135674748301e-13
2.129487016620e-13
2.109173180415e-13
2.102246483357e-13
2.079664932702e-13
2.069758994285e-13
2.057512049393e-13
2.046510880277e-13
2.037056921769e-13
2.027053070388e-13
2.020877626260e-13
1.998709291988e-13
1.982118757623e-13
1.975586848598e-13
1.965737946402e-13
1.960136243462e-13
1.946573029007e-13
1.931789065540e-13
1.919300219504e-13
1.911713918699e-13
1.910694141125e-13
1.895192480573e-13
1.872143856687e-13
1.863708911153e-13
1.832851951802e-13
1.832131457625e-13
1.821254077371e-13
1.816449823012e-13
1.808962525866e-13
1.802866683963e-13
1.780100119196e-13
1.769234143754e-13
1.763921109925e-13
1.760168528025e-13
1.755578994767e-13
1.749263797810e-13
1.724546872289e-13
1.712235344671e-13
1.707886114160e-13
1.698815588715e-13
1.690084692536e-13
1.661075688386e-13
1.658412819313e-13
1.652297445570e-13
1.642049643297e-13
1.639160633863e-13
1.627484881652e-13
1.616679857122e-13
1.590172823971e-13
1.590156326228e-13
1.577252632477e-13
1.572317623636e-13
1.564809766735e-13
1.558818546491e-13
1.548760261527e-13
1.542025648857e-13
1.524068879227e-13
1.520476268955e-13
1.506615023558e-13
1.503711633641e-13
1.496934421811e-13
1.480288564356e-13
1.478359895605e-13
1.463087194993e-13
1.444940066539e-13
1.441865733527e-13
1.433694450302e-13
1.418439846654e-13
1.415306301290e-13
1.400876033396e-13
1.399599342122e-13
1.386247682504e-13
1.380846234495e-13
1.379255570119e-13
1.368150144587e-13
1.357475717396e-13
1.351463189682e-13
1.336996417998e-13
1.334666649444e-13
1.325936436170e-13
1.310392356112e-13
1.308935713418e-13
1.306461759740e-13
1.301375102098e-13
1.284240294803e-13
1.277254630519e-13
1.270433987677e-13
1.265722628158e-13
1.257429953026e-13
1.256164449557e-13
1.243652796295e-13
1.231616862953e-13
1.229967758505e-13
1.217880199799e-13
1.214966640628e-13
1.212147067003e-13
1.204586108328e-13
1.203859990679e-13
1.197285986111e-13
1.188258323854e-13
1.186943624986e-13
1.181651949296e-13
1.171321758793e-13
1.163960538552e-13
1.160468888322e-13
1.149178888418e-13
1.140575748506e-13
1.134145394485e-13
1.132003253976e-13
1.111802735771e-13
1.111475573684e-13
1.105118401995e-13
1.096208202674e-13
1.090617126131e-13
1.079001653733e-13
1.073316236802e-13
1.067814186012e-13
1.060620561260e-13
1.047304694856e-13
1.046504782187e-13
1.040684566340e-13
1.038456124723e-13
1.020673387129e-13
1.018149054943e-13
1.010049097729e-13
1.004669947735e-13
1.002688975205e-13
9.931862503733e-14
9.897618540506e-14
9.837796799522e-14
9.777791646013e-14
9.754861341842e-14
9.663559473244e-14
9.649140710303e-14
9.610223225487e-14
9.563008472442e-14
9.494565084969e-14
9.443429663115e-14
9.382412378390e-14
9.344368925821e-14
9.310130678541e-14
9.277515438533e-14
9.236897401900e-14
9.091075624012e-14
9.077526501589e-14
8.986668025862e-14
8.976924561459e-14
8.895643447410e-14
8.861502840039e-14
8.769950741333e-14
8.732496281172e-14
8.681236438296e-14
8.612274011239e-14
8.533402454613e-14
8.514059270359e-14
8.471896581069e-14
8.457050984918e-14
8.363418856657e-14
8.353194869050e-14
8.271728693634e-14
8.249216965882e-14
8.216293936225e-14
8.164322695494e-14
8.111072078338e-14
8.103451968840e-14
8.029905197689e-14
8.007512303446e-14
7.948930537073e-14
7.881844723284e-14
7.851267082570e-14
7.829329450047e-14
7.780630889008e-14
7.757001274665e-14
7.693580181855e-14
7.692048687482e-14
7.608728082928e-14
7.601488663599e-14
7.541960277231e-14
7.471744755519e-14
7.434886755069e-14
7.419795907773e-14
7.364768504553e-14
7.287321242564e-14
7.271307223546e-14
7.233345640388e-14
7.207163947497e-14
7.185353399956e-14
7.136507841778e-14
7.118877077162e-14
7.072552263666e-14
7.037756649048e-14
6.954237890456e-14
6.944006524623e-14
6.876034806558e-14
6.873111178053e-14
6.805590359380e-14
6.793584740233e-14
6.726157735434e-14
6.699445857764e-14
6.671572329221e-14
6.636605032576e-14
6.619160973476e-14
6.578780314882e-14
6.532558983122e-14
6.513193846190e-14
6.455658368120e-14
6.376318202476e-14
6.350439227556e-14
6.336559794650e-14
6.324584731248e-14
6.268985506335e-14
6.223178988612e-14
6.220593904289e-14
6.158511674993e-14
6.150105244485e-14
6.114171497089e-14
6.089057705609e-14
6.071784778450e-14
6.004085051718e-14
5.956586063030e-14
5.908337389191e-14
5.893549817488e-14
5.886260137691e-14
5.845266288418e-14
5.825142560052e-14
5.769505042083e-14
5.762200967236e-14
5.710901615460e-14
5.705729464658e-14
5.644492297173e-14
5.631087403657e-14
5.607631211440e-14
5.570735959484e-14
5.525127365198e-14
5.517237709682e-14
5.478696746818e-14
5.446785942847e-14
5.420785384655e-14
5.418513636446e-14
5.370771045192e-14
5.299094574132e-14
5.295262000486e-14
5.271235111621e-14
5.247536470565e-14
5.226875613401e-14
5.192846810058e-14
5.152358668824e-14
5.137762059765e-14
5.117055380990e-14
5.113198489231e-14
5.056458741739e-14
5.021155194014e-14
5.013268730831e-14
4.971224090222e-14
4.960682912080e-14
4.940097166718e-14
4.865467036021e-14
4.851866849167e-14
4.812480414159e-14
4.805828800923e-14
4.770521657379e-14
4.746892093058e-14
4.711410354487e-14
4.710251706358e-14
4.705551298826e-14
4.641363080090e-14
4.617035689024e-14
4.598779283363e-14
4.577556082731e-14
4.551044425106e-14
4.535180279876e-14
4.501652375897e-14
4.471307838664e-14
4.450228772260e-14
4.432985044644e-14
4.393469914269e-14
4.346547878811e-14
4.344942606840e-14
4.315796187951e-14
4.281905361252e-14
4.281247548616e-14
4.248048437237e-14
4.241693872951e-14
4.205316729596e-14
4.185764580315e-14
4.168473934807e-14
4.147879047266e-14
4.143170693252e-14
4.069163887328e-14
4.067102067325e-14
4.038899994168e-14
4.036405875597e-14
4.006740153777e-14
3.985913851499e-14
3.975779283422e-14
3.939867077527e-14
3.908101213674e-14
3.903009958255e-14
3.892993977763e-14
3.871960278823e-14
3.855677077671e-14
3.810693213204e-14
3.808585395387e-14
3.782380693809e-14
3.753847903704e-14
3.753745081787e-14
3.730767695837e-14
3.712177736571e-14
3.685343630639e-14
3.669551640160e-14
3.644601992581e-14
3.623337347776e-14
3.596827387514e-14
3.585639507667e-14
3.577118307134e-14
3.548734522978e-14
3.501305819244e-14
3.499235280238e-14
3.487304671955e-14
3.458572740109e-14
3.446038793836e-14
3.437396830339e-14
3.405208959708e-14
3.400203367991e-14
3.361179001122e-14
3.342238502212e-14
3.339424160770e-14
3.310381688970e-14
3.301855596117e-14
3.288831822445e-14
3.270967917335e-14
3.242801139695e-14
3.227186155868e-14
3.220777676566e-14
3.202756263619e-14
3.176664315921e-14
3.157922937021e-14
3.150405037994e-14
3.147344024717e-14
3.134579996446e-14
3.097540551283e-14
3.096263047148e-14
3.091422973636e-14
3.052561004719e-14
3.043979055504e-14
3.017062367596e-14
3.016506559041e-14
2.996810204282e-14
2.970020978742e-14
2.957931419454e-14
2.947483636699e-14
2.933789942711e-14
2.911243810213e-14
2.890642745658e-14
2.870560786345e-14
2.860904982182e-14
2.854342172418e-14
2.839796426080e-14
2.826129759405e-14
2.807600268943e-14
2.793969282525e-14
2.766034924109e-14
2.746396726400e-14
2.744331432134e-14
2.731549488409e-14
2.684198136346e-14
2.682631346135e-14
2.656290045839e-14
2.638252731615e-14
2.627773951607e-14
2.625189413067e-14
2.603414081205e-14
2.593339357281e-14
2.574870749767e-14
2.563024931894e-14
2.546809581042e-14
2.529773995055e-14
2.523646328427e-14
2.521239075566e-14
2.510269530357e-14
2.497710120993e-14
2.480033645187e-14
2.450271840090e-14
2.447078996505e-14
2.424810141831e-14
2.414653733438e-14
2.392625414907e-14
2.379547698943e-14
2.378588775237e-14
2.356450986073e-14
2.347641355146e-14
2.336235312033e-14
2.334219732766e-14
2.310917287131e-14
2.298974151260e-14
2.281854193095e-14
2.273860272018e-14
2.267889053140e-14
2.256637605729e-14
2.239466330786e-14
2.238334770692e-14
2.225919727664e-14
2.218240209805e-14
2.211491629077e-14
2.204286333412e-14
2.182603484394e-14
2.167258220449e-14
2.155640375188e-14
2.151274239604e-14
2.140496265796e-14
2.120719964244e-14
2.118644380070e-14
2.097220785693e-14
2.092272988078e-14
2.081083226779e-14
2.079815769307e-14
2.064542324427e-14
2.062183099646e-14
2.055957440893e-14
2.025886886985e-14
2.024545223762e-14
2.005891977588e-14
1.995106353530e-14
1.987298810130e-14
1.977871056564e-14
1.967817046116e-14
1.943290998181e-14
1.935422237447e-14
1.918339451589e-14
1.911387129428e-14
1.902802257640e-14
1.899841112301e-14
1.886549471463e-14
1.881146947710e-14
1.872166388695e-14
1.866938064763e-14
1.841345516602e-14
1.836597579434e-14
1.820183679388e-14
1.818792051475e-14
1.802525871849e-14
1.801537377758e-14
1.787558788964e-14
1.782752709745e-14
1.762267028906e-14
1.761318520485e-14
1.749842285639e-14
1.738311055059e-14
1.729824067436e-14
1.725393282036e-14
1.712893450279e-14
1.711874124825e-14
1.701100239020e-14
1.697530471652e-14
1.683659483879e-14
1.679001929482e-14
1.663928043901e-14
1.659813382624e-14
1.654410201318e-14
1.639575363905e-14
1.627425667229e-14
1.621480844703e-14
1.606721362548e-14
1.606004333840e-14
1.595218011091e-14
1.577034158054e-14
1.572714999971e-14
1.568196038994e-14
1.558637742900e-14
1.547927898108e-14
1.542132524179e-14
1.537514482986e-14
1.523298772605e-14
1.519625412480e-14
1.511994101102e-14
1.507715367047e-14
1.502163950258e-14
1.498437434342e-14
1.477641874870e-14
1.475362251970e-14
1.456410387235e-14
1.447509123374e-14
1.446752017020e-14
1.433731506895e-14
1.431221362035e-14
1.421889297282e-14
1.412080112365e-14
1.411181275554e-14
1.402036395628e-14
1.396389001054e-14
1.392822769289e-14
1.390689258999e-14
1.388720387005e-14
1.377874452663e-14
1.356164635766e-14
1.349387945691e-14
1.345396456323e-14
1.339840971569e-14
1.329573614904e-14
1.323885823334e-14
1.315421084795e-14
1.306362409998e-14
1.303201139008e-14
1.302565876091e-14
1.282464936001e-14
1.273938328996e-14
1.271314606997e-14
1.256902434125e-14
1.256750383033e-14
1.252004283029e-14
1.240183817745e-14
1.235524656798e-14
1.231745395232e-14
1.229001275289e-14
1.224043714463e-14
1.215125697803e-14
1.204532223194e-14
1.202796628436e-14
1.196894353502e-14
1.195154574547e-14
1.185665670768e-14
1.177773616233e-14
1.175030603622e-14
1.162362244342e-14
1.157665112588e-14
1.150675036271e-14
1.146980712074e-14
1.141391474834e-14
1.140606652803e-14
1.127038677701e-14
1.121360684096e-14
1.120396926791e-14
1.110960975915e-14
1.107843371738e-14
1.100978700668e-14
1.096592290194e-14
1.090390961954e-14
1.088028723110e-14
1.076482106985e-14
1.072743261083e-14
1.067273916335e-14
1.061810514044e-14
1.057702532511e-14
1.054072788082e-14
1.043697560660e-14
1.040955728968e-14
1.037428301763e-14
1.029913697169e-14
1.026061783856e-14
1.022494238490e-14
1.016478790269e-14
1.013485756127e-14
1.001014678465e-14
9.997843586025e-15
9.961056019810e-15
9.941622077684e-15
9.893163532942e-15
9.849972911659e-15
9.758242423348e-15
9.726558873129e-15
9.612211466010e-15
9.571562866249e-15
9.512005511302e-15
9.464706413626e-15
9.416721942162e-15
9.377127436771e-15
9.358245961540e-15
9.302912145103e-15
9.265864389215e-15
9.227299051199e-15
9.192925175430e-15
9.105538510829e-15
9.086557984831e-15
9.002907566281e-15
8.975861351496e-15
8.898576596315e-15
8.853327574316e-15
8.800631367425e-15
8.765887365120e-15
8.763638749391e-15
8.694956049008e-15
8.657106433825e-15
8.598180108565e-15
8.592948063361e-15
8.520402304980e-15
8.441631233422e-15
8.434712476945e-15
8.387661806259e-15
8.370454085955e-15
8.357079157549e-15
8.303595788103e-15
8.239706394689e-15
8.206231803025e-15
8.165474509000e-15
8.137159473785e-15
8.076253978000e-15
8.068178931009e-15
8.009321306392e-15
7.952339796003e-15
7.936052867924e-15
7.897958189247e-15
7.815769384928e-15
7.773870277200e-15
7.768827208240e-15
7.686121733379e-15
7.604436853455e-15
7.602005527049e-15
7.535948705182e-15
7.519051319235e-15
7.477840085252e-15
7.442910963054e-15
7.383569859761e-15
7.380775089740e-15
7.297838940423e-15
7.288241780499e-15
7.254485687961e-15
7.222779175937e-15
7.162275012966e-15
7.136422943542e-15
7.128130558720e-15
7.061903052974e-15
7.023949956332e-15
7.014039328789e-15
6.949023820561e-15
6.930543169037e-15
6.906432759526e-15
6.856494446356e-15
6.777813364182e-15
6.777400477191e-15
6.758942403187e-15
6.734002009572e-15
6.664221167468e-15
6.660954676524e-15
6.620121545010e-15
6.603924110138e-15
6.567068574465e-15
6.520774997028e-15
6.482588188882e-15
6.432359408962e-15
6.384895718652e-15
6.358904086854e-15
6.315921515768e-15
6.262468797095e-15
6.236735233786e-15
6.230788620541e-15
6.182350847725e-15
6.140801177982e-15
6.117981388038e-15
6.102996703467e-15
6.068134949929e-15
6.044447631575e-15
6.017497645860e-15
5.941466511744e-15
5.923796030666e-15
5.915211985412e-15
5.882505859057e-15
5.881094554903e-15
5.834701242740e-15
5.791593844318e-15
5.772577402449e-15
5.723956232966e-15
5.667007410714e-15
5.662770953044e-15
5.615730890356e-15
5.582093477446e-15
5.577784625232e-15
5.554087819795e-15
5.504696200908e-15
5.471352532891e-15
5.440943244730e-15
5.425987361477e-15
5.404001829730e-15
5.352514264873e-15
5.350677127288e-15
5.296334095214e-15
5.287772835560e-15
5.253190360826e-15
5.202238228263e-15
5.195839815155e-15
5.160890733632e-15
5.126518363289e-15
5.121434369609e-15
5.100330965562e-15
5.088903614386e-15
5.047462749694e-15
5.001366535066e-15
4.995967375848e-15
4.928782333143e-15
4.907208377349e-15
4.897225747222e-15
4.880079012583e-15
4.866828296129e-15
4.841795950195e-15
4.804155972892e-15
4.802526440838e-15
4.780463605531e-15
4.761798839010e-15
4.733330412124e-15
4.726033216976e-15
4.688222208292e-15
4.668465129885e-15
4.649710192658e-15
4.637628655997e-15
4.612153408942e-15
4.576693239334e-15
4.537789274908e-15
4.534444571457e-15
4.502595648352e-15
4.494268037996e-15
4.467903395452e-15
4.451331128582e-15
4.419334844794e-15
4.410328296916e-15
4.373147752174e-15
4.362119942526e-15
4.342277475845e-15
4.296157748297e-15
4.291848239552e-15
4.248822939970e-15
4.213630519173e-15
4.202342955455e-15
4.191340087692e-15
4.168983950408e-15
4.155031214335e-15
4.131278966206e-15
4.126877342641e-15
4.107353271744e-15
4.082052906033e-15
4.070981686178e-15
4.035265730694e-15
4.018718093704e-15
3.985667877921e-15
3.961295068480e-15
3.944434758687e-15
3.929362879945e-15
3.926822808628e-15
3.898158834941e-15
3.881709284275e-15
3.843112253457e-15
3.838211917220e-15
3.809671950781e-15
3.796587582272e-15
3.776359585716e-15
3.745965053814e-15
3.739822658571e-15
3.720631276463e-15
3.704746096272e-15
3.691387880171e-15
3.681905440454e-15
3.649910234851e-15
3.641918703500e-15
3.611792207106e-15
3.588681033556e-15
3.582717321469e-15
3.572554054903e-15
3.528060071189e-15
3.520379578799e-15
3.503249084897e-15
3.496941847941e-15
3.488363256645e-15
3.455103731211e-15
3.428552701920e-15
3.421111331971e-15
3.402861917282e-15
3.400880554694e-15
3.379902426099e-15
3.373810446352e-15
3.354336973214e-15
3.341135721509e-15
3.323100341797e-15
3.300338617297e-15
3.284339721607e-15
3.253308337257e-15
3.239667301643e-15
3.220887657673e-15
3.216096378791e-15
3.207064419411e-15
3.178525611947e-15
3.170621470883e-15
3.154838789277e-15
3.141791482937e-15
3.108746239946e-15
3.102211726930e-15
3.083627841713e-15
3.069038288748e-15
3.067684541002e-15
3.054290763026e-15
3.035862548002e-15
3.014039367082e-15
3.013701699824e-15
2.983462465936e-15
2.983301541960e-15
2.958597724140e-15
2.954118695956e-15
2.927942263047e-15
2.893932792271e-15
2.890388059876e-15
2.859381110229e-15
2.848820862302e-15
2.839743763851e-15
2.819847075192e-15
2.811929620848e-15
2.811371801636e-15
2.790508221136e-15
2.784785850396e-15
2.753231536658e-15
2.753074509115e-15
2.738155963863e-15
2.715452851076e-15
2.694791957029e-15
2.689290708891e-15
2.674895456169e-15
2.668395470152e-15
2.652858434371e-15
2.647333380175e-15
2.623434082898e-15
2.619595557717e-15
2.600614608922e-15
2.600578764646e-15
2.583065712758e-15
2.576362892425e-15
2.560152187371e-15
2.557683855964e-15
2.525531279377e-15
2.508310375903e-15
2.499825779537e-15
2.492356131866e-15
2.472433347386e-15
2.472345045596e-15
2.443394813800e-15
2.442508964057e-15
2.431318870533e-15
2.421668245840e-15
2.405544591728e-15
2.393609547952e-15
2.378417095003e-15
2.368954729235e-15
2.357601345490e-15
2.334579419377e-15
2.322116211724e-15
2.320047410073e-15
2.318102875960e-15
2.306556027358e-15
2.286519587405e-15
2.268517310424e-15
2.260330211454e-15
2.243113076858e-15
2.241164076564e-15
2.225494688852e-15
2.204549154444e-15
2.199362788383e-15
2.188781114222e-15
2.181242914966e-15
2.173430518513e-15
2.159858005628e-15
2.143621600504e-15
2.137024555667e-15
2.130743291732e-15
2.129004587042e-15
2.111104577784e-15
2.094493897009e-15
2.090203889078e-15
2.083141703716e-15
2.076290957517e-15
2.062699940253e-15
2.050640360052e-15
2.039045476706e-15
2.033471126638e-15
2.028867087729e-15
2.026012959586e-15
2.007740054212e-15
2.000919533632e-15
1.989336556156e-15
1.984705360198e-15
1.972746617560e-15
1.961480948532e-15
1.955317163756e-15
1.952054043428e-15
1.933889457080e-15
1.931775830290e-15
1.921135399566e-15
1.898467270750e-15
1.898169687809e-15
1.889840313687e-15
1.878499578389e-15
1.872862638384e-15
1.860580114944e-15
1.846269285376e-15
1.846020878925e-15
1.822610185859e-15
1.822363588575e-15
1.816975353940e-15
1.805561996788e-15
1.801313883371e-15
1.791468431647e-15
1.784953780314e-15
1.773616255885e-15
1.765373005783e-15
1.759463233977e-15
1.746122162304e-15
1.744415231424e-15
1.735228850369e-15
1.728068473753e-15
1.719637944020e-15
1.716055788804e-15
1.704523644405e-15
1.703312649111e-15
1.689694725535e-15
1.683869688727e-15
1.676091778519e-15
1.663326785250e-15
1.651742195852e-15
1.641105378014e-15
1.633142707863e-15
1.629088717982e-15
1.624913915761e-15
1.607044234572e-15
1.604665761508e-15
1.598751024885e-15
1.591704830198e-15
1.582065817687e-15
1.579442965963e-15
1.570780638130e-15
1.564178520822e-15
1.563614515456e-15
1.552019673466e-15
1.543362152770e-15
1.537833103078e-15
1.531401900308e-15
1.529149463274e-15
1.505032943278e-15
1.504508075761e-15
1.489132208240e-15
1.486350010727e-15
1.475774226142e-15
1.473455298266e-15
1.471026097063e-15
1.459012799650e-15
1.457629849572e-15
1.440390643733e-15
1.436126127420e-15
1.430505964560e-15
1.427289477333e-15
1.422938769328e-15
1.414894026993e-15
1.403510035813e-15
1.399234372496e-15
1.385947818938e-15
1.385360191786e-15
1.374101664963e-15
1.373039983807e-15
1.359219747645e-15
1.355216642592e-15
1.351953938075e-15
1.339760851641e-15
1.327739007596e-15
1.319604257371e-15
1.314217232966e-15
1.314130459794e-15
1.302579436997e-15
1.296414233122e-15
1.291237109106e-15
1.289617874051e-15
1.284622390093e-15
1.277547867861e-15
1.267440317504e-15
1.266611706410e-15
1.257581566277e-15
1.255756664133e-15
1.247849755345e-15
1.245271857503e-15
1.243147066768e-15
1.229760884646e-15
1.223541941694e-15
1.221348653739e-15
1.217702184776e-15
1.212509001077e-15
1.200478015804e-15
1.198144169205e-15
1.188699589321e-15
1.188338355119e-15
1.180980053498e-15
1.180497261659e-15
1.168638345478e-15
1.163806835452e-15
1.158544254369e-15
1.154363004460e-15
1.148717519679e-15
1.140797980867e-15
1.136277834460e-15
1.130595704955e-15
1.126260237446e-15
1.123031532580e-15
1.107064413582e-15
1.105364974256e-15
1.096648846233e-15
1.094335926808e-15
1.091504012371e-15
1.086613910494e-15
1.082995673215e-15
1.075338481011e-15
1.072106761291e-15
1.071695288915e-15
1.064632769562e-15
1.061826014229e-15
1.060855436962e-15
1.054190892758e-15
1.043716116706e-15
1.042692208465e-15
1.034464715574e-15
1.034126067113e-15
1.024324559420e-15
1.015050054582e-15
1.011613824029e-15
1.008957436389e-15
1.003493100772e-15
1.000369445177e-15
9.957920354084e-16
9.875352936721e-16
9.844126720064e-16
9.810062946269e-16
9.789051338380e-16
9.709283156152e-16
9.675959424757e-16
9.605673581178e-16
9.586639744080e-16
9.569135130608e-16
9.487130672543e-16
9.470303510991e-16
9.377247864509e-16
9.359460942165e-16
9.347554317470e-16
9.284475363481e-16
9.258535717964e-16
9.172403360872e-16
9.148947610916e-16
9.065805112461e-16
9.029146626688e-16
9.024948142336e-16
8.951967184477e-16
8.926449797320e-16
8.925691774007e-16
8.890993366354e-16
8.821780392547e-16
8.766127272348e-16
8.730211076530e-16
8.709282798448e-16
8.672168513870e-16
8.619158687250e-16
8.545920554842e-16
8.528958610565e-16
8.464537588392e-16
8.352254571199e-16
8.345274867345e-16
8.312750926841e-16
8.276738350785e-16
8.222252989482e-16
8.196735534245e-16
8.130754277977e-16
8.115753531452e-16
8.104593003080e-16
8.071750558248e-16
7.982309593603e-16
7.961546177470e-16
7.902612690544e-16
7.870212526619e-16
7.820716352962e-16
7.779437368153e-16
7.766057904658e-16
7.728901416521e-16
7.708086984608e-16
7.681022797441e-16
7.620948428772e-16
7.607389570862e-16
7.572710855449e-16
7.568102179988e-16
7.486498994351e-16
7.480694211818e-16
7.460562907138e-16
7.442457943164e-16
7.419015995555e-16
7.337338363694e-16
7.316532498241e-16
7.270998302507e-16
7.233521791707e-16
7.202245785470e-16
7.174207250574e-16
7.162324648037e-16
7.101618859041e-16
7.047459829918e-16
7.014391013869e-16
7.005098303408e-16
6.940203988551e-16
6.933781214677e-16
6.883493662003e-16
6.850210420842e-16
6.809081002659e-16
6.807954908596e-16
6.768810314315e-16
6.755000258546e-16
6.703095170361e-16
6.661866978952e-16
6.623835784155e-16
6.601774935368e-16
6.560785255328e-16
6.525528054332e-16
6.496451364277e-16
6.439772887498e-16
6.398224231964e-16
6.395041205280e-16
6.377198617120e-16
6.365462149083e-16
6.311775103533e-16
6.292805536574e-16
6.262779038848e-16
6.245926491622e-16
6.199152370231e-16
6.176231571800e-16
6.150588668448e-16
6.124668753826e-16
6.096016987968e-16
6.064318145101e-16
6.037350348619e-16
5.997028661568e-16
5.956303092513e-16
5.919882218123e-16
5.914008703360e-16
5.856416144538e-16
5.820858308653e-16
5.818318413145e-16
5.752095655489e-16
5.729138280193e-16
5.690707749119e-16
5.656757099845e-16
5.619025331381e-16
5.618283867180e-16
5.586954795956e-16
5.576693844462e-16
5.542149095435e-16
5.507439107862e-16
5.457040158260e-16
5.441769163255e-16
5.423521176679e-16
5.391362170003e-16
5.369441502139e-16
5.363249540910e-16
5.348583283694e-16
5.346527301729e-16
5.284114894212e-16
5.251186196592e-16
5.244040560923e-16
5.219940546581e-16
5.208067019532e-16
5.174779684020e-16
5.157362668279e-16
5.134672587097e-16
5.118501284755e-16
5.077281094259e-16
5.050488490717e-16
5.014210408699e-16
4.991980067756e-16
4.960571139354e-16
4.944875858587e-16
4.943504404605e-16
4.927700679380e-16
4.899468791169e-16
4.864669918264e-16
4.845508492582e-16
4.804078378079e-16
4.789076645744e-16
4.763962114409e-16
4.737488391591e-16
4.698602115652e-16
4.694821259148e-16
4.670088773100e-16
4.655117160192e-16
4.626970444608e-16
4.596301273320e-16
4.584194006557e-16
4.583001640078e-16
4.553720664981e-16
4.534613465320e-16
4.482868532173e-16
4.477063000705e-16
4.460938798753e-16
4.451848146583e-16
4.406651680948e-16
4.405706233563e-16
4.387192582508e-16
4.371037786348e-16
4.354417854121e-16
4.311611189466e-16
4.285781566137e-16
4.251042928171e-16
4.224582730684e-16
4.195421475788e-16
4.166188768842e-16
4.163182132245e-16
4.156714136257e-16
4.107415204263e-16
4.095275168055e-16
4.088649163573e-16
4.063764557138e-16
4.045105846526e-16
4.041095161869e-16
4.004936409436e-16
3.984468973984e-16
3.961092636883e-16
3.941184106394e-16
3.933096313881e-16
3.906172451434e-16
3.883766107311e-16
3.867742629525e-16
3.844816759841e-16
3.839183976733e-16
3.823565992850e-16
3.816180052622e-16
3.768922669622e-16
3.763515325681e-16
3.754901006084e-16
3.717597953350e-16
3.713420774157e-16
3.701506013156e-16
3.676701013812e-16
3.662468756694e-16
3.653523620119e-16
3.631859714260e-16
3.609277320052e-16
3.590432200766e-16
3.588483798955e-16
3.543419574855e-16
3.540861632605e-16
3.529465593138e-16
3.512371666916e-16
3.509126590806e-16
3.484389642390e-16
3.465808473507e-16
3.460266646073e-16
3.433335549789e-16
3.411364102113e-16
3.386494417118e-16
3.383446760309e-16
3.351583356203e-16
3.320935998358e-16
3.313971541796e-16
3.301731409514e-16
3.296343555185e-16
3.282366121842e-16
3.253669248033e-16
3.248074861965e-16
3.223965535743e-16
3.219586768948e-16
3.196408165859e-16
3.183252632980e-16
3.171771856115e-16
3.161057648109e-16
3.145232004639e-16
3.122628367873e-16
3.094715932914e-16
3.086933601828e-16
3.061624653433e-16
3.061316568866e-16
3.054963662110e-16
3.040554649024e-16
2.998318411103e-16
2.996236440715e-16
2.982677475764e-16
2.966149706200e-16
2.954333277815e-16
2.939057662498e-16
2.934758476854e-16
2.915856521584e-16
2.895268496369e-16
2.878152369291e-16
2.863064657059e-16
2.854958261481e-16
2.850678447058e-16
2.832737761349e-16
2.823729841577e-16
2.795942378676e-16
2.792495845005e-16
2.775285326029e-16
2.763485138514e-16
2.746834110285e-16
2.730147883808e-16
2.723357963140e-16
2.723210114253e-16
2.704856051172e-16
2.695217268920e-16
2.691213234223e-16
2.657875334640e-16
2.651449130955e-16
2.635987759980e-16
2.620310505917e-16
2.598099553125e-16
2.587670181471e-16
2.569535857552e-16
2.555766150319e-16
2.545849922741e-16
2.532475161428e-16
2.520180837371e-16
2.503543267335e-16
2.499918851557e-16
2.482570702563e-16
2.475004527775e-16
2.464614818134e-16
2.453636583079e-16
2.426840331355e-16
2.419761981154e-16
2.416349099605e-16
2.401841695180e-16
2.400311862713e-16
2.392950753609e-16
2.379295193093e-16
2.374421110508e-16
2.355696943282e-16
2.344956810914e-16
2.322940681354e-16
2.308770273107e-16
2.304490673398e-16
2.300961529083e-16
2.277794127458e-16
2.276759526357e-16
2.270766662871e-16
2.269478417743e-16
2.247684376414e-16
2.228779318690e-16
2.211990821752e-16
2.199186317234e-16
2.193323080814e-16
2.176771292149e-16
2.164350167684e-16
2.155662887026e-16
2.152804914824e-16
2.144503408467e-16
2.136173022864e-16
2.131804641512e-16
2.109002253716e-16
2.106764967833e-16
2.092237552096e-16
2.079177389291e-16
2.069515129462e-16
2.052764196890e-16
2.048840423835e-16
2.040784212129e-16
2.032314213043e-16
2.018402989774e-16
2.017400535834e-16
2.004453904803e-16
1.987782348559e-16
1.982125925085e-16
1.976370499086e-16
1.955310284589e-16
1.947956829668e-16
1.935132338781e-16
1.924234879825e-16
1.920362320434e-16
1.915994085715e-16
1.904086040145e-16
1.899329235602e-16
1.884242995336e-16
1.881441967401e-16
1.869936289257e-16
1.851902732045e-16
1.849851765643e-16
1.836967637062e-16
1.826267151211e-16
1.810973727651e-16
1.804405772822e-16
1.794875113900e-16
1.782529416625e-16
1.780817162164e-16
1.768163889961e-16
1.766975262541e-16
1.744299647554e-16
1.742501735434e-16
1.741619984469e-16
1.733645370975e-16
1.717183859036e-16
1.713710007803e-16
1.699143539589e-16
1.698312466936e-16
1.692461603391e-16
1.683658378613e-16
1.668577644976e-16
1.666781306510e-16
1.648760942924e-16
1.647637588977e-16
1.639183742636e-16
1.635656122527e-16
1.621154373083e-16
1.617974122780e-16
1.612074771826e-16
1.602393826873e-16
1.597880315418e-16
1.590080665500e-16
1.587381822270e-16
1.577776002782e-16
1.564359698391e-16
1.556390441519e-16
1.553727707895e-16
1.545188613548e-16
1.541309179050e-16
1.536212372734e-16
1.530981168418e-16
1.516676061381e-16
1.507332549881e-16
1.503663307545e-16
1.491522088722e-16
1.469940520489e-16
1.467336157271e-16
1.463402704837e-16
1.457515402274e-16
1.454828035518e-16
1.438678977857e-16
1.434118346437e-16
1.428284218915e-16
1.422827562798e-16
1.409014477986e-16
1.405630841565e-16
1.402923079278e-16
1.392335367583e-16
1.387781055430e-16
1.377957138518e-16
1.373742002590e-16
1.371373292618e-16
1.360292519707e-16
1.359679554678e-16
1.356278110094e-16
1.351690799266e-16
1.335494383562e-16
1.332348931328e-16
1.317582328407e-16
1.310247333180e-16
1.305632518635e-16
1.300137584738e-16
1.287138754366e-16
1.285877640271e-16
1.278776749779e-16
1.275376002153e-16
1.271233155293e-16
1.265321010134e-16
1.258623399900e-16
1.257854861338e-16
1.241873945050e-16
1.236664921950e-16
1.232056214796e-16
1.227822897548e-16
1.225633335720e-16
1.217592270920e-16
1.217218718695e-16
1.203078544502e-16
1.200090522773e-16
1.193914122293e-16
1.186709742322e-16
1.184774410856e-16
1.178456433252e-16
1.172823698646e-16
1.172285646961e-16
1.158139035040e-16
1.152598273544e-16
1.151330085330e-16
1.143487718635e-16
1.134692242713e-16
1.129776317969e-16
1.124329728424e-16
1.115810604026e-16
1.113344138194e-16
1.106117569798e-16
1.098978830494e-16
1.089653685734e-16
1.088627335928e-16
1.085551401288e-16
1.077234734823e-16
1.076296587661e-16
1.069026094180e-16
1.068722256493e-16
1.063213075022e-16
1.058405926508e-16
1.055204287819e-16
1.045674521403e-16
1.041404165954e-16
1.039922547111e-16
1.030331079104e-16
1.027860961703e-16
1.026932416231e-16
1.021798298946e-16
1.014574869061e-16
1.009161138655e-16
1.003391137839e-16
9.944809240549e-17
9.943441429489e-17
9.893617450112e-17
9.865698885171e-17
9.800823842155e-17
9.796244980792e-17
9.712362438529e-17
9.640833212382e-17
9.614411214858e-17
9.566878420922e-17
9.497479612709e-17
9.437015761020e-17
9.400679053130e-17
9.399850127773e-17
9.318989127875e-17
9.259563717422e-17
9.229339273382e-17
9.196790490040e-17
9.138361542083e-17
9.075816677609e-17
9.056594307112e-17
9.022745845512e-17
8.974648193833e-17
8.974327774464e-17
8.897484258248e-17
8.883612607682e-17
8.805634230243e-17
8.778356339230e-17
8.731615975590e-17
8.702159551270e-17
8.673777088256e-17
8.630539131005e-17
8.555103721641e-17
8.523652350462e-17
8.447916916014e-17
8.427420732635e-17
8.367320953337e-17
8.350321286350e-17
8.346230415237e-17
8.295441359267e-17
8.228336019426e-17
8.157959665642e-17
8.119703199332e-17
8.057474975965e-17
8.000588761826e-17
7.984399451940e-17
7.951890284145e-17
7.903178875386e-17
7.902770078738e-17
7.865736887568e-17
7.843436428501e-17
7.808935705353e-17
7.758789086336e-17
7.747520861578e-17
7.742397540393e-17
7.661206727129e-17
7.637555194396e-17
7.593968234278e-17
7.553388106498e-17
7.511656270482e-17
7.473258842020e-17
7.450407527857e-17
7.418570899940e-17
7.391928020143e-17
7.353644506764e-17
7.310234561532e-17
7.237288175656e-17
7.236235899658e-17
7.181044062000e-17
7.173537833726e-17
7.085910057379e-17
7.059375930698e-17
7.021757732973e-17
6.991595002407e-17
6.990838574641e-17
6.955385162004e-17
6.899364878651e-17
6.894144562139e-17
6.832195120631e-17
6.805548287642e-17
6.764871019783e-17
6.743901565602e-17
6.705086095702e-17
6.687994277607e-17
6.656966744941e-17
6.620745066740e-17
6.601164191650e-17
6.581767811040e-17
6.536456921628e-17
6.530115217680e-17
6.446046424422e-17
6.436559720594e-17
6.345999667311e-17
6.304759072203e-17
6.280871912293e-17
6.233769572445e-17
6.230309857973e-17
6.202101030344e-17
6.154805382501e-17
6.141103454768e-17
6.115706158964e-17
6.094148258122e-17
6.092784357118e-17
6.060750759228e-17
6.041002151213e-17
5.958924388718e-17
5.940379560877e-17
5.938124592078e-17
5.920272837132e-17
5.881076066706e-17
5.880002585097e-17
5.853112555309e-17
5.813351158998e-17
5.811542620319e-17
5.763236906312e-17
5.718013334157e-17
5.692090776405e-17
5.679510462844e-17
5.645527042452e-17
5.619161292492e-17
5.601655647181e-17
5.596349854412e-17
5.546453195963e-17
5.533330000912e-17
5.497308588635e-17
5.480538948825e-17
5.460233339231e-17
5.419698798697e-17
5.389064315215e-17
5.384476816600e-17
5.357563385727e-17
5.324739236117e-17
5.312185210895e-17
5.259942169377e-17
5.256375661112e-17
5.251748950378e-17
5.203407051222e-17
5.156458259864e-17
5.138482294970e-17
5.130624554122e-17
5.117796504827e-17
5.093182158233e-17
5.069441207760e-17
5.021017869989e-17
5.010515036253e-17
4.994984996993e-17
4.952469030262e-17
4.949697261893e-17
4.908726931961e-17
4.885027646174e-17
4.866988116018e-17
4.856076056502e-17
4.846118463690e-17
4.810007188705e-17
4.801061647141e-17
4.784603347107e-17
4.777861657449e-17
4.734631866793e-17
4.709553831976e-17
4.709459916743e-17
4.654658463963e-17
4.615611151926e-17
4.613644002611e-17
4.569537215212e-17
4.566963048031e-17
4.536509287764e-17
4.496039016520e-17
4.493311916159e-17
4.446934588215e-17
4.415994592275e-17
4.410372656926e-17
4.402145189392e-17
4.384749388620e-17
4.377440247415e-17
4.323094570634e-17
4.298981371781e-17
4.289946172366e-17
4.280371121267e-17
4.241558592915e-17
4.233697482056e-17
4.190532480313e-17
4.188670606739e-17
4.166933905566e-17
4.159586091867e-17
4.139304866342e-17
4.125749885434e-17
4.080935836328e-17
4.068203624587e-17
4.053807312994e-17
4.031467662560e-17
4.021456350753e-17
4.012881022278e-17
3.978054442896e-17
3.961415910587e-17
3.948443999998e-17
3.942166478147e-17
3.919438090390e-17
3.885179159648e-17
3.882758042002e-17
3.848121766440e-17
3.845213025140e-17
3.818097862698e-17
3.804000180093e-17
3.773620097253e-17
3.767737260471e-17
3.754386019947e-17
3.739289887174e-17
3.723093280435e-17
3.690526301611e-17
3.673818345301e-17
3.665551294938e-17
3.644344246069e-17
3.628771467101e-17
3.602411627302e-17
3.597278970071e-17
3.585870231761e-17
3.557592632188e-17
3.542244358442e-17
3.523870839356e-17
3.503477361947e-17
3.474228585179e-17
3.464060516600e-17
3.438189588537e-17
3.431998167097e-17
3.404052400713e-17
3.401564386265e-17
3.376523659307e-17
3.350312280357e-17
3.333422703835e-17
3.331796158805e-17
3.301708922553e-17
3.279020758271e-17
3.275755887868e-17
3.240378252023e-17
3.230948197457e-17
3.215063317724e-17
3.199558251232e-17
3.198455715845e-17
3.180339903686e-17
3.177077156486e-17
3.151064130905e-17
3.148056660005e-17
3.130194109813e-17
3.110841012162e-17
3.094304655978e-17
3.093519246776e-17
3.070946632757e-17
3.068696173885e-17
3.056208518355e-17
3.033372048547e-17
3.013532564667e-17
3.012922831179e-17
2.997033549175e-17
2.985800245737e-17
2.965431611072e-17
2.957660623710e-17
2.928964730132e-17
2.925940672093e-17
2.911392797393e-17
2.911072122487e-17
2.894596821555e-17
2.862808498233e-17
2.857308589125e-17
2.832498372697e-17
2.819872813991e-17
2.813805850933e-17
2.796117831613e-17
2.789959458870e-17
2.776359739077e-17
2.764572632156e-17
2.755976961181e-17
2.747423103338e-17
2.727658286733e-17
2.715981709179e-17
2.696802626624e-17
2.694390107696e-17
2.678622474725e-17
2.677832647392e-17
2.652497574306e-17
2.642393129384e-17
2.623152323742e-17
2.616359087557e-17
2.593422483355e-17
2.589787105704e-17
2.581416454367e-17
2.575058264989e-17
2.552930722767e-17
2.530641312346e-17
2.516624152973e-17
2.504342545110e-17
2.499812824201e-17
2.477757065003e-17
2.474469081046e-17
2.467135142430e-17
2.465854511885e-17
2.434747834322e-17
2.430113517446e-17
2.422764573284e-17
2.397953852376e-17
2.392352103211e-17
2.384369902574e-17
2.381908819633e-17
2.365217635973e-17
2.361773212338e-17
2.335869180766e-17
2.321912940970e-17
2.311007513524e-17
2.306865960399e-17
2.289121095276e-17
2.281010642153e-17
2.264731968977e-17
2.258869946737e-17
2.244411844988e-17
2.230597529978e-17
2.225906578995e-17
2.217722174286e-17
2.211433292194e-17
2.204898355672e-17
2.179157762472e-17
2.177310582480e-17
2.157624803842e-17
2.151528352386e-17
2.142146641157e-17
2.139742695604e-17
2.122985088083e-17
2.116478338152e-17
2.097093638550e-17
2.096994284123e-17
2.079647674569e-17
2.069008429592e-17
2.064077561821e-17
2.059552424704e-17
2.048291625931e-17
2.043354001827e-17
2.030031767578e-17
2.026216393905e-17
2.012738707888e-17
2.009718349658e-17
1.991253514664e-17
1.972213916367e-17
1.971826340131e-17
1.958420462295e-17
1.953248767325e-17
1.928181443302e-17
1.921769436757e-17
1.913360147161e-17
1.909162652003e-17
1.908772028733e-17
1.889498145407e-17
1.884876311967e-17
1.865256919630e-17
1.860743940994e-17
1.853925930865e-17
1.849557840619e-17
1.842289052034e-17
1.831510887161e-17
1.807803519085e-17
1.805816993220e-17
1.802132292006e-17
1.782720619767e-17
1.778500693518e-17
1.772537498425e-17
1.770482294197e-17
1.760880909442e-17
1.754071834828e-17
1.752516697203e-17
1.747311881423e-17
1.727450232010e-17
1.726288147570e-17
1.712055456187e-17
1.708318435455e-17
1.695105765206e-17
1.684554984336e-17
1.681633719154e-17
1.674486288170e-17
1.670447675226e-17
1.658861050212e-17
1.650820564042e-17
1.643617539320e-17
1.633733841855e-17
1.623751944852e-17
1.617736777058e-17
1.605359350940e-17
1.604608148370e-17
1.589600563500e-17
1.584825295802e-17
1.581311139250e-17
1.565649159396e-17
1.561083301516e-17
1.541128410094e-17
1.536985279609e-17
1.536852498110e-17
1.527202306117e-17
1.518435474354e-17
1.512791761278e-17
1.498002223468e-17
1.497404528406e-17
1.491890601936e-17
1.484646717356e-17
1.477653424088e-17
1.469667343332e-17
1.464047155897e-17
1.461226477149e-17
1.451711397577e-17
1.448377206121e-17
1.444898832603e-17
1.433012864000e-17
1.424891389509e-17
1.417312232078e-17
1.404628500606e-17
1.402946306217e-17
1.399118880108e-17
1.385038000464e-17
1.378153574410e-17
1.374180068233e-17
1.364532911330e-17
1.358789957567e-17
1.350311251017e-17
1.345746730345e-17
1.344054718831e-17
1.332670247218e-17
1.324817207417e-17
1.323779947282e-17
1.316939536489e-17
1.311353352176e-17
1.308160150738e-17
1.305049140738e-17
1.293709617419e-17
1.289926981337e-17
1.286714505123e-17
1.283782913359e-17
1.267952810508e-17
1.266602409961e-17
1.251240932711e-17
1.249652367435e-17
1.246171102220e-17
1.235294770069e-17
1.229072624330e-17
1.222493279917e-17
1.221661397732e-17
1.213306287186e-17
1.210028914693e-17
1.203130087657e-17
1.197441174174e-17
1.193068719648e-17
1.185502305582e-17
1.184694599060e-17
1.174680922848e-17
1.172213988660e-17
1.159851115060e-17
1.157674269497e-17
1.147261918089e-17
1.145973117602e-17
1.137138741410e-17
1.133050498975e-17
1.127326028049e-17
1.126413734079e-17
1.117137548726e-17
1.104359635837e-17
1.101056383426e-17
1.096402456662e-17
1.089893579971e-17
1.086169460922e-17
1.085815932519e-17
1.082621235396e-17
1.080165761892e-17
1.074025306530e-17
1.073807777306e-17
1.062391368533e-17
1.056761078472e-17
1.046445163505e-17
1.042960349396e-17
1.041710413743e-17
1.035186008479e-17
1.030427552542e-17
1.027251367159e-17
1.026440757406e-17
1.014194006921e-17
1.011300252536e-17
1.007820735471e-17
1.007064692033e-17
9.969241883642e-18
9.968211602264e-18
9.830928633296e-18
9.796472312361e-18
9.723568361329e-18
9.721679729454e-18
9.650034335299e-18
9.623786398090e-18
9.603036971444e-18
9.532298920085e-18
9.498138680865e-18
9.460274119982e-18
9.419369965532e-18
9.409168039833e-18
9.351488266871e-18
9.271183563310e-18
9.244925090571e-18
9.180295104122e-18
9.138451360722e-18
9.076542181207e-18
9.076299173824e-18
9.048652993737e-18
8.960553530666e-18
8.899352355300e-18
8.890043177930e-18
8.847825201961e-18
8.802461259036e-18
8.792815064636e-18
8.733315044343e-18
8.719144612391e-18
8.635390094372e-18
8.548657710993e-18
8.547278943668e-18
8.507118917096e-18
8.489509820558e-18
8.448509636802e-18
8.398868915819e-18
8.383721651372e-18
8.331593830072e-18
8.298524123048e-18
8.258481947654e-18
8.194073214070e-18
8.183245064371e-18
8.122442326951e-18
8.103619063421e-18
8.016136941856e-18
8.011747578871e-18
7.981709748756e-18
7.914698910501e-18
7.860718989497e-18
7.827490753133e-18
7.788746661953e-18
7.762022679900e-18
7.709907859631e-18
7.701103805754e-18
7.649197788314e-18
7.646057476719e-18
7.551863254660e-18
7.535301728607e-18
7.522517679060e-18
7.485047348728e-18
7.432866582606e-18
7.374935739875e-18
7.338568838154e-18
7.321874331841e-18
7.274304231702e-18
7.227450285936e-18
7.214801409457e-18
7.177695378034e-18
7.107462986708e-18
7.059405470946e-18
7.035015540007e-18
7.013200125014e-18
6.981582165483e-18
6.980318143645e-18
6.945945655437e-18
6.894533219410e-18
6.844355854373e-18
6.807860317261e-18
6.778380552288e-18
6.738146081264e-18
6.723719009308e-18
6.691811572995e-18
6.638349544830e-18
6.618220069834e-18
6.605328689275e-18
6.578238151165e-18
6.536118045609e-18
6.486966410233e-18
6.479427930768e-18
6.431158791468e-18
6.405076095985e-18
6.378863591812e-18
6.333786430733e-18
6.331805317560e-18
6.243809428353e-18
6.242398613386e-18
6.216585813657e-18
6.213230478747e-18
6.165013482876e-18
6.162588761589e-18
6.158285036025e-18
6.110554500475e-18
6.093650591605e-18
6.058734692943e-18
6.044330770135e-18
5.959631538285e-18
5.949573561423e-18
5.917746554979e-18
5.908208982805e-18
5.872525852163e-18
5.836785889430e-18
5.810265630331e-18
5.806418399556e-18
5.758307146205e-18
5.756476266863e-18
5.716957732048e-18
5.668241645802e-18
5.627490853335e-18
5.614186067427e-18
5.564490264889e-18
5.562682362067e-18
5.513636077738e-18
5.486007466657e-18
5.450042659235e-18
5.437292385257e-18
5.403059384021e-18
5.396350016668e-18
5.353536339505e-18
5.325737627031e-18
5.308592955107e-18
5.290811654184e-18
5.273547806339e-18
5.226474682342e-18
5.189958523371e-18
5.189751597241e-18
5.144826809725e-18
5.136798905785e-18
5.109809717867e-18
5.105153675734e-18
5.058876267947e-18
5.055509169968e-18
5.049606636429e-18
4.999610224953e-18
4.942815775166e-18
4.940759269655e-18
4.930328904713e-18
4.899222112679e-18
4.896460921080e-18
4.860936914419e-18
4.812467946646e-18
4.805370377594e-18
4.781067263944e-18
4.777181077971e-18
4.752643985799e-18
4.734190450672e-18
4.719705006763e-18
4.680335503559e-18
4.670542665904e-18
4.628986531736e-18
4.609542261408e-18
4.602199974070e-18
4.564291877838e-18
4.554069543738e-18
4.534732730304e-18
4.499123929031e-18
4.473998432696e-18
4.463945684353e-18
4.446369009658e-18
4.438034499796e-18
4.419579064039e-18
4.393743164276e-18
4.354697998996e-18
4.341731812335e-18
4.274176747537e-18
4.270200709653e-18
4.245948719180e-18
4.233777815324e-18
4.197784490549e-18
4.180651822227e-18
4.166466662129e-18
4.148516470255e-18
4.127518938682e-18
4.114285706648e-18
4.095634454146e-18
4.094867097959e-18
4.056490111677e-18
4.050092077833e-18
4.018857875924e-18
3.995142643076e-18
3.991487744811e-18
3.947356197388e-18
3.923993876812e-18
3.913212325622e-18
3.899327261715e-18
3.888473062684e-18
3.880157709989e-18
3.837869772457e-18
3.836925425296e-18
3.802916743390e-18
3.800292692289e-18
3.770189804423e-18
3.756461382969e-18
3.747891751212e-18
3.730492731095e-18
3.713120155870e-18
3.693461552395e-18
3.670837810909e-18
3.670088687622e-18
3.652431671626e-18
3.636466130897e-18
3.606035919440e-18
3.587729484370e-18
3.585217917840e-18
3.550770321205e-18
3.547584822020e-18
3.496653387562e-18
3.489337033517e-18
3.468528146579e-18
3.453166408913e-18
3.448860006806e-18
3.431501180523e-18
3.410899173207e-18
3.409394466943e-18
3.385130791461e-18
3.375795730974e-18
3.359961818375e-18
3.334325256594e-18
3.317349768929e-18
3.309195724952e-18
3.301458881599e-18
3.270510947314e-18
3.269385899925e-18
3.237637219131e-18
3.211884414113e-18
3.210816079556e-18
3.196095450730e-18
3.175726486209e-18
3.164919474559e-18
3.154860602733e-18
3.139948207869e-18
3.131465638851e-18
3.103670572450e-18
3.100788588223e-18
3.064150635331e-18
3.056330404396e-18
3.006791711415e-18
3.000840164311e-18
2.994876388183e-18
2.982633797593e-18
2.980219992089e-18
2.959172451267e-18
2.945919874160e-18
2.933536286123e-18
2.918769986015e-18
2.892725694355e-18
2.891710550505e-18
2.860214459359e-18
2.844571356071e-18
2.840148336275e-18
2.836505540546e-18
2.818513022895e-18
2.801167147792e-18
2.800655279732e-18
2.782889854601e-18
2.761642993948e-18
2.753653748256e-18
2.747443935325e-18
2.730438557926e-18
2.711592936906e-18
2.708970197764e-18
2.676501815380e-18
2.664610744487e-18
2.659543963407e-18
2.635000945054e-18
2.630261461895e-18
2.607939113941e-18
2.602622987830e-18
2.579806524973e-18
2.561975260962e-18
2.556472428404e-18
2.541461168721e-18
2.530697953999e-18
2.528840127510e-18
2.513116801487e-18
2.512599013007e-18
2.496065576202e-18
2.485759692449e-18
2.472793477644e-18
2.466245263945e-18
2.438200148814e-18
2.436817344192e-18
2.431279877746e-18
2.421578309307e-18
2.414896347910e-18
2.390635126814e-18
2.374480335458e-18
2.372885729963e-18
2.341606927993e-18
2.341110700418e-18
2.329442405367e-18
2.320396712014e-18
2.313363484430e-18
2.300743044191e-18
2.281253187097e-18
2.280170426492e-18
2.262190588359e-18
2.259571403836e-18
2.246505255760e-18
2.232705791557e-18
2.227693058694e-18
2.212940049189e-18
2.210954625938e-18
2.202619269077e-18
2.193594620180e-18
2.179857735463e-18
2.166792803018e-18
2.160809273553e-18
2.149142269422e-18
2.146180201105e-18
2.128326060700e-18
2.115785217966e-18
2.115230128491e-18
2.100795271021e-18
2.086214663752e-18
2.080996185960e-18
2.061248415911e-18
2.053503949551e-18
2.040170799112e-18
2.034793701469e-18
2.019122441086e-18
2.010791465314e-18
2.002402482106e-18
1.996447820923e-18
1.980341065396e-18
1.965583645128e-18
1.958231948531e-18
1.948512526976e-18
1.944545582534e-18
1.927569451786e-18
1.925773513285e-18
1.908689905197e-18
1.905589024589e-18
1.900155914342e-18
1.882691664008e-18
1.878073167755e-18
1.873802478842e-18
1.853416693218e-18
1.852208827183e-18
1.842035075395e-18
1.832042634869e-18
1.822968227199e-18
1.819392890422e-18
1.798338946087e-18
1.793598864159e-18
1.782911954100e-18
1.768634183318e-18
1.763754753564e-18
1.753456301462e-18
1.746716388520e-18
1.735970240818e-18
1.730630563092e-18
1.727533413912e-18
1.720246160485e-18
1.717809403894e-18
1.705782933576e-18
1.690038693198e-18
1.676688815725e-18
1.674655368303e-18
1.670586654453e-18
1.657410150723e-18
1.642381977144e-18
1.634076436841e-18
1.623004926145e-18
1.617153426488e-18
1.609966698724e-18
1.608638528742e-18
1.602402632450e-18
1.591162350561e-18
1.582491602352e-18
1.578519224543e-18
1.568546764091e-18
1.566914530469e-18
1.550402071147e-18
1.549047350917e-18
1.535613641568e-18
1.527050001883e-18
1.526493188922e-18
1.512457703423e-18
1.509483611362e-18
1.499789985475e-18
1.493265788870e-18
1.491753363172e-18
1.480425526036e-18
1.474071240198e-18
1.472222621108e-18
1.455261178249e-18
1.449170426019e-18
1.441423652869e-18
1.432768964449e-18
1.428604076495e-18
1.425707734622e-18
1.410221372940e-18
1.409946417426e-18
1.400053717974e-18
1.399714357529e-18
1.389616129293e-18
1.381227698539e-18
1.376175142800e-18
1.370559438145e-18
1.358938277756e-18
1.355087406547e-18
1.350439526568e-18
1.343658141319e-18
1.334268865264e-18
1.332375851489e-18
1.322873786573e-18
1.315024250203e-18
1.311160303265e-18
1.306810388953e-18
1.287867459883e-18
1.286357503607e-18
1.279587196212e-18
1.273694229691e-18
1.272189772491e-18
1.267266612724e-18
1.262068142756e-18
1.253163993857e-18
1.244530596985e-18
1.243471362565e-18
1.239086031998e-18
1.228259458112e-18
1.224997844576e-18
1.212203126061e-18
1.204157365486e-18
1.201011796675e-18
1.197119715995e-18
1.192772630129e-18
1.187578415720e-18
1.180080277195e-18
1.177242430930e-18
1.174343074796e-18
1.162986421100e-18
1.161004222574e-18
1.147853612058e-18
1.147536906620e-18
1.138525840039e-18
1.136218633664e-18
1.126482370269e-18
1.123649599466e-18
1.120812775593e-18
1.113471638745e-18
1.105448540782e-18
1.095707763716e-18
1.088879558425e-18
1.086729271476e-18
1.081482673889e-18
1.073463931481e-18
1.069665538448e-18
1.062181126397e-18
1.058901500330e-18
1.058137169028e-18
1.046976249368e-18
1.045212964927e-18
1.035437291762e-18
1.035275679206e-18
1.031929283418e-18
1.029599127415e-18
1.026634394917e-18
1.017368137847e-18
1.015300255074e-18
1.008096321958e-18
1.002931891586e-18
1.000344287995e-18
9.941715166186e-19
9.859919204080e-19
9.843377745920e-19
9.782434795879e-19
9.772025508612e-19
9.709810688854e-19
9.685574673226e-19
9.651178441917e-19
9.627448925920e-19
9.528763994686e-19
9.473428898395e-19
9.410286249778e-19
9.406743834827e-19
9.325519551373e-19
9.281030324482e-19
9.259653249376e-19
9.145608441941e-19
9.141108085604e-19
9.119988737544e-19
9.045186529094e-19
9.007674633598e-19
8.991166965191e-19
8.933490767469e-19
8.871808252676e-19
8.802310241027e-19
8.760465792628e-19
8.716112995619e-19
8.687121273326e-19
8.632856156866e-19
8.617254818263e-19
8.568070964272e-19
8.494864823904e-19
8.474251607191e-19
8.449809867440e-19
8.378964820617e-19
8.300011837947e-19
8.268621518828e-19
8.225844173590e-19
8.224855690578e-19
8.154394635747e-19
8.126901687070e-19
8.106102594940e-19
8.031595177745e-19
8.027896108233e-19
7.971664234797e-19
7.945733590769e-19
7.894831336985e-19
7.879310843890e-19
7.847347519054e-19
7.783453649363e-19
7.750011149396e-19
7.692923818432e-19
7.687173896608e-19
7.669932574567e-19
7.558765387841e-19
7.496498527184e-19
7.465548198423e-19
7.404449548069e-19
7.400764544283e-19
7.362916284503e-19
7.360016305344e-19
7.293765342094e-19
7.246188594211e-19
7.217923452640e-19
7.202318641819e-19
7.150544861145e-19
7.131297187032e-19
7.121317968959e-19
7.070016954937e-19
7.050337462993e-19
7.002994391471e-19
6.998133394131e-19
6.965381703721e-19
6.880605930523e-19
6.873812175582e-19
6.812668426399e-19
6.801364718944e-19
6.801073346463e-19
6.729200598783e-19
6.726692426871e-19
6.689669954033e-19
6.676803999394e-19
6.627722010982e-19
6.587866660879e-19
6.537683401947e-19
6.532592459033e-19
6.473774685729e-19
6.464437119823e-19
6.398446520639e-19
6.384962333228e-19
6.351662970996e-19
6.330633677337e-19
6.309607566978e-19
6.304285549213e-19
6.262612159757e-19
6.216974609563e-19
6.164705395751e-19
6.107454318079e-19
6.105182910927e-19
6.078819936033e-19
6.070247325845e-19
6.046661045329e-19
6.032320534945e-19
5.978989035667e-19
5.947185980323e-19
5.920302242178e-19
5.897411904595e-19
5.850451893122e-19
5.811679102271e-19
5.802132540654e-19
5.767110710542e-19
5.752595590733e-19
5.714177377773e-19
5.671297409508e-19
5.642887353885e-19
5.641103417569e-19
5.585219540853e-19
5.555426844747e-19
5.500397146610e-19
5.488012846427e-19
5.439693917030e-19
5.423288556242e-19
5.420164091223e-19
5.401184174870e-19
5.361073758529e-19
5.330459560124e-19
5.310923668042e-19
5.301560320662e-19
5.260128204389e-19
5.228057146013e-19
5.179862242302e-19
5.163591573287e-19
5.119960962202e-19
5.117856211794e-19
5.073901342487e-19
5.058753872820e-19
5.033933017465e-19
5.021993305446e-19
4.976349245216e-19
4.974051239624e-19
4.941931186147e-19
4.904116370788e-19
4.886301232806e-19
4.851324082300e-19
4.844623508905e-19
4.825212949525e-19
4.816858946050e-19
4.773301656174e-19
4.747450760856e-19
4.727068907395e-19
4.706313947969e-19
4.679501676734e-19
4.672979657430e-19
4.642313138636e-19
4.635292057562e-19
4.590954432187e-19
4.575004872632e-19
4.554559900975e-19
4.542498854574e-19
4.521142885726e-19
4.482580201665e-19
4.481083440603e-19
4.447573408567e-19
4.444353845220e-19
4.424277997513e-19
4.369465293586e-19
4.350266343772e-19
4.302985843006e-19
4.297258141494e-19
4.266820017293e-19
4.246526366274e-19
4.233082925957e-19
4.219878515387e-19
4.203166104861e-19
4.197571920876e-19
4.139306371740e-19
4.107319010094e-19
4.091222268447e-19
4.078796399898e-19
4.053053998230e-19
4.035278442099e-19
4.032331799059e-19
4.005738608475e-19
3.978776653220e-19
3.960260644219e-19
3.948629426810e-19
3.919922590781e-19
3.898171220140e-19
3.854966106092e-19
3.839924333885e-19
3.823996713524e-19
3.817183875395e-19
3.810566632521e-19
3.799935209445e-19
3.763129377949e-19
3.751675279080e-19
3.738531747378e-19
3.721749618114e-19
3.682337923057e-19
3.652293140024e-19
3.648768283756e-19
3.629036258662e-19
3.595056922592e-19
3.565282076825e-19
3.558825710912e-19
3.533409162116e-19
3.503780992459e-19
3.503118364798e-19
3.492291044448e-19
3.469608309775e-19
3.446550981517e-19
3.434443309509e-19
3.429040324187e-19
3.402927942317e-19
3.375840886110e-19
3.349434702901e-19
3.346718671351e-19
3.318566518355e-19
3.315759244948e-19
3.299142060755e-19
3.278348086967e-19
3.267360487585e-19
3.261242362808e-19
3.220901298365e-19
3.210873414602e-19
3.208620899905e-19
3.186490455780e-19
3.167022329882e-19
3.137153646780e-19
3.133592481598e-19
3.118009840316e-19
3.112922093235e-19
3.090150069471e-19
3.081428487085e-19
3.065803004015e-19
3.059480057045e-19
3.029327535285e-19
3.027415087824e-19
2.980196032910e-19
2.978783722454e-19
2.937227250281e-19
2.928351174136e-19
2.922063040961e-19
2.897394275001e-19
2.893085616298e-19
2.877134515915e-19
2.846615924859e-19
2.828571461981e-19
2.818046030067e-19
2.812481591937e-19
2.793847192640e-19
2.790184847827e-19
2.761775137366e-19
2.747098954367e-19
2.736155045968e-19
2.718418199266e-19
2.703169539274e-19
2.691593092023e-19
2.682936275246e-19
2.656880452617e-19
2.651235801012e-19
2.637774210265e-19
2.604140242210e-19
2.596485247432e-19
2.583856303598e-19
2.569706521343e-19
2.560484755891e-19
2.542785112520e-19
2.537620796757e-19
2.535099299039e-19
2.523233743304e-19
2.480036318947e-19
2.475815153592e-19
2.465145226657e-19
2.453255521091e-19
2.441121047871e-19
2.440680149983e-19
2.417589511504e-19
2.413856021628e-19
2.398208277092e-19
2.393456736667e-19
2.377611711554e-19
2.368521864154e-19
2.354816062112e-19
2.329129602396e-19
2.316425141588e-19
2.311759038191e-19
2.285865487357e-19
2.279837317401e-19
2.266895554867e-19
2.266726246846e-19
2.254334016171e-19
2.237577903025e-19
2.224451877485e-19
2.214760606537e-19
2.199399151652e-19
2.190394496191e-19
2.182406620578e-19
2.166946240890e-19
2.160610301180e-19
2.158125423023e-19
2.146387595048e-19
2.127413828967e-19
2.120217060710e-19
2.119194529225e-19
2.089875771087e-19
2.078212481250e-19
2.076417996193e-19
2.064180365835e-19
2.059036628088e-19
2.037718604092e-19
2.031271637097e-19
2.017118668705e-19
2.009155481039e-19
2.002344244672e-19
1.993847784723e-19
1.981820439619e-19
1.966358858688e-19
1.959265917742e-19
1.946013606253e-19
1.942619649619e-19
1.930851435724e-19
1.921659188565e-19
1.902998032213e-19
1.896598938939e-19
1.893749771164e-19
1.875742001621e-19
1.875181855474e-19
1.860747671130e-19
1.858262642468e-19
1.851673426120e-19
1.837185741681e-19
1.830491699686e-19
1.811272812670e-19
1.807062940837e-19
1.798890853272e-19
1.797136665832e-19
1.784802688238e-19
1.773724180003e-19
1.749164095363e-19
1.748487272056e-19
1.740213195433e-19
1.739806207916e-19
1.728698134321e-19
1.715595624650e-19
1.696736019317e-19
1.691562155698e-19
1.682106815841e-19
1.675306948221e-19
1.666123811028e-19
1.662922036410e-19
1.655206466536e-19
1.654950372372e-19
1.642287930809e-19
1.639060310915e-19
1.617248062479e-19
1.601689696572e-19
1.600369752301e-19
1.588503949423e-19
1.588033209573e-19
1.570221870296e-19
1.564078664124e-19
1.548644439432e-19
1.546406817129e-19
1.530749656895e-19
1.529180505419e-19
1.523016585825e-19
1.518490357077e-19
1.504327498949e-19
1.503413555002e-19
1.483610599408e-19
1.482931874587e-19
1.466374651362e-19
1.465827440222e-19
1.455184771073e-19
1.454008465054e-19
1.444064095191e-19
1.443547658684e-19
1.425807314069e-19
1.415315975580e-19
1.410386806175e-19
1.408769698308e-19
1.394361819287e-19
1.393394550703e-19
1.378597249515e-19
1.376171134841e-19
1.370821160340e-19
1.361848208400e-19
1.361716944198e-19
1.351716765487e-19
1.351068598759e-19
1.332747262865e-19
1.323174306533e-19
1.315979616362e-19
1.309213105519e-19
1.292369460312e-19
1.292150890777e-19
1.287401282727e-19
1.284306690525e-19
1.272749823600e-19
1.268968577288e-19
1.262531330769e-19
1.260600829034e-19
1.239685175498e-19
1.234798806298e-19
1.231709313893e-19
1.227742197604e-19
1.214018488346e-19
1.209099123271e-19
1.203085815838e-19
1.198756354969e-19
1.195748421970e-19
1.191209489225e-19
1.188855860680e-19
1.180854307779e-19
1.176028567461e-19
1.175347394789e-19
1.161000891415e-19
1.157207100523e-19
1.140618885763e-19
1.131878121347e-19
1.124383191399e-19
1.121795998158e-19
1.107735504181e-19
1.105723650746e-19
1.104078518803e-19
1.099385363333e-19
1.090549219460e-19
1.090101996035e-19
1.079699280489e-19
1.077082220995e-19
1.068622274868e-19
1.066224515822e-19
1.062607839863e-19
1.048034411203e-19
1.046119568098e-19
1.031450008184e-19
1.026293547234e-19
1.023237849564e-19
1.014984826616e-19
1.013959873457e-19
1.001545635181e-19
1.001048427462e-19
9.998141019327e-20
9.995513789811e-20
9.924481650091e-20
9.882958404311e-20
9.795154486989e-20
9.721366639341e-20
9.681397101803e-20
9.600996039449e-20
9.531047335270e-20
9.484611159968e-20
9.476977336990e-20
9.362221920285e-20
9.322490938729e-20
9.280888501549e-20
9.240019089004e-20
9.172237135009e-20
9.120729513112e-20
9.036285623204e-20
8.988348505430e-20
8.959059797144e-20
8.844954323912e-20
8.811402451045e-20
8.805628525038e-20
8.725221330754e-20
8.716555900710e-20
8.637063744762e-20
8.516537095175e-20
8.466031821492e-20
8.454041273957e-20
8.445688323182e-20
8.393570128501e-20
8.348382265258e-20
8.301515933762e-20
8.291412826627e-20
8.193509432550e-20
8.191128736810e-20
8.161906258957e-20
8.101992251605e-20
8.001290027015e-20
7.953897180657e-20
7.874812353333e-20
7.844576906898e-20
7.815227399279e-20
7.767098022063e-20
7.758833220822e-20
7.727610307421e-20
7.705788207599e-20
7.622700466092e-20
7.602468264906e-20
7.551414532371e-20
7.521576345852e-20
7.476076224178e-20
7.462920140528e-20
7.398770210903e-20
7.377453012798e-20
7.314051453596e-20
7.259630263751e-20
7.193951544632e-20
7.187719790009e-20
7.146801658329e-20
7.108021944624e-20
7.089207824404e-20
7.031505217050e-20
7.013893360116e-20
6.996816579195e-20
6.915551095686e-20
6.846771456799e-20
6.773407579496e-20
6.757764632851e-20
6.722518110306e-20
6.677063265880e-20
6.643484641681e-20
6.612651553846e-20
6.593388349366e-20
6.524697721354e-20
6.493575078294e-20
6.453789109644e-20
6.439248967623e-20
6.410470865577e-20
6.383609907700e-20
6.329894717076e-20
6.325285225151e-20
6.281830624084e-20
6.227818585633e-20
6.200529421882e-20
6.176352042678e-20
6.126497544253e-20
6.121747055858e-20
6.050910896698e-20
6.037478509647e-20
6.026316840968e-20
5.968119116706e-20
5.918563017147e-20
5.884270593055e-20
5.856825092800e-20
5.848926817384e-20
5.772114210026e-20
5.756752848309e-20
5.732627421080e-20
5.706114207738e-20
5.678144373566e-20
5.664683333752e-20
5.625826378372e-20
5.601680071978e-20
5.574557912096e-20
5.535619060238e-20
5.492258593738e-20
5.473847709223e-20
5.447902387361e-20
5.441436360369e-20
5.421293302346e-20
5.384026045881e-20
5.365739302651e-20
5.316339042658e-20
5.295435700416e-20
5.250960549868e-20
5.236788853931e-20
5.181191917637e-20
5.160598315172e-20
5.145237178813e-20
5.096311353998e-20
5.064740844214e-20
5.053845587454e-20
5.016166311134e-20
5.003817028923e-20
4.987332031209e-20
4.955521245917e-20
4.944692187663e-20
4.891419074339e-20
4.876557710209e-20
4.857491395511e-20
4.810935884284e-20
4.767992638905e-20
4.739283489897e-20
4.727373837033e-20
4.700306958849e-20
4.646976754916e-20
4.634002860983e-20
4.603474189291e-20
4.578056282195e-20
4.569487758760e-20
4.551084375853e-20
4.503229986547e-20
4.473721411299e-20
4.460490267947e-20
4.447117671317e-20
4.400029732615e-20
4.385695791382e-20
4.379470003797e-20
4.342338887291e-20
4.333113502847e-20
4.311852883107e-20
4.303084771201e-20
4.286725029302e-20
4.239012300021e-20
4.209929403762e-20
4.178437481590e-20
4.137878305206e-20
4.114513332143e-20
4.104502951390e-20
4.084914905054e-20
4.074131517294e-20
4.047803431254e-20
4.016158143841e-20
3.990061307256e-20
3.975344473986e-20
3.949926104893e-20
3.923002553931e-20
3.912866666325e-20
3.891735420048e-20
3.844358812645e-20
3.836275145743e-20
3.794852812686e-20
3.792579215028e-20
3.764740147366e-20
3.747321315537e-20
3.723545531830e-20
3.687906601714e-20
3.667327288551e-20
3.656738026108e-20
3.640560184244e-20
3.612807622826e-20
3.589451575571e-20
3.576849056957e-20
3.537836489822e-20
3.528978348902e-20
3.522849867944e-20
3.501459832296e-20
3.483378651231e-20
3.474696428629e-20
3.449031619306e-20
3.425425099946e-20
3.418690363380e-20
3.404805596553e-20
3.364220686787e-20
3.353450637124e-20
3.344574101846e-20
3.319499052598e-20
3.306626656224e-20
3.269205014188e-20
3.257608505081e-20
3.238992709767e-20
3.223037767709e-20
3.183591161768e-20
3.175129163663e-20
3.150282611899e-20
3.123546297551e-20
3.097278765998e-20
3.084872813421e-20
3.066769664363e-20
3.054444072604e-20
3.038370762524e-20
3.002308940829e-20
2.984085806599e-20
2.979421766432e-20
2.955679950474e-20
2.941791308830e-20
2.935013206864e-20
2.916133548863e-20
2.913682035267e-20
2.894229625308e-20
2.869685010841e-20
2.853781367438e-20
2.827785116438e-20
2.816441226644e-20
2.789699674996e-20
2.773731167580e-20
2.762867734553e-20
2.751057641784e-20
2.714666370600e-20
2.689623726712e-20
2.673570903919e-20
2.664920268130e-20
2.652425240880e-20
2.624574972051e-20
2.608506209905e-20
2.605375990928e-20
2.584550532286e-20
2.562452131985e-20
2.550674559302e-20
2.522313631880e-20
2.496475770913e-20
2.483988159580e-20
2.478793436950e-20
2.462635040252e-20
2.448672403091e-20
2.441926511636e-20
2.428238212877e-20
2.393437302959e-20
2.379218243395e-20
2.358427823361e-20
2.348662151497e-20
2.338371183643e-20
2.336118933228e-20
2.320197002527e-20
2.301890345506e-20
2.280123369156e-20
2.251967226624e-20
2.245807226104e-20
2.232512120326e-20
2.226158952045e-20
2.202552551990e-20
2.191920351218e-20
2.181823036204e-20
2.173044544532e-20
2.153350211906e-20
2.139951150828e-20
2.131649796988e-20
2.108829569877e-20
2.092452941329e-20
2.085549775205e-20
2.075495415356e-20
2.048096373615e-20
2.032174685735e-20
2.029482561613e-20
2.013681334371e-20
2.001734602346e-20
1.990774850400e-20
1.971929679989e-20
1.968476343705e-20
1.960125915787e-20
1.945538467298e-20
1.937250897945e-20
1.919516338475e-20
1.906600603164e-20
1.893596350439e-20
1.881929314166e-20
1.869660193420e-20
1.852680250724e-20
1.837279463589e-20
1.821927375534e-20
1.801362456595e-20
1.796612284061e-20
1.786417934265e-20
1.779046238710e-20
1.761846490708e-20
1.750240005922e-20
1.731448782491e-20
1.726243429583e-20
1.711976193457e-20
1.698885330207e-20
1.684401541207e-20
1.664270398222e-20
1.654982141761e-20
1.635632736631e-20
1.622866372228e-20
1.621007603090e-20
1.607223733627e-20
1.596914068605e-20
1.583213086927e-20
1.573618865998e-20
1.559234292567e-20
1.554169332770e-20
1.537178586295e-20
1.523886172508e-20
1.513733914955e-20
1.499527768388e-20
1.495012721996e-20
1.477885063976e-20
1.464692243757e-20
1.457619263324e-20
1.440757298354e-20
1.429221674045e-20
1.420836502889e-20
1.411974462055e-20
1.399478205075e-20
1.389129545427e-20
1.370812834742e-20
1.358158100547e-20
1.353408360758e-20
1.347907853603e-20
1.322421931343e-20
1.309225435430e-20
1.304088595673e-20
1.296164073336e-20
1.290019001025e-20
1.277238330061e-20
1.267479603215e-20
1.257439342851e-20
1.248833809974e-20
1.232644555428e-20
1.222443030420e-20
1.210655541338e-20
1.199493055608e-20
1.186739278548e-20
1.181402272817e-20
1.166159946496e-20
1.160751053144e-20
1.152812225978e-20
1.138767016752e-20
1.129483469760e-20
1.113496974138e-20
1.106429635472e-20
1.096290759265e-20
1.092053259855e-20
1.074559150431e-20
1.062765083699e-20
1.053795669096e-20
1.049367541949e-20
1.042107059148e-20
1.027319703594e-20
1.024420230594e-20
1.016299139626e-20
1.009174179182e-20
1.004396111841e-20
9.952929828703e-21
9.828504574340e-21
9.741162988263e-21
9.641194345310e-21
9.599614844324e-21
9.485988238434e-21
9.406639033167e-21
9.327322627298e-21
9.253872744771e-21
9.152953896217e-21
9.048343033570e-21
8.997521510727e-21
8.849266449688e-21
8.782747454017e-21
8.719180011103e-21
8.674321615424e-21
8.561135778743e-21
8.428878004219e-21
8.329923006044e-21
8.207689881948e-21
8.161723736866e-21
8.130838434721e-21
7.993248577494e-21
7.885551300829e-21
7.853067314770e-21
7.751003463605e-21
7.665815592066e-21
7.574642209638e-21
7.471892655680e-21
7.379454918380e-21
7.335954981190e-21
7.281952803935e-21
7.175983957168e-21
7.061295766399e-21
6.963883640287e-21
6.931834069383e-21
6.849951681386e-21
6.765500042224e-21
6.672762708510e-21
6.637419540192e-21
6.509761346514e-21
6.483754419952e-21
6.402769454047e-21
6.324325060815e-21
6.216148780877e-21
6.139197405392e-21
6.046447569849e-21
5.983143608158e-21
5.951039048789e-21
5.874409534898e-21
5.835366873561e-21
5.714048235804e-21
5.686997455737e-21
5.601152194297e-21
5.518986960292e-21
5.478163775204e-21
5.355068165003e-21
5.253266550931e-21
5.194467464954e-21
5.100492865840e-21
5.068869222236e-21
5.030224775648e-21
4.926527502107e-21
4.874409182461e-21
4.835424585089e-21
4.738941614689e-21
4.670118597854e-21
4.567333143445e-21
4.519191937146e-21
4.463760946119e-21
4.373116685655e-21
4.339652747575e-21
4.267774748403e-21
4.143818061379e-21
4.042941356336e-21
3.980694593352e-21
3.908943992439e-21
3.883081895241e-21
3.824212522360e-21
3.696317781103e-21
3.645014871320e-21
3.580610645245e-21
3.540668454212e-21
3.517821471035e-21
3.441588193600e-21
3.348409842311e-21
3.299233725652e-21
3.206358815227e-21
3.165047912212e-21
3.102168753996e-21
3.055055987497e-21
2.970676746663e-21
2.899082640998e-21
2.853314636837e-21
2.796888619065e-21
2.756979238879e-21
2.668463735657e-21
2.630240332692e-21
2.521970212556e-21
2.484192645374e-21
2.432205433592e-21
2.421840765235e-21
2.281644348121e-21
2.255781565773e-21
2.144507765075e-21
2.083844085215e-21
2.063018383734e-21
2.007413313330e-21
1.970887526899e-21
1.887321327095e-21
1.802751383465e-21
1.774021729337e-21
1.713411241827e-21
1.632178839152e-21
1.567314404733e-21
1.533657408471e-21
1.508074445861e-21
1.450000980681e-21
1.385825501525e-21
1.343599257966e-21
1.291559201338e-21
1.251969855521e-21
1.224813418272e-21
1.120702503555e-21
1.085369212297e-21
1.001677581149e-21
9.595958735838e-22
9.075557349566e-22
8.461053743273e-22
7.653725592438e-22
7.239029117611e-22
6.866656694355e-22
6.614684106789e-22
5.799987715014e-22
5.182158421305e-22
4.827788081870e-22
4.175605396438e-22
3.505099317476e-22
3.156677916683e-22
2.487654942991e-22
2.059652505676e-22
1.582959984883e-22
1.240563251270e-22
1.297567255037e-23
