#lambda_0=6.904372308675e-01
1.000000000000e+00
1.105093532291e-01
1.105082140494e-01
1.101757739768e-01
1.101733356256e-01
1.101374094932e-01
1.101359480138e-01
1.100425144819e-01
1.100401743838e-01
1.099831751147e-01
1.099804092126e-01
1.099785715012e-01
1.099771105502e-01
1.099281023171e-01
1.099249863939e-01
1.098807360498e-01
1.098792538146e-01
1.098113640876e-01
1.098062058118e-01
1.098023195056e-01
1.097986808352e-01
1.097878175499e-01
1.097753110532e-01
1.097479216660e-01
1.097337026923e-01
1.097152795825e-01
1.097137222643e-01
1.096948236811e-01
1.096880181177e-01
1.096768247460e-01
1.096728098526e-01
1.096425767802e-01
1.096382916733e-01
1.096372511024e-01
1.096262165353e-01
1.095769093055e-01
1.095757317398e-01
1.091436665331e-01
1.091387931982e-01
1.090872441126e-01
1.090837024737e-01
1.088941635759e-01
1.088917463008e-01
1.088287166922e-01
1.088231131239e-01
1.087993299513e-01
1.087981443710e-01
1.087899818468e-01
1.087825799432e-01
1.087417205966e-01
1.087385700577e-01
1.087196995153e-01
1.087097947081e-01
1.087023639931e-01
1.086921372791e-01
1.086786322921e-01
1.086778914725e-01
1.085807016675e-01
1.085803240634e-01
1.085395694122e-01
1.085378552036e-01
1.078255344321e-01
1.078230738260e-01
1.078074160897e-01
1.078056296735e-01
6.657510998394e-02
6.657425055325e-02
4.716286139927e-02
4.716244624093e-02
4.716030929001e-02
4.715986996972e-02
3.547873859866e-02
3.547846201327e-02
3.547691058134e-02
3.547681125309e-02
3.386890807509e-02
3.386621518972e-02
3.386238530773e-02
3.386049168721e-02
3.351496375705e-02
3.337323496574e-02
3.202333236289e-02
3.202317828631e-02
3.133997249771e-02
3.133916718935e-02
2.773303045330e-02
2.771174581680e-02
2.770352646452e-02
2.768013427763e-02
2.695483945400e-02
2.695432834155e-02
2.665305570742e-02
2.665153208540e-02
2.655609416959e-02
2.653918504636e-02
2.653839830256e-02
2.652782875720e-02
2.628272162701e-02
2.609417753508e-02
2.505351533642e-02
2.505290710877e-02
2.504434365795e-02
2.504373615473e-02
2.472666262517e-02
2.472576621656e-02
2.471783386205e-02
2.471692630681e-02
2.338703381211e-02
2.338109048019e-02
2.282775561504e-02
2.282735449182e-02
2.222399909387e-02
2.222156326401e-02
2.222113434997e-02
2.221710489698e-02
2.187891031197e-02
2.187834263084e-02
2.187827056535e-02
2.187770502190e-02
2.122645546217e-02
2.122568733670e-02
2.122431807198e-02
2.122355376292e-02
2.029792133399e-02
2.029770780030e-02
2.029406776310e-02
2.029385010020e-02
1.990490948558e-02
1.990462926414e-02
1.990266217351e-02
1.990239675435e-02
1.959946620781e-02
1.959898110456e-02
1.959019637458e-02
1.958927479054e-02
1.957506501114e-02
1.957476926554e-02
1.957061418483e-02
1.957026654637e-02
1.853914711175e-02
1.853830297222e-02
1.853690024396e-02
1.853604471180e-02
1.849290704871e-02
1.849205824302e-02
1.849161793550e-02
1.849077469356e-02
1.848712983553e-02
1.848632236547e-02
1.847955054555e-02
1.847804595742e-02
1.824314801671e-02
1.824267712608e-02
1.823651247414e-02
1.823609234448e-02
1.822875661684e-02
1.822825128750e-02
1.822600184758e-02
1.822549812342e-02
1.810094718507e-02
1.809665726385e-02
1.733983724643e-02
1.733951794777e-02
1.733442131536e-02
1.733409217317e-02
1.730449173275e-02
1.730427758511e-02
1.728815595879e-02
1.728799404775e-02
1.728643367225e-02
1.726985492179e-02
1.726928476439e-02
1.726679751094e-02
1.726651465836e-02
1.725056497380e-02
1.724962995752e-02
1.724781162101e-02
1.724699235999e-02
1.724646016677e-02
1.624923369010e-02
1.619798722017e-02
1.619413943709e-02
1.613167419424e-02
1.592501148498e-02
1.592389202508e-02
1.592313247021e-02
1.592249380285e-02
1.572831774362e-02
1.572809696706e-02
1.572502191292e-02
1.572479765841e-02
1.551981240252e-02
1.551965172980e-02
1.550819251657e-02
1.550799556101e-02
1.545121600078e-02
1.542329378592e-02
1.536597866934e-02
1.532501514629e-02
1.433267610330e-02
1.433247898848e-02
1.432918830168e-02
1.432901471366e-02
1.432566296588e-02
1.430016171470e-02
1.429677734411e-02
1.429406481288e-02
1.429258202147e-02
1.429238062704e-02
1.427423485275e-02
1.424189187278e-02
1.406639194045e-02
1.406544118697e-02
1.406503893165e-02
1.403565505943e-02
1.400867005231e-02
1.400852906983e-02
1.400741473875e-02
1.400725641655e-02
1.399756206764e-02
1.399612824377e-02
1.399601360719e-02
1.399586383522e-02
1.360404710193e-02
1.360306798705e-02
1.356775346457e-02
1.356541800054e-02
1.356528950986e-02
1.356476482148e-02
1.356472346253e-02
1.351762013398e-02
1.351760494241e-02
1.350917050737e-02
1.350862644163e-02
1.347297276585e-02
1.347265336044e-02
1.346249267116e-02
1.345551989686e-02
1.345457196573e-02
1.345450199495e-02
1.345022345902e-02
1.344973394657e-02
1.343705009673e-02
1.343658341995e-02
1.343496032030e-02
1.343483117261e-02
1.343396286975e-02
1.343392754846e-02
1.341412103018e-02
1.341337510921e-02
1.340583695056e-02
1.340535518516e-02
1.340380283558e-02
1.340333732450e-02
1.339362295793e-02
1.339315203225e-02
1.327247467248e-02
1.327201119623e-02
1.327058721331e-02
1.326906376602e-02
1.307518483930e-02
1.307510579623e-02
1.307010724910e-02
1.307009804939e-02
1.306413176860e-02
1.305123755401e-02
1.304878805875e-02
1.302126364549e-02
1.294990354681e-02
1.294982056342e-02
1.293715782054e-02
1.293714857014e-02
1.267352101622e-02
1.264466663233e-02
1.259711054289e-02
1.258221522785e-02
1.258211218535e-02
1.258127195313e-02
1.258116528656e-02
1.256764597915e-02
1.163283127476e-02
1.162774247367e-02
1.051225362013e-02
1.051216615941e-02
1.050907740665e-02
1.050894817352e-02
8.996239361079e-03
8.995147231082e-03
8.995137903923e-03
8.994901643128e-03
8.321869827174e-03
8.321686262953e-03
8.315136027200e-03
8.309092502579e-03
7.503955753895e-03
7.503873629308e-03
7.502798017211e-03
7.502650318439e-03
7.483601481326e-03
7.483424080464e-03
7.482834658719e-03
7.481437427808e-03
6.912491546557e-03
6.753518992551e-03
6.635262976784e-03
6.634786924652e-03
6.634152556884e-03
6.634132079664e-03
6.435802999330e-03
6.428297586219e-03
6.428076090466e-03
6.417005594712e-03
5.884837416576e-03
5.884606164309e-03
5.628817777895e-03
5.622747760468e-03
3.417955422839e-03
3.414723495576e-03
3.304238142842e-03
3.302693962184e-03
2.815998885025e-03
2.497227941792e-03
2.497169126121e-03
2.486790436788e-03
2.486590271838e-03
2.358475967326e-03
2.356428835555e-03
2.347300807639e-03
1.998927462007e-03
1.988277615207e-03
1.349902162710e-03
1.349605064480e-03
1.349426516667e-03
1.349327099799e-03
1.104369977074e-03
1.092979211476e-03
1.048530122963e-03
1.045607259049e-03
1.045115861314e-03
1.042332089824e-03
1.039982293279e-03
1.031984978248e-03
1.012234452698e-03
9.998031648182e-04
9.395076830996e-04
9.335092278888e-04
9.235289927998e-04
9.133289985716e-04
9.124625406487e-04
9.085076006874e-04
8.954548079054e-04
8.944493345036e-04
8.857762816216e-04
8.850376084299e-04
8.832127133781e-04
8.696917775479e-04
8.696347956617e-04
8.483272643629e-04
8.420899537312e-04
8.379965937724e-04
7.459363637487e-04
7.454370871723e-04
7.422092013561e-04
7.401063022709e-04
6.399695046673e-04
6.397611382382e-04
6.368068927518e-04
6.361521659492e-04
6.155564693294e-04
6.050511139707e-04
5.953560425449e-04
5.951002489496e-04
5.379535451308e-04
5.305265573003e-04
4.950908253086e-04
4.932158128522e-04
4.903413121799e-04
4.839262949857e-04
4.693785720091e-04
4.676454928492e-04
4.409325554218e-04
4.386324844484e-04
4.350819585023e-04
4.290322332551e-04
3.854804090788e-04
3.731279829530e-04
3.698997256532e-04
3.646478683217e-04
3.626783834961e-04
3.624673702113e-04
3.580903679390e-04
3.481371285835e-04
3.479147276333e-04
3.472227848308e-04
3.384191996278e-04
3.358174865362e-04
3.350753871033e-04
2.766061587044e-04
2.749621722861e-04
2.743710885336e-04
2.740720125156e-04
2.638299133590e-04
2.631188242513e-04
2.614742033220e-04
2.598613054169e-04
2.562956308801e-04
2.541050796944e-04
2.477961108614e-04
2.476583942574e-04
2.451955762560e-04
2.438757099029e-04
2.358817931404e-04
2.358070795164e-04
2.231780409642e-04
2.219203430946e-04
2.215266502961e-04
2.177936021043e-04
2.175234472351e-04
2.142394290641e-04
2.130120786045e-04
2.087963972206e-04
2.087630870622e-04
2.016849462195e-04
1.947257524642e-04
1.945223837778e-04
1.942524795517e-04
1.905807328461e-04
1.897773330719e-04
1.892583208043e-04
1.887021952142e-04
1.883048624892e-04
1.879885891070e-04
1.869296388371e-04
1.865025159785e-04
1.859328715932e-04
1.853345977607e-04
1.844927054717e-04
1.844691580536e-04
1.835080022640e-04
1.790035776763e-04
1.764126429007e-04
1.723037664006e-04
1.722928847420e-04
1.707733113651e-04
1.698507286628e-04
1.697932293048e-04
1.694658086994e-04
1.679185664225e-04
1.678459475974e-04
1.676395660667e-04
1.675470165888e-04
1.654104172241e-04
1.649825526600e-04
1.637574592672e-04
1.599466282259e-04
1.584812268983e-04
1.581211009866e-04
1.579434188167e-04
1.528738889200e-04
1.489953486290e-04
1.487667454811e-04
1.481696649700e-04
1.469655263930e-04
1.465234809400e-04
1.453912537406e-04
1.447140235065e-04
1.445558023330e-04
1.377068108458e-04
1.361353253055e-04
1.359951093576e-04
1.356269347528e-04
1.353910488407e-04
1.323172155691e-04
1.322176294901e-04
1.313178534994e-04
1.312523938499e-04
1.294725150862e-04
1.292295963657e-04
1.289304112552e-04
1.277298058647e-04
1.275309796036e-04
1.275263867637e-04
1.274014361266e-04
1.266161221562e-04
1.261723442119e-04
1.234092083928e-04
1.225798685963e-04
1.222727545879e-04
1.214253154799e-04
1.205712379219e-04
1.195753518957e-04
1.192249625336e-04
1.177866618653e-04
1.175165548478e-04
1.160987778258e-04
1.154217392446e-04
1.148626623276e-04
1.128998734817e-04
1.127111994381e-04
1.121551863628e-04
1.109074534851e-04
1.107081945150e-04
1.099605982319e-04
1.097721002456e-04
1.090067145075e-04
1.087355136272e-04
1.086041988703e-04
1.078575983577e-04
1.067319419827e-04
1.065743749763e-04
1.065383313309e-04
1.064639304183e-04
1.056203449778e-04
1.047165219731e-04
1.034587433374e-04
1.022271331156e-04
1.017038631024e-04
9.866159872974e-05
9.709882946211e-05
9.617095636141e-05
9.520126428462e-05
9.514399479165e-05
9.508649508491e-05
9.501318622757e-05
9.475155480407e-05
9.312831023641e-05
9.281992889746e-05
9.074765490030e-05
9.040195603765e-05
9.009362950828e-05
8.976981435976e-05
8.965853518645e-05
8.891264666365e-05
8.711707096554e-05
8.622588720490e-05
8.596171742511e-05
8.525989265987e-05
8.464553264457e-05
8.370271917002e-05
8.353330675435e-05
8.337410668438e-05
8.288548003184e-05
8.269692845253e-05
8.237335946284e-05
8.192407346576e-05
8.159310759597e-05
8.128908697423e-05
8.058624265279e-05
8.000132484188e-05
7.978443541281e-05
7.952865711117e-05
7.931701002287e-05
7.791742604423e-05
7.772061404158e-05
7.770707798203e-05
7.721518682578e-05
7.590760888452e-05
7.542704869508e-05
7.506785955756e-05
7.489773072452e-05
7.430647831568e-05
7.318280628516e-05
7.298576049140e-05
7.258420336914e-05
7.228073785425e-05
7.167092336221e-05
7.134057912213e-05
7.114700000811e-05
7.072378653190e-05
7.059565317868e-05
7.050924951452e-05
7.006982496363e-05
6.997229696636e-05
6.978122815536e-05
6.937596915705e-05
6.928241788297e-05
6.860928329905e-05
6.794921675628e-05
6.789919570811e-05
6.768474239695e-05
6.710718593831e-05
6.620948634012e-05
6.613520208317e-05
6.601938683861e-05
6.598165036461e-05
6.586282284480e-05
6.531421455597e-05
6.479180368173e-05
6.430747024414e-05
6.419664176425e-05
6.361785223193e-05
6.339189212348e-05
6.328965978244e-05
6.297892069348e-05
6.295757770191e-05
6.190983737175e-05
6.163971401040e-05
6.078689616405e-05
6.036685425855e-05
6.023907317254e-05
6.004093597152e-05
5.964207932937e-05
5.942942232530e-05
5.938619007558e-05
5.880797208036e-05
5.858042806074e-05
5.853501070292e-05
5.829789698701e-05
5.820465573802e-05
5.762266503015e-05
5.702629955972e-05
5.691262739645e-05
5.671488831991e-05
5.648386883289e-05
5.637196346845e-05
5.621642163061e-05
5.595461943222e-05
5.556791444185e-05
5.510182118011e-05
5.471383736578e-05
5.463460565543e-05
5.443741469964e-05
5.440957207755e-05
5.415382543094e-05
5.411652391877e-05
5.383585739345e-05
5.382474967868e-05
5.357079557467e-05
5.304087705252e-05
5.295268011473e-05
5.292388321594e-05
5.275982082916e-05
5.250491526264e-05
5.194264663226e-05
5.181563030244e-05
5.178068382498e-05
5.142010807048e-05
5.139941548053e-05
5.099394936649e-05
5.090101084126e-05
5.068508981104e-05
5.025082411203e-05
5.008645245598e-05
4.971491429091e-05
4.947061971698e-05
4.918162812979e-05
4.911253891504e-05
4.900180665468e-05
4.881975402492e-05
4.864635231621e-05
4.842431055340e-05
4.830523019714e-05
4.790494402723e-05
4.775965141120e-05
4.766215905948e-05
4.754642449804e-05
4.729770646602e-05
4.696095377412e-05
4.690203647179e-05
4.687890499387e-05
4.672522541181e-05
4.631070365825e-05
4.613725568094e-05
4.610344353786e-05
4.583176177224e-05
4.568090604727e-05
4.565993428005e-05
4.564926254384e-05
4.560745145003e-05
4.502113478892e-05
4.500751130101e-05
4.498431397785e-05
4.468830032165e-05
4.459390129131e-05
4.448039438206e-05
4.430699115179e-05
4.389784489147e-05
4.381744564226e-05
4.374020030819e-05
4.351305405927e-05
4.345760664735e-05
4.294249922456e-05
4.291569692206e-05
4.284844992936e-05
4.270415850858e-05
4.249359491494e-05
4.246305375663e-05
4.239506630192e-05
4.232159028006e-05
4.219377529561e-05
4.213610498383e-05
4.182049487073e-05
4.162898361608e-05
4.162646814910e-05
4.137133895059e-05
4.132639264192e-05
4.118275760278e-05
4.099239356314e-05
4.094365023278e-05
4.091641282419e-05
4.086264479556e-05
4.079084813676e-05
4.064530262856e-05
4.049720524689e-05
4.045279007337e-05
4.040196872755e-05
4.023141816857e-05
3.991274621446e-05
3.940792217113e-05
3.939199792186e-05
3.903528488215e-05
3.888034191423e-05
3.870687185953e-05
3.866445650620e-05
3.838733309164e-05
3.818546897929e-05
3.815684248691e-05
3.790868378038e-05
3.748000125978e-05
3.727814756005e-05
3.711977871849e-05
3.707002571571e-05
3.694981601408e-05
3.675183090501e-05
3.653214992901e-05
3.620822889716e-05
3.606525285504e-05
3.572837236778e-05
3.572361845592e-05
3.553544259445e-05
3.552342334389e-05
3.532046214482e-05
3.510374172944e-05
3.505364255720e-05
3.502333530413e-05
3.492468146593e-05
3.477010407192e-05
3.470073968568e-05
3.467740937206e-05
3.442794823368e-05
3.440595877058e-05
3.420541897963e-05
3.412370640540e-05
3.411590349783e-05
3.408914135583e-05
3.381693464224e-05
3.372843193196e-05
3.355906231521e-05
3.346421894735e-05
3.346047093618e-05
3.336511314067e-05
3.317081682419e-05
3.302413591090e-05
3.264879031321e-05
3.256744685645e-05
3.242748518959e-05
3.228047162862e-05
3.220761665572e-05
3.220360943456e-05
3.217200202149e-05
3.187968068317e-05
3.179129495252e-05
3.159397403349e-05
3.151631207034e-05
3.119237841197e-05
3.112382663699e-05
3.065390473945e-05
3.055628710948e-05
3.046995550319e-05
3.027440841355e-05
3.002145959617e-05
2.994132472452e-05
2.982097931482e-05
2.975378099205e-05
2.971970154418e-05
2.959705240592e-05
2.951370570866e-05
2.934805812639e-05
2.925618187718e-05
2.920903452711e-05
2.916245760423e-05
2.898764522808e-05
2.891011914019e-05
2.883331188695e-05
2.882405198563e-05
2.869728194760e-05
2.861149129947e-05
2.855654142335e-05
2.840581921458e-05
2.828413583381e-05
2.823464483217e-05
2.811769960151e-05
2.791057768896e-05
2.765221241082e-05
2.763672679900e-05
2.756424059098e-05
2.751116493871e-05
2.750252078334e-05
2.741917419508e-05
2.737505439106e-05
2.722220998946e-05
2.721455464705e-05
2.705614692558e-05
2.692401169226e-05
2.691392507159e-05
2.684918688022e-05
2.675744184555e-05
2.671408985545e-05
2.641296455683e-05
2.640535373973e-05
2.622706046145e-05
2.608084395399e-05
2.603331745219e-05
2.588426920615e-05
2.577990655034e-05
2.572968249449e-05
2.567856610300e-05
2.561720008972e-05
2.527484608662e-05
2.517035585024e-05
2.509568763849e-05
2.480183414474e-05
2.471563301763e-05
2.463181225706e-05
2.456039361968e-05
2.451457766448e-05
2.444029068427e-05
2.424041015543e-05
2.419225049671e-05
2.404640165304e-05
2.397438180474e-05
2.389392626691e-05
2.381305328835e-05
2.379665012268e-05
2.377670401041e-05
2.372553915746e-05
2.353740762668e-05
2.341454652726e-05
2.326012883719e-05
2.312399510571e-05
2.302555748122e-05
2.301685272322e-05
2.295610692734e-05
2.279643660048e-05
2.276517166806e-05
2.275396588615e-05
2.262263460384e-05
2.247155161994e-05
2.243964885135e-05
2.239998144175e-05
2.233519237455e-05
2.232122424736e-05
2.223452854504e-05
2.208202654259e-05
2.202931780761e-05
2.200555467747e-05
2.185045767364e-05
2.184847329332e-05
2.173389821491e-05
2.157332953470e-05
2.148518400335e-05
2.145651312806e-05
2.137522028736e-05
2.132590055681e-05
2.131618580955e-05
2.119918762856e-05
2.109598259142e-05
2.104324923788e-05
2.091520048003e-05
2.089181587592e-05
2.071511546369e-05
2.064205694946e-05
2.050358170864e-05
2.047024030406e-05
2.023849870837e-05
2.020439516382e-05
2.015797021440e-05
2.014284559362e-05
2.009430397461e-05
2.005221508755e-05
1.994026053245e-05
1.986467430351e-05
1.981908254701e-05
1.974151434392e-05
1.960022087444e-05
1.955164876252e-05
1.948728428304e-05
1.943242530921e-05
1.924059626273e-05
1.923202350053e-05
1.915508765643e-05
1.912786475539e-05
1.910011014892e-05
1.904411853115e-05
1.889288352546e-05
1.889101809491e-05
1.884223582539e-05
1.881357308354e-05
1.872475239934e-05
1.871559690885e-05
1.846617813436e-05
1.844398921730e-05
1.838868109812e-05
1.823642931582e-05
1.823352866282e-05
1.815054273775e-05
1.808403440765e-05
1.804853575991e-05
1.804472316944e-05
1.801672442073e-05
1.787811722873e-05
1.777500746551e-05
1.777204750075e-05
1.755526010173e-05
1.750540903267e-05
1.744206217228e-05
1.739177244888e-05
1.715798658378e-05
1.713375617720e-05
1.710205841030e-05
1.696704313006e-05
1.689453769028e-05
1.677199278019e-05
1.675554133497e-05
1.654214837899e-05
1.641361650244e-05
1.640283344381e-05
1.634803927565e-05
1.626151602600e-05
1.618696363705e-05
1.610970666883e-05
1.606455552349e-05
1.600765057017e-05
1.598559290998e-05
1.595770679741e-05
1.586059781459e-05
1.573439510224e-05
1.568519675333e-05
1.550086543212e-05
1.545443563120e-05
1.543176979951e-05
1.540388034253e-05
1.534858555983e-05
1.522454907092e-05
1.520794439737e-05
1.515780402959e-05
1.515064979098e-05
1.511671939917e-05
1.511382067018e-05
1.502778518425e-05
1.497110723550e-05
1.495584730814e-05
1.484030917154e-05
1.481454764418e-05
1.473378918916e-05
1.469588772720e-05
1.466202078161e-05
1.459853872285e-05
1.455226346149e-05
1.438378855191e-05
1.429838751403e-05
1.424829518252e-05
1.422462877110e-05
1.422350571076e-05
1.413945952238e-05
1.408291130569e-05
1.404575277373e-05
1.398937119086e-05
1.395919359137e-05
1.394852141955e-05
1.393422236381e-05
1.389869564969e-05
1.387720602930e-05
1.382253101154e-05
1.379129958667e-05
1.377302844169e-05
1.372152858366e-05
1.359874542157e-05
1.356552744324e-05
1.354264115407e-05
1.352176760015e-05
1.349600884010e-05
1.343289409658e-05
1.338049440800e-05
1.325006859548e-05
1.320525545318e-05
1.317801126932e-05
1.310536135493e-05
1.303580047445e-05
1.296537802014e-05
1.291969295067e-05
1.289931529510e-05
1.289090755382e-05
1.287989399426e-05
1.283494685807e-05
1.273678567571e-05
1.270112973560e-05
1.261441504015e-05
1.256732756029e-05
1.254631724014e-05
1.250478398347e-05
1.245374926967e-05
1.245202117609e-05
1.236285074948e-05
1.226216957986e-05
1.225732026191e-05
1.217319098155e-05
1.208311711254e-05
1.203027051454e-05
1.201495832645e-05
1.197514029500e-05
1.196521258269e-05
1.186407185520e-05
1.186301551204e-05
1.182901907822e-05
1.177686599854e-05
1.175194308001e-05
1.168459079578e-05
1.163208140605e-05
1.161128422560e-05
1.160090806095e-05
1.155895933212e-05
1.152511865365e-05
1.141154241273e-05
1.133670396145e-05
1.130303640350e-05
1.129075972967e-05
1.124125360523e-05
1.122564892150e-05
1.117843802146e-05
1.117668055881e-05
1.104255506659e-05
1.103073124772e-05
1.101197228809e-05
1.095573222765e-05
1.089998765987e-05
1.088901735998e-05
1.087690293075e-05
1.080932288790e-05
1.080844706916e-05
1.074156670618e-05
1.067043161243e-05
1.065218037746e-05
1.062929478606e-05
1.059743778196e-05
1.057941741379e-05
1.056548849304e-05
1.052929523634e-05
1.049521717078e-05
1.044282036191e-05
1.041495562813e-05
1.032390344920e-05
1.027832331287e-05
1.026123118036e-05
1.022999915651e-05
1.019164842355e-05
1.017132858779e-05
1.013070692311e-05
1.006410438107e-05
1.004170507075e-05
1.000487746339e-05
1.000325466488e-05
9.983295314112e-06
9.965790692317e-06
9.929810122396e-06
9.877905272869e-06
9.854322128637e-06
9.802261957583e-06
9.711194211296e-06
9.665277878988e-06
9.602243735467e-06
9.601712049375e-06
9.552937663067e-06
9.518729223557e-06
9.484399813657e-06
9.452872955850e-06
9.400238361264e-06
9.397725689089e-06
9.370248353855e-06
9.358077955111e-06
9.313294494996e-06
9.302640966354e-06
9.281978268325e-06
9.266977056682e-06
9.248359388755e-06
9.217037172507e-06
9.150620183360e-06
9.142147539646e-06
9.136670721221e-06
9.118144547289e-06
9.089278012294e-06
9.033799195840e-06
9.032498208353e-06
8.981978350146e-06
8.886852078889e-06
8.848340325144e-06
8.841612959272e-06
8.826834498422e-06
8.796798264400e-06
8.751162034815e-06
8.727040033765e-06
8.704839303826e-06
8.701125050372e-06
8.601670012558e-06
8.587251816898e-06
8.525518019926e-06
8.519910105539e-06
8.498221301653e-06
8.428524221594e-06
8.422868003063e-06
8.328171978425e-06
8.328094799698e-06
8.311141858517e-06
8.302080066731e-06
8.292545496313e-06
8.249123075592e-06
8.235926453272e-06
8.196567946157e-06
8.195066947757e-06
8.174592355033e-06
8.145318784681e-06
8.103247688415e-06
8.093424082886e-06
8.015684718176e-06
8.008569317260e-06
7.953778410824e-06
7.943135854070e-06
7.926309781469e-06
7.916483869272e-06
7.916373328165e-06
7.859705414699e-06
7.825574625836e-06
7.796629989694e-06
7.783748051512e-06
7.758749865304e-06
7.743992860763e-06
7.715738971800e-06
7.709505337416e-06
7.687834462855e-06
7.667909729608e-06
7.617880778431e-06
7.562479149478e-06
7.505583308743e-06
7.496146306521e-06
7.476017914677e-06
7.465466291798e-06
7.435637317615e-06
7.427326892592e-06
7.412903990594e-06
7.378697405632e-06
7.367544978868e-06
7.340233141465e-06
7.310566263579e-06
7.292846572177e-06
7.264682553426e-06
7.235131739855e-06
7.226494566080e-06
7.192924286487e-06
7.177366598110e-06
7.122812865652e-06
7.082988642371e-06
7.082249389360e-06
7.056497514272e-06
7.050963025803e-06
7.034145538617e-06
7.005275024432e-06
6.994172173464e-06
6.956264805109e-06
6.952211155448e-06
6.908793077525e-06
6.904098697864e-06
6.881629047350e-06
6.869258116297e-06
6.852641785230e-06
6.814424803211e-06
6.783123128429e-06
6.774617073431e-06
6.761702862105e-06
6.722793445959e-06
6.712079250826e-06
6.711651047139e-06
6.694695805455e-06
6.654095489948e-06
6.615352701797e-06
6.598661969195e-06
6.567533510706e-06
6.550111390287e-06
6.549503698649e-06
6.489104336242e-06
6.453443013707e-06
6.443410758236e-06
6.441199386334e-06
6.417309100570e-06
6.409645652452e-06
6.400737617348e-06
6.379209162401e-06
6.354374615998e-06
6.340207994979e-06
6.316896211311e-06
6.277491824103e-06
6.265246374298e-06
6.251295487663e-06
6.247246255493e-06
6.193121634430e-06
6.184461918418e-06
6.174135886696e-06
6.162779955314e-06
6.156092052675e-06
6.143383896413e-06
6.135510461408e-06
6.119249528814e-06
6.098014109857e-06
6.081487268759e-06
6.070850263015e-06
6.049214739598e-06
6.032536723718e-06
6.025560942419e-06
5.989388862589e-06
5.968596152060e-06
5.964430853656e-06
5.954217720116e-06
5.931523568986e-06
5.912326953669e-06
5.880027613812e-06
5.859874018939e-06
5.844526964063e-06
5.837223615831e-06
5.828681583681e-06
5.811980750916e-06
5.806283303103e-06
5.785974372554e-06
5.781900932332e-06
5.767298055787e-06
5.735065231132e-06
5.716232549797e-06
5.697919733553e-06
5.697551344060e-06
5.657065990039e-06
5.640581731807e-06
5.625919190777e-06
5.598758508682e-06
5.585420160503e-06
5.578720421386e-06
5.574796146407e-06
5.564227694974e-06
5.558449493162e-06
5.512939826597e-06
5.511212801431e-06
5.505710424712e-06
5.502886358047e-06
5.490164416233e-06
5.481735726849e-06
5.452108658328e-06
5.430147863997e-06
5.414442985596e-06
5.406584850963e-06
5.401063106379e-06
5.393656843799e-06
5.386489563083e-06
5.369983405858e-06
5.346234163069e-06
5.331181463799e-06
5.304894552098e-06
5.286327215770e-06
5.252793639783e-06
5.247308484868e-06
5.238846158300e-06
5.222225533364e-06
5.194736619558e-06
5.158267202081e-06
5.151926856208e-06
5.150373616248e-06
5.140034728364e-06
5.123138026495e-06
5.118315045923e-06
5.071430906735e-06
5.066631602355e-06
5.061467282513e-06
5.040678514903e-06
5.018905214304e-06
5.001351471305e-06
4.992146687163e-06
4.979598960523e-06
4.966885334098e-06
4.942860043298e-06
4.929467794194e-06
4.914688626940e-06
4.902256524694e-06
4.894585370473e-06
4.874641520568e-06
4.860543822367e-06
4.858818707531e-06
4.850737417624e-06
4.840161457075e-06
4.818379068322e-06
4.796389630236e-06
4.793237907174e-06
4.787211042360e-06
4.771539638068e-06
4.770549209092e-06
4.756135618248e-06
4.741636242675e-06
4.725341253996e-06
4.716203932380e-06
4.711724488160e-06
4.703332583737e-06
4.691026664814e-06
4.683298633206e-06
4.660179477766e-06
4.651716601734e-06
4.644849307472e-06
4.625372491756e-06
4.622534025326e-06
4.621956951281e-06
4.602461328181e-06
4.596991206897e-06
4.554524055863e-06
4.554464836698e-06
4.529078570742e-06
4.499999658848e-06
4.499512651066e-06
4.489112312059e-06
4.488841036943e-06
4.476083726480e-06
4.449467684834e-06
4.435561956671e-06
4.414795230751e-06
4.405493236047e-06
4.405404390741e-06
4.404261706300e-06
4.393481519274e-06
4.369297256099e-06
4.368303534053e-06
4.352499723261e-06
4.352139275671e-06
4.324780211857e-06
4.320233378009e-06
4.316591085075e-06
4.305250450410e-06
4.290784252288e-06
4.273892145210e-06
4.273545545901e-06
4.257549522274e-06
4.245287886078e-06
4.230628973808e-06
4.227175063066e-06
4.202196647590e-06
4.201271774014e-06
4.189294163848e-06
4.186490451638e-06
4.170372859359e-06
4.162708322974e-06
4.154145017852e-06
4.139573022156e-06
4.126929017126e-06
4.123022312130e-06
4.122260914593e-06
4.112199011468e-06
4.108368370234e-06
4.098186250695e-06
4.086562743838e-06
4.055416974474e-06
4.055266357481e-06
4.046867297403e-06
4.044565646859e-06
4.036660485817e-06
4.019803786540e-06
4.013761473497e-06
4.009185508687e-06
3.986243014112e-06
3.979625793463e-06
3.967673140378e-06
3.966806099856e-06
3.952008543542e-06
3.948599345283e-06
3.939631705341e-06
3.938849128843e-06
3.929201201526e-06
3.929151311107e-06
3.908223190473e-06
3.902200671695e-06
3.893047046411e-06
3.889511420269e-06
3.884566735504e-06
3.874714111913e-06
3.861307486710e-06
3.837816788031e-06
3.833656599666e-06
3.822125786041e-06
3.817659952902e-06
3.812545598570e-06
3.809645941693e-06
3.807170815694e-06
3.791412319413e-06
3.784394557705e-06
3.779999695740e-06
3.754883199837e-06
3.746525529143e-06
3.739473013418e-06
3.737287962364e-06
3.730235141429e-06
3.709547463039e-06
3.694601345110e-06
3.686026013974e-06
3.669547939599e-06
3.659747037885e-06
3.647157989464e-06
3.646814436505e-06
3.641041584090e-06
3.633992742358e-06
3.629656187975e-06
3.622136186503e-06
3.606065125395e-06
3.605110913917e-06
3.588771646991e-06
3.576994283240e-06
3.576653277103e-06
3.564376238104e-06
3.563230111556e-06
3.541640642305e-06
3.540331300865e-06
3.508759527216e-06
3.508498209163e-06
3.492337042988e-06
3.484614269337e-06
3.475896650525e-06
3.465686735579e-06
3.458355736919e-06
3.432712608001e-06
3.431245726432e-06
3.428916282050e-06
3.426569067956e-06
3.418576122679e-06
3.409286244769e-06
3.387921749207e-06
3.370302285867e-06
3.367150979062e-06
3.349773965810e-06
3.349142631312e-06
3.330903068083e-06
3.320209987571e-06
3.307902348221e-06
3.303129933855e-06
3.298576417096e-06
3.289390295481e-06
3.284633884019e-06
3.272745816646e-06
3.260520814309e-06
3.249674870219e-06
3.241890876917e-06
3.226464921394e-06
3.226149991309e-06
3.217459136691e-06
3.209044347114e-06
3.190187018533e-06
3.184893394859e-06
3.172429357136e-06
3.167156814956e-06
3.161241975944e-06
3.157561697097e-06
3.138757373600e-06
3.130289749074e-06
3.123832043838e-06
3.115315299100e-06
3.111259522994e-06
3.096950359981e-06
3.096260732902e-06
3.076497076825e-06
3.060923036334e-06
3.059561679232e-06
3.049730440519e-06
3.043002837939e-06
3.031441829605e-06
3.030692624622e-06
3.019532737941e-06
3.012886495727e-06
2.983839756523e-06
2.981527130558e-06
2.967960464141e-06
2.963132620963e-06
2.946927017198e-06
2.945973219187e-06
2.938739964602e-06
2.935181109530e-06
2.914487084153e-06
2.910494590506e-06
2.907640393534e-06
2.905241553345e-06
2.896981150439e-06
2.887475507020e-06
2.875864772267e-06
2.867344885090e-06
2.854678976594e-06
2.852931541477e-06
2.833622144084e-06
2.827474424365e-06
2.819595216140e-06
2.812446795813e-06
2.809769525569e-06
2.807116179502e-06
2.796773011635e-06
2.780550208985e-06
2.775263856444e-06
2.767734069238e-06
2.762418177141e-06
2.745113145536e-06
2.744039930591e-06
2.737740175121e-06
2.732396941332e-06
2.701571178247e-06
2.696203640361e-06
2.691398945167e-06
2.688990962060e-06
2.673788236745e-06
2.668775396139e-06
2.666077130968e-06
2.660223888096e-06
2.658964138790e-06
2.645962457917e-06
2.634517255789e-06
2.630178640962e-06
2.613929738614e-06
2.609957914926e-06
2.608975476764e-06
2.590187537481e-06
2.583961353400e-06
2.580545470356e-06
2.569018428262e-06
2.563013806362e-06
2.554983464735e-06
2.550864223244e-06
2.542986825615e-06
2.527436470612e-06
2.517660640382e-06
2.516721457675e-06
2.506297808619e-06
2.491411194722e-06
2.484906166883e-06
2.470044589338e-06
2.467954527499e-06
2.458891372650e-06
2.451300663570e-06
2.439667012815e-06
2.433927633843e-06
2.423622398980e-06
2.418976129435e-06
2.406101801497e-06
2.404151107462e-06
2.397611913856e-06
2.387912532502e-06
2.386360676456e-06
2.369519632570e-06
2.366327320545e-06
2.361861947619e-06
2.358537062199e-06
2.350951406239e-06
2.339208124345e-06
2.333142791280e-06
2.328900726109e-06
2.325527702975e-06
2.324438050902e-06
2.318513285909e-06
2.313032942112e-06
2.305736649826e-06
2.292733784524e-06
2.287046469086e-06
2.281446306157e-06
2.263076660107e-06
2.262294013129e-06
2.252563057371e-06
2.249322866978e-06
2.248756969119e-06
2.243750117222e-06
2.228591561363e-06
2.224157327050e-06
2.213938514322e-06
2.207275000569e-06
2.204237046748e-06
2.198394996549e-06
2.194946206755e-06
2.177018264455e-06
2.172141639663e-06
2.167488584417e-06
2.165172582386e-06
2.156118381890e-06
2.155728692300e-06
2.150645762921e-06
2.132183366645e-06
2.122074631197e-06
2.115917950042e-06
2.111445580375e-06
2.103495963221e-06
2.099999923526e-06
2.098935327546e-06
2.093564390600e-06
2.087097736709e-06
2.076068400643e-06
2.072636651514e-06
2.071450755192e-06
2.064154988018e-06
2.058739574043e-06
2.057907592585e-06
2.045513848339e-06
2.041757792441e-06
2.033687761065e-06
2.033366445570e-06
2.029366518834e-06
2.024589144459e-06
2.014837725928e-06
2.009727593770e-06
2.008872473080e-06
1.988120797958e-06
1.986331627392e-06
1.984300141919e-06
1.976123310180e-06
1.975144135495e-06
1.966171749832e-06
1.961568383704e-06
1.947322186345e-06
1.946979212866e-06
1.934812976551e-06
1.933382633974e-06
1.927254910119e-06
1.923862934496e-06
1.921391141369e-06
1.914867549400e-06
1.911654856782e-06
1.905778371555e-06
1.894217995874e-06
1.887784496045e-06
1.881946463180e-06
1.873907038585e-06
1.870761502591e-06
1.869061059112e-06
1.859678162183e-06
1.855646744657e-06
1.854730257869e-06
1.848831658575e-06
1.834966037413e-06
1.829188136287e-06
1.825778900235e-06
1.821863685870e-06
1.818929463065e-06
1.812877452450e-06
1.810564117150e-06
1.803687470372e-06
1.799090074796e-06
1.795570932058e-06
1.790843564870e-06
1.784982465067e-06
1.776885529965e-06
1.771500104455e-06
1.767578344307e-06
1.763088515884e-06
1.761285619631e-06
1.746875713357e-06
1.743732934294e-06
1.738051470337e-06
1.737454821504e-06
1.729028814113e-06
1.720474684982e-06
1.717914676131e-06
1.715306407925e-06
1.712168646230e-06
1.702407984369e-06
1.693054986857e-06
1.686105064088e-06
1.681888477600e-06
1.678102801474e-06
1.673445345275e-06
1.671059723936e-06
1.661963213097e-06
1.646459522745e-06
1.642377205201e-06
1.637870861015e-06
1.635809173699e-06
1.628949413353e-06
1.624437249695e-06
1.614962326996e-06
1.611920747429e-06
1.605791334331e-06
1.598863579203e-06
1.596352226396e-06
1.591199216307e-06
1.587340257145e-06
1.580321753554e-06
1.576186137068e-06
1.571867401733e-06
1.563839376530e-06
1.561155387374e-06
1.555365406443e-06
1.549733615875e-06
1.544720151983e-06
1.539582391759e-06
1.530814396881e-06
1.527302172370e-06
1.524143642204e-06
1.519650697142e-06
1.515337058059e-06
1.508079895904e-06
1.500488290823e-06
1.496039883795e-06
1.494424264677e-06
1.490367171666e-06
1.484755553769e-06
1.482765587327e-06
1.475582285745e-06
1.472296395530e-06
1.471437086921e-06
1.466710601434e-06
1.466283833503e-06
1.456556116011e-06
1.452297829051e-06
1.452158908457e-06
1.449274388967e-06
1.448246248785e-06
1.446686178791e-06
1.441524191061e-06
1.439231729170e-06
1.430485195042e-06
1.427069760978e-06
1.425213906800e-06
1.421843442340e-06
1.417064024906e-06
1.414429609968e-06
1.408551440791e-06
1.406606503562e-06
1.398254563331e-06
1.395305960451e-06
1.393341316985e-06
1.391644387363e-06
1.386478061685e-06
1.383325647798e-06
1.375886990854e-06
1.375435061645e-06
1.371271970136e-06
1.362648708881e-06
1.359911260950e-06
1.357276339788e-06
1.354954126741e-06
1.349162490593e-06
1.347090718449e-06
1.336695762788e-06
1.335437082013e-06
1.332252627964e-06
1.329763342956e-06
1.327699881481e-06
1.318356806710e-06
1.317500685354e-06
1.315767815912e-06
1.308750765741e-06
1.302568369133e-06
1.300505369401e-06
1.297499791213e-06
1.297167048204e-06
1.292010485625e-06
1.287300541141e-06
1.283125467126e-06
1.280104832634e-06
1.274041427107e-06
1.270344145674e-06
1.263709865819e-06
1.263641398404e-06
1.261622564121e-06
1.257263984511e-06
1.255069098271e-06
1.246775651749e-06
1.243863757689e-06
1.242799586825e-06
1.238871540017e-06
1.237499403430e-06
1.229884081794e-06
1.227430135152e-06
1.226373222148e-06
1.219870864360e-06
1.217181492614e-06
1.212857503508e-06
1.210724826784e-06
1.207730475849e-06
1.205437047246e-06
1.203606880989e-06
1.197710324560e-06
1.195387662322e-06
1.189752699137e-06
1.188929165616e-06
1.183413492517e-06
1.182944546710e-06
1.178964478530e-06
1.176970467982e-06
1.173864880647e-06
1.173221326679e-06
1.165016526099e-06
1.163403206682e-06
1.157561106306e-06
1.156020386167e-06
1.150274683182e-06
1.150098202252e-06
1.146843447910e-06
1.143670878189e-06
1.138262026964e-06
1.138149615219e-06
1.132462884998e-06
1.128985063106e-06
1.127603745675e-06
1.127189969811e-06
1.126019524854e-06
1.122294208396e-06
1.113888535146e-06
1.110583391368e-06
1.103410050278e-06
1.102036746742e-06
1.100890872641e-06
1.100636719784e-06
1.094970790165e-06
1.092951505121e-06
1.092366632445e-06
1.090527089973e-06
1.088470454541e-06
1.085939687859e-06
1.085665803325e-06
1.079309328004e-06
1.077508141532e-06
1.073114746296e-06
1.071171096366e-06
1.068627205254e-06
1.066298342264e-06
1.064098692740e-06
1.062825715471e-06
1.059372332302e-06
1.055188031894e-06
1.051625647947e-06
1.049623967815e-06
1.045600583155e-06
1.045177977520e-06
1.044648183882e-06
1.041220605297e-06
1.034179573210e-06
1.031813342552e-06
1.026296923915e-06
1.024943232139e-06
1.023481788418e-06
1.021227749846e-06
1.018547136269e-06
1.011454299290e-06
1.011104083516e-06
1.008489598974e-06
1.007838423418e-06
1.005020015234e-06
1.003150060900e-06
9.980438135785e-07
9.969839461795e-07
9.937103342771e-07
9.912647271358e-07
9.877734869838e-07
9.820721120122e-07
9.798432453729e-07
9.754066254646e-07
9.751762309703e-07
9.734616679402e-07
9.696297344123e-07
9.691326158482e-07
9.653136573959e-07
9.646927559414e-07
9.629648665850e-07
9.614958097796e-07
9.610886732480e-07
9.603490634690e-07
9.518510141184e-07
9.512778992547e-07
9.478209986060e-07
9.428916541804e-07
9.418720801728e-07
9.405332636956e-07
9.392008173646e-07
9.384427069822e-07
9.355967424699e-07
9.353101437987e-07
9.329742779856e-07
9.256252299330e-07
9.253396522547e-07
9.242116340087e-07
9.231039960919e-07
9.180053745564e-07
9.154210243548e-07
9.145421309769e-07
9.096420851515e-07
9.096106788785e-07
9.087981494326e-07
9.038889056315e-07
9.033032064899e-07
8.988454136254e-07
8.946333167383e-07
8.928558465881e-07
8.918310006938e-07
8.873085827430e-07
8.871145616300e-07
8.853209749106e-07
8.834758477005e-07
8.785125999666e-07
8.776253950094e-07
8.741512308313e-07
8.740413558669e-07
8.724556317516e-07
8.700167991463e-07
8.699112423617e-07
8.674197025146e-07
8.658257850672e-07
8.648670231283e-07
8.624206922902e-07
8.577834165691e-07
8.574710575020e-07
8.559549678092e-07
8.541820006286e-07
8.509626921615e-07
8.478537959885e-07
8.477081794896e-07
8.439380938373e-07
8.420202104095e-07
8.357173310760e-07
8.354024378498e-07
8.338194915464e-07
8.331799386307e-07
8.324418069540e-07
8.303392545790e-07
8.280684125888e-07
8.240852213770e-07
8.239110109177e-07
8.210792300838e-07
8.179187650986e-07
8.109167995995e-07
8.098796751964e-07
8.069664696323e-07
8.051931207863e-07
8.031815782763e-07
8.029952669211e-07
8.008373678330e-07
7.974948221336e-07
7.963582100207e-07
7.958175460934e-07
7.944150225379e-07
7.919813379722e-07
7.915213537584e-07
7.887663628787e-07
7.880853900570e-07
7.867323227130e-07
7.838878789862e-07
7.827845802068e-07
7.806123415345e-07
7.781862892519e-07
7.768189409578e-07
7.744006746865e-07
7.717297572212e-07
7.690681336861e-07
7.665452110361e-07
7.648938259366e-07
7.636177371724e-07
7.620670461045e-07
7.612174074736e-07
7.596340151848e-07
7.590838595403e-07
7.546861397093e-07
7.542623765206e-07
7.504944643612e-07
7.489754660930e-07
7.462131469936e-07
7.456496079159e-07
7.433091787985e-07
7.397477732292e-07
7.381193832653e-07
7.323658945948e-07
7.313051432605e-07
7.302352874610e-07
7.290374611728e-07
7.263728233634e-07
7.255500615105e-07
7.235371663450e-07
7.224581139986e-07
7.199937783216e-07
7.186566092279e-07
7.143874236220e-07
7.139457478961e-07
7.124973350461e-07
7.107808568296e-07
7.077995187599e-07
7.067083953638e-07
7.047839337805e-07
7.027931246709e-07
7.025578132303e-07
7.002705095411e-07
7.002487002248e-07
6.976488042485e-07
6.969474108385e-07
6.955614924439e-07
6.945570759594e-07
6.939637148886e-07
6.903945969619e-07
6.884895037143e-07
6.869130191887e-07
6.830399585007e-07
6.828290674819e-07
6.798227437455e-07
6.774119052196e-07
6.761201395208e-07
6.759232800901e-07
6.728790613669e-07
6.701092089441e-07
6.687487149403e-07
6.671964121197e-07
6.655000671873e-07
6.634420052510e-07
6.619341432167e-07
6.602039222202e-07
6.592411443434e-07
6.567956144197e-07
6.534884991279e-07
6.506076734366e-07
6.503875263509e-07
6.480029094124e-07
6.466639720061e-07
6.465809779266e-07
6.446978370397e-07
6.432555018994e-07
6.420029461274e-07
6.376455167891e-07
6.374048781358e-07
6.355680099176e-07
6.343460007344e-07
6.322336211380e-07
6.310308773757e-07
6.289753170810e-07
6.276685428698e-07
6.270781299762e-07
6.256991798659e-07
6.255196132857e-07
6.237403670535e-07
6.216340603027e-07
6.207315451123e-07
6.181739687725e-07
6.180233352021e-07
6.164561260984e-07
6.139869491714e-07
6.135293199711e-07
6.114771821611e-07
6.086779644388e-07
6.079018821791e-07
6.072029267141e-07
6.058167230606e-07
6.047346191353e-07
6.040560992330e-07
6.004585940085e-07
6.002664223757e-07
5.997539773203e-07
5.989276277761e-07
5.946519167958e-07
5.946309724219e-07
5.927590461872e-07
5.895552719699e-07
5.884073203087e-07
5.874862329165e-07
5.859160226828e-07
5.850510432543e-07
5.831757227734e-07
5.804391630728e-07
5.790708223644e-07
5.773403750574e-07
5.771090687552e-07
5.748307800634e-07
5.722066589819e-07
5.709165743219e-07
5.705567255856e-07
5.696034310794e-07
5.676656610275e-07
5.670619233847e-07
5.659555105971e-07
5.648543087764e-07
5.620393855901e-07
5.614629915875e-07
5.602490966074e-07
5.585031931260e-07
5.582143520790e-07
5.553052748357e-07
5.537111690803e-07
5.527588536260e-07
5.501172874585e-07
5.485984630711e-07
5.484084234279e-07
5.463843890953e-07
5.450468894115e-07
5.442144748413e-07
5.432984087652e-07
5.431407921161e-07
5.393611531318e-07
5.379195000319e-07
5.370076803769e-07
5.369146265621e-07
5.360200348713e-07
5.337297865782e-07
5.310521684362e-07
5.300726878695e-07
5.298820765411e-07
5.273262677649e-07
5.264338195532e-07
5.241865358468e-07
5.236687233814e-07
5.221042545357e-07
5.217277676659e-07
5.209781606575e-07
5.185891683950e-07
5.171275524935e-07
5.169860299275e-07
5.162413042629e-07
5.155398388515e-07
5.149787614301e-07
5.147711453212e-07
5.138014798648e-07
5.108520689288e-07
5.101888568952e-07
5.087729242249e-07
5.069673392604e-07
5.047484309736e-07
5.039272212882e-07
5.034170154483e-07
5.008748472089e-07
5.005136620615e-07
4.988470691322e-07
4.979889461303e-07
4.978582516457e-07
4.958030097672e-07
4.952173459870e-07
4.918226855844e-07
4.914753690278e-07
4.894866683368e-07
4.888009013577e-07
4.873302453056e-07
4.870746484917e-07
4.855242628933e-07
4.843828064507e-07
4.835198206797e-07
4.811301065393e-07
4.806154804096e-07
4.798565057070e-07
4.798467818643e-07
4.774609997797e-07
4.755421806210e-07
4.745928211143e-07
4.741127220089e-07
4.724592069542e-07
4.717734432416e-07
4.705346774718e-07
4.687405532688e-07
4.669864848676e-07
4.664581680599e-07
4.661441816647e-07
4.653227946267e-07
4.651395181205e-07
4.635440245123e-07
4.629452202333e-07
4.612916153309e-07
4.585680961920e-07
4.584583493537e-07
4.578886376071e-07
4.560136351741e-07
4.546353584821e-07
4.526851667656e-07
4.525697632738e-07
4.515348491393e-07
4.504007152120e-07
4.498230008821e-07
4.488146138911e-07
4.466644017023e-07
4.456292193149e-07
4.447770112623e-07
4.435109673708e-07
4.413391732427e-07
4.410046022434e-07
4.402100429357e-07
4.390593179776e-07
4.385398111866e-07
4.372992871255e-07
4.369251020806e-07
4.342594179338e-07
4.334217292233e-07
4.322513360740e-07
4.307028929330e-07
4.298506575735e-07
4.292565769417e-07
4.278927693945e-07
4.275311782597e-07
4.251186572687e-07
4.250748992826e-07
4.240662711590e-07
4.235249683170e-07
4.214506959530e-07
4.211396967438e-07
4.195366647727e-07
4.192136822799e-07
4.180273854704e-07
4.167516804832e-07
4.149534092786e-07
4.147455113018e-07
4.126715071361e-07
4.114321231742e-07
4.110958252979e-07
4.106854650779e-07
4.093067016687e-07
4.091167576120e-07
4.068350269791e-07
4.057669504222e-07
4.038563553804e-07
4.030308424564e-07
4.019473240380e-07
4.016921047445e-07
4.000076977814e-07
3.990902442630e-07
3.988642710204e-07
3.976829060404e-07
3.956034840427e-07
3.950031500971e-07
3.947461314755e-07
3.937771082888e-07
3.925749593585e-07
3.918215660276e-07
3.915049633731e-07
3.911807313153e-07
3.893552964889e-07
3.893040166244e-07
3.880547875880e-07
3.874999875314e-07
3.874256017403e-07
3.856537019693e-07
3.856509332038e-07
3.830343586317e-07
3.823324324017e-07
3.803823989866e-07
3.802344414696e-07
3.791175699340e-07
3.787491458680e-07
3.772394635916e-07
3.766138116605e-07
3.764381366758e-07
3.752982795360e-07
3.739216935297e-07
3.727243864765e-07
3.720994328186e-07
3.711992175484e-07
3.708679393024e-07
3.701775484324e-07
3.688361166314e-07
3.670219568477e-07
3.665884756719e-07
3.663516858149e-07
3.643334232624e-07
3.626157906659e-07
3.624227536599e-07
3.619967162844e-07
3.612229757427e-07
3.594613853363e-07
3.580637374994e-07
3.570191946778e-07
3.566252069729e-07
3.551526863416e-07
3.544491996533e-07
3.537853352135e-07
3.531538257152e-07
3.522488259746e-07
3.519355084723e-07
3.508387341493e-07
3.500353255859e-07
3.495401331288e-07
3.485595075434e-07
3.481347057745e-07
3.473864197246e-07
3.454719920844e-07
3.439975611766e-07
3.433867761760e-07
3.425881152816e-07
3.418111404439e-07
3.413954757216e-07
3.408279168988e-07
3.401641696522e-07
3.400057858649e-07
3.382891911952e-07
3.375609630385e-07
3.370511351675e-07
3.363370444883e-07
3.363329520631e-07
3.347118094226e-07
3.333858922064e-07
3.330930712109e-07
3.324773628210e-07
3.319617876771e-07
3.306589011106e-07
3.302421437326e-07
3.297933455066e-07
3.288813729792e-07
3.284338638614e-07
3.281918894863e-07
3.268279972833e-07
3.259028644810e-07
3.256714612655e-07
3.247648709980e-07
3.244732223708e-07
3.231096824296e-07
3.216635771422e-07
3.202702848879e-07
3.199126694431e-07
3.192018904716e-07
3.188380168536e-07
3.182538566213e-07
3.179736618130e-07
3.169350308611e-07
3.155764424545e-07
3.155147950059e-07
3.151056775297e-07
3.145993949624e-07
3.144035341288e-07
3.142662489445e-07
3.124841456813e-07
3.115044265758e-07
3.102956483560e-07
3.095841660498e-07
3.084919583999e-07
3.074571659965e-07
3.072528253060e-07
3.068148152488e-07
3.059785409484e-07
3.057165692426e-07
3.052713997053e-07
3.042470670534e-07
3.042060725155e-07
3.033390733298e-07
3.021510867960e-07
3.012931719798e-07
3.002276073597e-07
2.991917459802e-07
2.990415155005e-07
2.979861976556e-07
2.979139819504e-07
2.968141984281e-07
2.957438826637e-07
2.950234365396e-07
2.949297929359e-07
2.942320004297e-07
2.931809221141e-07
2.921829922351e-07
2.921168736105e-07
2.908660062909e-07
2.900077020381e-07
2.899477761945e-07
2.894714298603e-07
2.879637932227e-07
2.872086031104e-07
2.856895998895e-07
2.853854696027e-07
2.846784234152e-07
2.838035079575e-07
2.829608408400e-07
2.827064496005e-07
2.821329889694e-07
2.815204163593e-07
2.814992545565e-07
2.807947273822e-07
2.806350159484e-07
2.788620142280e-07
2.782493938693e-07
2.772224663844e-07
2.765748944529e-07
2.764626371526e-07
2.757515462177e-07
2.750460300800e-07
2.745683568146e-07
2.733768185859e-07
2.729766482556e-07
2.721627618010e-07
2.716370687912e-07
2.703512774419e-07
2.696863857679e-07
2.696596975225e-07
2.685408732970e-07
2.683876438183e-07
2.671592735988e-07
2.668329211613e-07
2.661511322040e-07
2.656027409130e-07
2.655008230348e-07
2.647896037991e-07
2.641519427990e-07
2.633849520550e-07
2.622868088964e-07
2.622740636294e-07
2.614046953989e-07
2.599780507502e-07
2.598601593649e-07
2.587274937549e-07
2.586625306574e-07
2.576830337404e-07
2.571630634998e-07
2.566417748717e-07
2.553514829491e-07
2.549854531993e-07
2.539533464208e-07
2.538455765351e-07
2.532550383544e-07
2.520327547416e-07
2.515013301755e-07
2.509506516351e-07
2.502445437340e-07
2.491566868505e-07
2.491074691549e-07
2.481343204235e-07
2.475095124331e-07
2.469286107964e-07
2.464997379879e-07
2.451723755896e-07
2.447736995685e-07
2.442574103886e-07
2.433267488523e-07
2.425377580025e-07
2.421712019181e-07
2.418842546270e-07
2.416420399018e-07
2.414534061623e-07
2.406653278547e-07
2.405701175663e-07
2.401059159394e-07
2.395377233883e-07
2.393662625366e-07
2.388163725191e-07
2.381159711709e-07
2.371763949518e-07
2.367721577032e-07
2.357544170069e-07
2.356663404548e-07
2.345114884092e-07
2.343522858381e-07
2.335749786543e-07
2.334022768338e-07
2.328906902589e-07
2.315393437562e-07
2.307141902412e-07
2.302751343201e-07
2.297049504614e-07
2.290837980367e-07
2.288317222735e-07
2.280274162961e-07
2.280199630331e-07
2.269761637106e-07
2.260920850711e-07
2.256703583753e-07
2.252632618090e-07
2.251653168362e-07
2.243274111165e-07
2.236624153801e-07
2.236286472783e-07
2.225699750194e-07
2.218856360177e-07
2.215303989901e-07
2.211520248539e-07
2.207641346875e-07
2.200741823898e-07
2.198601627775e-07
2.192119393940e-07
2.186725422818e-07
2.183380459365e-07
2.176481081745e-07
2.170401780038e-07
2.169271036756e-07
2.162923792913e-07
2.161944499761e-07
2.155732210043e-07
2.151164265416e-07
2.147691247261e-07
2.139562469967e-07
2.136536541889e-07
2.127230239426e-07
2.124989591239e-07
2.122053062992e-07
2.116336521750e-07
2.113952500223e-07
2.110937156749e-07
2.103088296511e-07
2.102191562279e-07
2.095265218572e-07
2.084152880197e-07
2.082108245661e-07
2.073287903951e-07
2.064656420430e-07
2.061520163043e-07
2.060701474266e-07
2.056619713762e-07
2.047616795934e-07
2.046956723732e-07
2.036850654132e-07
2.030645390751e-07
2.028064769973e-07
2.024038866838e-07
2.020360719931e-07
2.010174196368e-07
2.007771376795e-07
2.005991036568e-07
2.002422390440e-07
1.993036062358e-07
1.992955385447e-07
1.988754777988e-07
1.988652401387e-07
1.980921121152e-07
1.974843609320e-07
1.972818076906e-07
1.969499123609e-07
1.968883948992e-07
1.960318896180e-07
1.960268185087e-07
1.953928402436e-07
1.946177015508e-07
1.943192191779e-07
1.939715988179e-07
1.929232180838e-07
1.923076142623e-07
1.919530980976e-07
1.917481256194e-07
1.907033793370e-07
1.905847837931e-07
1.898763417413e-07
1.896023057867e-07
1.888728115456e-07
1.880566455379e-07
1.871117498533e-07
1.869957415942e-07
1.863937150348e-07
1.858779586793e-07
1.856903418128e-07
1.852972602685e-07
1.848047534224e-07
1.846329701886e-07
1.842313322122e-07
1.836507880035e-07
1.829224289465e-07
1.827967805691e-07
1.826072243319e-07
1.824403442894e-07
1.815768361070e-07
1.812728952522e-07
1.810158938936e-07
1.799578319875e-07
1.796847969741e-07
1.789787719644e-07
1.787345812335e-07
1.784147942684e-07
1.777326837978e-07
1.773637019839e-07
1.771018326387e-07
1.768318487047e-07
1.765318264452e-07
1.763537921847e-07
1.754167366911e-07
1.753197771808e-07
1.741213180556e-07
1.738643678843e-07
1.734887612786e-07
1.734075736356e-07
1.729497536372e-07
1.724755497743e-07
1.721073725256e-07
1.717337848119e-07
1.717334001982e-07
1.709604635656e-07
1.704871699117e-07
1.702717415718e-07
1.699533159195e-07
1.697038290009e-07
1.691524191719e-07
1.686177928323e-07
1.678877350812e-07
1.678097052642e-07
1.672943532003e-07
1.672077858416e-07
1.662220789424e-07
1.659471687577e-07
1.656778346002e-07
1.652154197159e-07
1.650506545139e-07
1.646442267741e-07
1.642931424731e-07
1.639923840088e-07
1.638480524493e-07
1.629636480340e-07
1.628498456004e-07
1.624400525886e-07
1.620340910243e-07
1.619840292312e-07
1.613685149084e-07
1.608546514695e-07
1.605767705057e-07
1.602303524527e-07
1.601024077688e-07
1.600317309310e-07
1.595234601853e-07
1.588605613497e-07
1.579228436956e-07
1.579189039409e-07
1.575285233891e-07
1.567609641292e-07
1.559204169629e-07
1.559194435891e-07
1.556717550622e-07
1.556216708626e-07
1.548465029064e-07
1.548165504877e-07
1.543480029929e-07
1.542578898650e-07
1.537110991993e-07
1.531763038322e-07
1.529766595756e-07
1.524052345945e-07
1.522532179431e-07
1.522094568135e-07
1.516559283373e-07
1.508705675452e-07
1.501359805081e-07
1.500380869869e-07
1.492523504020e-07
1.491706140269e-07
1.483423907270e-07
1.482746409438e-07
1.479258383184e-07
1.476367765647e-07
1.471688309029e-07
1.471684581527e-07
1.466284829299e-07
1.461359584693e-07
1.459346632695e-07
1.458160668215e-07
1.455843866537e-07
1.453462185347e-07
1.451521979098e-07
1.449553568860e-07
1.444842881776e-07
1.438484834032e-07
1.437158271198e-07
1.435837454036e-07
1.434010887236e-07
1.433957283754e-07
1.426869513561e-07
1.423187023940e-07
1.420252639519e-07
1.416139832485e-07
1.411979856053e-07
1.410375829489e-07
1.404670961321e-07
1.402488678213e-07
1.398407341141e-07
1.391520271720e-07
1.384285203477e-07
1.383224125551e-07
1.377919494858e-07
1.374428024663e-07
1.371268403881e-07
1.368679991301e-07
1.363024182108e-07
1.362769082032e-07
1.360616756877e-07
1.355091446010e-07
1.354024438167e-07
1.345785445900e-07
1.340802331442e-07
1.337742611106e-07
1.335733713098e-07
1.333533622722e-07
1.331163747356e-07
1.327692382293e-07
1.323917883190e-07
1.321718702778e-07
1.318280083696e-07
1.315390844753e-07
1.312502709997e-07
1.309209157901e-07
1.307547171423e-07
1.301194176634e-07
1.299259951910e-07
1.295536998970e-07
1.288205240057e-07
1.287747313586e-07
1.284416626394e-07
1.283075199915e-07
1.281374431633e-07
1.275672199121e-07
1.274140154530e-07
1.266815167563e-07
1.265917938339e-07
1.263366232871e-07
1.258805591766e-07
1.251746212370e-07
1.249664976970e-07
1.245296000960e-07
1.244893378056e-07
1.243051611391e-07
1.242399916040e-07
1.237501334765e-07
1.236648817944e-07
1.232350413329e-07
1.227145495440e-07
1.223895482225e-07
1.218672224921e-07
1.216797654455e-07
1.216255980164e-07
1.214036749883e-07
1.208396230649e-07
1.205421314597e-07
1.203428034352e-07
1.201250586215e-07
1.195924879814e-07
1.193765257723e-07
1.191232439089e-07
1.186589664310e-07
1.184203396866e-07
1.183549742008e-07
1.180106184172e-07
1.177246219860e-07
1.177167415979e-07
1.173011588130e-07
1.170038800554e-07
1.164391969817e-07
1.164085327788e-07
1.157935887941e-07
1.156197032707e-07
1.151499752703e-07
1.147434716988e-07
1.142445283787e-07
1.142423930669e-07
1.139146590253e-07
1.134602710366e-07
1.130605559662e-07
1.130509556742e-07
1.127683090787e-07
1.126855715883e-07
1.119930077768e-07
1.119421127091e-07
1.115842424964e-07
1.113477854371e-07
1.108435091908e-07
1.107505605217e-07
1.106465773329e-07
1.101684263734e-07
1.095847926413e-07
1.094688041285e-07
1.092425078091e-07
1.091619207875e-07
1.089438069424e-07
1.086148088086e-07
1.081012491371e-07
1.080821811318e-07
1.073919005640e-07
1.072771645964e-07
1.070527294825e-07
1.066119485334e-07
1.063556309906e-07
1.058021782003e-07
1.054881012653e-07
1.052323307161e-07
1.047951498795e-07
1.046979618336e-07
1.044347446359e-07
1.042033964892e-07
1.040365949826e-07
1.039538728480e-07
1.034689467589e-07
1.034433080130e-07
1.028325639236e-07
1.027037970486e-07
1.025836758723e-07
1.025192532492e-07
1.022834397205e-07
1.016228843767e-07
1.013987053163e-07
1.009407769537e-07
1.007223907133e-07
1.006937738721e-07
1.005571168098e-07
1.001187241191e-07
9.989993095094e-08
9.947315098522e-08
9.945859053723e-08
9.918174596212e-08
9.878701713857e-08
9.869467731901e-08
9.847260777269e-08
9.810943332047e-08
9.809535239485e-08
9.771416547798e-08
9.749464136340e-08
9.728246225385e-08
9.692517131017e-08
9.671675344151e-08
9.661534995992e-08
9.633249267769e-08
9.626726033705e-08
9.607450550515e-08
9.571047209241e-08
9.544703067536e-08
9.542659148053e-08
9.510803907199e-08
9.496422910635e-08
9.482215576385e-08
9.460502790851e-08
9.422353080976e-08
9.396404659210e-08
9.363979325529e-08
9.356570501250e-08
9.315659238241e-08
9.281204596189e-08
9.275587973188e-08
9.274876025789e-08
9.227746292470e-08
9.203424296630e-08
9.198812025398e-08
9.155867679372e-08
9.131959920532e-08
9.129522460873e-08
9.069332010714e-08
9.068715723575e-08
9.042315059801e-08
9.033847668157e-08
9.023294377954e-08
8.998720130706e-08
8.993137912007e-08
8.941446515083e-08
8.896098632228e-08
8.877355147466e-08
8.874145987600e-08
8.861181096649e-08
8.832173578826e-08
8.811254133913e-08
8.783228965406e-08
8.764267435670e-08
8.730379588616e-08
8.718904082461e-08
8.700438674470e-08
8.661175762519e-08
8.644394398225e-08
8.618008371284e-08
8.612691911988e-08
8.571834100105e-08
8.544047741886e-08
8.528964657051e-08
8.510849557764e-08
8.500144609128e-08
8.492788796659e-08
8.476698874161e-08
8.433593573898e-08
8.428806201663e-08
8.416843540227e-08
8.373541232363e-08
8.363682892678e-08
8.352690958626e-08
8.321031705465e-08
8.269093363444e-08
8.257380411124e-08
8.241276553618e-08
8.233065275431e-08
8.191660763162e-08
8.169386258011e-08
8.153253653831e-08
8.134707953944e-08
8.126084577861e-08
8.103510621736e-08
8.093795110311e-08
8.056737624390e-08
8.022203829692e-08
8.021477161637e-08
7.987083208621e-08
7.969946969263e-08
7.961268532305e-08
7.955594747996e-08
7.934723555327e-08
7.917659522490e-08
7.893537941423e-08
7.861479214067e-08
7.856515532719e-08
7.836969392262e-08
7.807245428191e-08
7.776472960048e-08
7.772233657157e-08
7.707491612478e-08
7.704070198575e-08
7.681403201775e-08
7.674107065932e-08
7.648347495489e-08
7.631350918412e-08
7.629713841371e-08
7.612592469593e-08
7.610874481759e-08
7.603981933905e-08
7.531376308627e-08
7.531375561698e-08
7.513689600015e-08
7.492795016534e-08
7.472925470999e-08
7.459131767133e-08
7.442313628240e-08
7.410575098141e-08
7.392883644716e-08
7.368374423959e-08
7.342959667184e-08
7.337022640998e-08
7.301425885754e-08
7.271453440496e-08
7.267145726967e-08
7.248720856537e-08
7.205776469325e-08
7.195208875172e-08
7.162767514012e-08
7.153252986671e-08
7.139315880358e-08
7.133028504617e-08
7.120937197218e-08
7.101914912454e-08
7.097216943131e-08
7.073055707749e-08
7.052715041254e-08
7.028322512744e-08
7.014664139803e-08
7.012940762705e-08
6.990009939326e-08
6.971882960796e-08
6.949532723504e-08
6.939498799360e-08
6.922938045017e-08
6.901336539230e-08
6.887718059782e-08
6.835163910028e-08
6.822205355026e-08
6.805429609633e-08
6.798899091312e-08
6.784117059020e-08
6.751393350084e-08
6.738627515006e-08
6.723440492401e-08
6.705194894826e-08
6.683743247428e-08
6.679909662995e-08
6.665033232929e-08
6.647985225312e-08
6.602131509379e-08
6.593793550945e-08
6.581757923596e-08
6.581306585605e-08
6.569176738534e-08
6.546713117644e-08
6.525206611866e-08
6.522666535327e-08
6.501503993162e-08
6.488702970950e-08
6.452201833154e-08
6.446523706608e-08
6.429421348436e-08
6.401956631332e-08
6.396172522422e-08
6.372729936892e-08
6.359610424222e-08
6.355781408870e-08
6.340086515603e-08
6.325076704030e-08
6.281121648930e-08
6.275173661256e-08
6.258568099135e-08
6.251022652052e-08
6.238665156572e-08
6.205377466020e-08
6.189172843517e-08
6.188489801617e-08
6.166514715465e-08
6.152450572916e-08
6.152291338290e-08
6.132410270201e-08
6.119875914477e-08
6.111133238868e-08
6.095507855688e-08
6.088036476652e-08
6.023607560047e-08
5.996692201957e-08
5.983209449770e-08
5.982690377008e-08
5.956850164660e-08
5.954400098857e-08
5.946284533254e-08
5.926324403368e-08
5.912056558587e-08
5.898690919870e-08
5.887745949543e-08
5.876245255555e-08
5.855848092807e-08
5.838445696733e-08
5.818924380866e-08
5.810628252317e-08
5.799514828748e-08
5.781279302832e-08
5.767043690436e-08
5.758056370959e-08
5.747540420411e-08
5.737326455534e-08
5.699826526273e-08
5.674073652777e-08
5.667571574184e-08
5.645835006735e-08
5.645327917453e-08
5.631525614931e-08
5.618457996792e-08
5.605437716345e-08
5.601183160213e-08
5.583791680861e-08
5.571635606656e-08
5.551238967759e-08
5.524977562462e-08
5.501523618161e-08
5.498602677557e-08
5.483162693157e-08
5.469794407809e-08
5.463064800425e-08
5.454681279432e-08
5.420152610445e-08
5.408597201367e-08
5.399070913007e-08
5.388993922444e-08
5.364994887318e-08
5.364065862638e-08
5.348840803235e-08
5.331540835646e-08
5.314403159743e-08
5.283536588391e-08
5.282474106888e-08
5.270096405080e-08
5.257572959757e-08
5.240432937640e-08
5.236458977795e-08
5.214496735063e-08
5.199797269604e-08
5.177813444741e-08
5.174968740157e-08
5.165033035591e-08
5.156313199821e-08
5.146702714323e-08
5.114082425672e-08
5.096243250883e-08
5.094052556638e-08
5.077003420522e-08
5.062176906652e-08
5.060750523908e-08
5.041417898849e-08
5.030436395594e-08
4.998643448687e-08
4.981551936609e-08
4.963767161368e-08
4.953735808428e-08
4.948224927080e-08
4.936373872757e-08
4.932035305872e-08
4.915996712847e-08
4.908972690954e-08
4.905204859808e-08
4.894456880456e-08
4.868251103065e-08
4.862029599539e-08
4.844098689908e-08
4.836905440182e-08
4.825254221227e-08
4.810267904122e-08
4.804859177156e-08
4.798801360744e-08
4.784707874440e-08
4.774439088496e-08
4.773244937459e-08
4.741195521982e-08
4.736220494541e-08
4.727905329384e-08
4.717851339539e-08
4.701424675195e-08
4.689598484385e-08
4.676997915337e-08
4.660625605844e-08
4.650087272703e-08
4.624242212392e-08
4.616028914803e-08
4.601022563648e-08
4.590951590712e-08
4.587162579990e-08
4.567653300362e-08
4.563544938603e-08
4.556168791138e-08
4.541797369794e-08
4.516455357248e-08
4.509693836450e-08
4.503067530321e-08
4.484840091914e-08
4.479054681322e-08
4.476695249156e-08
4.467707223689e-08
4.458325042911e-08
4.451101653797e-08
4.428081255772e-08
4.423475015501e-08
4.415374970930e-08
4.391895320170e-08
4.389946616306e-08
4.371816242568e-08
4.354340927677e-08
4.349274703316e-08
4.328079087830e-08
4.316627804516e-08
4.311710935583e-08
4.295026189051e-08
4.294348656362e-08
4.276797734687e-08
4.268388205991e-08
4.251886581910e-08
4.244184336705e-08
4.229698022380e-08
4.227106040472e-08
4.212279409887e-08
4.207971916993e-08
4.187777790612e-08
4.179328180910e-08
4.159079936966e-08
4.156830260505e-08
4.148137427818e-08
4.136133631406e-08
4.127766220566e-08
4.113771046229e-08
4.111962964147e-08
4.094030196333e-08
4.092061077969e-08
4.064739132862e-08
4.054145563332e-08
4.042625701518e-08
4.030810066431e-08
4.016959684501e-08
4.012632451473e-08
4.006976941933e-08
4.002949109641e-08
3.988505069260e-08
3.978494064198e-08
3.941618173610e-08
3.939923299435e-08
3.929128411420e-08
3.919572361357e-08
3.904164578232e-08
3.901717069994e-08
3.886810103411e-08
3.885652776230e-08
3.869612172034e-08
3.865392908282e-08
3.849156179824e-08
3.842754883811e-08
3.837606269497e-08
3.825212431186e-08
3.810324219531e-08
3.800329904695e-08
3.786316929976e-08
3.780726543816e-08
3.769567280703e-08
3.766693528545e-08
3.750180864871e-08
3.746036541064e-08
3.739401829878e-08
3.731776269618e-08
3.723603256294e-08
3.714471047268e-08
3.704995910989e-08
3.695068309184e-08
3.684948756677e-08
3.676844300393e-08
3.660612676034e-08
3.643821072328e-08
3.637312565930e-08
3.636649551274e-08
3.629028933745e-08
3.625015629274e-08
3.608003799444e-08
3.588791855165e-08
3.583242827627e-08
3.576386818439e-08
3.573403286436e-08
3.554906235130e-08
3.549277234582e-08
3.539023901409e-08
3.515136961973e-08
3.507098068809e-08
3.501575160932e-08
3.498674134531e-08
3.480197232308e-08
3.476491388831e-08
3.471822570234e-08
3.463107249575e-08
3.443235475989e-08
3.438532641937e-08
3.438016873451e-08
3.429380145310e-08
3.412607760945e-08
3.390967252574e-08
3.388461099460e-08
3.387502316460e-08
3.376296312026e-08
3.364068302497e-08
3.362684494686e-08
3.359238847850e-08
3.340534095660e-08
3.338776095877e-08
3.317364274322e-08
3.316018592608e-08
3.308773541501e-08
3.304813922695e-08
3.300541655953e-08
3.295214759279e-08
3.287644166411e-08
3.270267403923e-08
3.262369668547e-08
3.257606416570e-08
3.257253386289e-08
3.246007015420e-08
3.234298918022e-08
3.229856573328e-08
3.202867878354e-08
3.195258261979e-08
3.185373384973e-08
3.173206749494e-08
3.172413527733e-08
3.164795228266e-08
3.157287667453e-08
3.145142801388e-08
3.138028342554e-08
3.137206352757e-08
3.125501177022e-08
3.118476251505e-08
3.116199771614e-08
3.092420463441e-08
3.071261969901e-08
3.066941901514e-08
3.058741735106e-08
3.049632938121e-08
3.043033247083e-08
3.036016811585e-08
3.023609329008e-08
3.014367197205e-08
3.010541760483e-08
3.000563808887e-08
2.995901643350e-08
2.987347296017e-08
2.983911135122e-08
2.971535439054e-08
2.971235580429e-08
2.958957875474e-08
2.950263195436e-08
2.948810922654e-08
2.941328962491e-08
2.929053100832e-08
2.922221311776e-08
2.904859790538e-08
2.904215248147e-08
2.893241461364e-08
2.890512350589e-08
2.877195161529e-08
2.873049953846e-08
2.862147949143e-08
2.851615707640e-08
2.844594314680e-08
2.835453055313e-08
2.832548281462e-08
2.826128809781e-08
2.823834447730e-08
2.802075006372e-08
2.801561495313e-08
2.796063132418e-08
2.790585177720e-08
2.786756860203e-08
2.773033521185e-08
2.767072228647e-08
2.751357915112e-08
2.744322803129e-08
2.738079808367e-08
2.726698615499e-08
2.722593617725e-08
2.713755877009e-08
2.713540892825e-08
2.700698815216e-08
2.698703503457e-08
2.686694916948e-08
2.678750339000e-08
2.675891759906e-08
2.673371919425e-08
2.670487107525e-08
2.668574905914e-08
2.660028403405e-08
2.650279220273e-08
2.638564445823e-08
2.636103256269e-08
2.628740512720e-08
2.624433455735e-08
2.610691325035e-08
2.608932723059e-08
2.595801153435e-08
2.590778880742e-08
2.587322326513e-08
2.586371690387e-08
2.566004563910e-08
2.561687285640e-08
2.551158855862e-08
2.543470389323e-08
2.525852269204e-08
2.520079627636e-08
2.516807123522e-08
2.511114569043e-08
2.500504965245e-08
2.495208320279e-08
2.491099051869e-08
2.484782176923e-08
2.480828742230e-08
2.476157070617e-08
2.467068235246e-08
2.466659792641e-08
2.452166628733e-08
2.449291214566e-08
2.448344306912e-08
2.434049409290e-08
2.430272465639e-08
2.419884636251e-08
2.415263415253e-08
2.406427274570e-08
2.401230823106e-08
2.397621624975e-08
2.388854907892e-08
2.383525516441e-08
2.376767091387e-08
2.374120316448e-08
2.360948060596e-08
2.360535686440e-08
2.351820299706e-08
2.344032554480e-08
2.341934277667e-08
2.328086969567e-08
2.327209533719e-08
2.324969965386e-08
2.316759734355e-08
2.305521933896e-08
2.304929823056e-08
2.301203329775e-08
2.296988455258e-08
2.285682299436e-08
2.284009367639e-08
2.276729596738e-08
2.273922804649e-08
2.260194611318e-08
2.246286221144e-08
2.239839198283e-08
2.231587576560e-08
2.224505221729e-08
2.220376461814e-08
2.211171725966e-08
2.205337205305e-08
2.202664573428e-08
2.193546530898e-08
2.186095538934e-08
2.175819302470e-08
2.175295843340e-08
2.172442264967e-08
2.169614032272e-08
2.156101293006e-08
2.153824300394e-08
2.149212483502e-08
2.140399770558e-08
2.136754984608e-08
2.131700626863e-08
2.117919307407e-08
2.117277898768e-08
2.107799242075e-08
2.105349932784e-08
2.103734916693e-08
2.099978011638e-08
2.092328933662e-08
2.083748699792e-08
2.082211701617e-08
2.064246674208e-08
2.059326740874e-08
2.043476442762e-08
2.037058971712e-08
2.036109374885e-08
2.031724593737e-08
2.023490645665e-08
2.018913538003e-08
2.009495275593e-08
2.004583854385e-08
1.999868810730e-08
1.995414424185e-08
1.985480546809e-08
1.981539843064e-08
1.978855188328e-08
1.975405293131e-08
1.967177838104e-08
1.963972470724e-08
1.954219767572e-08
1.948437251828e-08
1.946407431190e-08
1.935769660149e-08
1.931788663236e-08
1.930906330016e-08
1.918961944035e-08
1.918610176642e-08
1.910145974314e-08
1.908674778115e-08
1.904543934644e-08
1.895591530928e-08
1.892971103783e-08
1.884794402305e-08
1.884724507741e-08
1.872776698990e-08
1.867585078213e-08
1.859552850240e-08
1.852858154962e-08
1.849464547061e-08
1.847931388116e-08
1.837890186685e-08
1.833713603089e-08
1.828226239758e-08
1.824622230225e-08
1.814894957725e-08
1.812678980731e-08
1.808901525581e-08
1.802225013680e-08
1.795390629554e-08
1.794271581713e-08
1.785553820577e-08
1.782649836037e-08
1.774581455729e-08
1.763751587664e-08
1.760377937731e-08
1.760138192747e-08
1.754916855375e-08
1.745594486448e-08
1.737834942698e-08
1.733573533263e-08
1.726397880002e-08
1.721838309385e-08
1.719295487084e-08
1.717662460386e-08
1.710185623328e-08
1.702899546669e-08
1.701813709708e-08
1.695772298694e-08
1.685302629960e-08
1.682290035402e-08
1.681071294551e-08
1.668487043254e-08
1.667032952885e-08
1.661527317934e-08
1.658860926635e-08
1.647513893465e-08
1.643572292537e-08
1.641939619220e-08
1.635334343719e-08
1.627685223115e-08
1.622261974573e-08
1.615979317709e-08
1.608805672160e-08
1.606083633785e-08
1.602350301129e-08
1.601647878188e-08
1.596941438476e-08
1.591073422922e-08
1.588466428987e-08
1.581870625880e-08
1.574131075289e-08
1.571729438260e-08
1.561221683792e-08
1.560431910280e-08
1.559792964421e-08
1.553738118168e-08
1.550781703741e-08
1.546579466545e-08
1.539963987033e-08
1.536906374341e-08
1.527350118035e-08
1.522205578528e-08
1.518580516044e-08
1.516194721145e-08
1.513027176479e-08
1.511430668716e-08
1.498427454488e-08
1.495173127704e-08
1.482301490580e-08
1.477913583699e-08
1.474871682759e-08
1.471563443595e-08
1.464677433758e-08
1.462797475603e-08
1.456989315433e-08
1.455239186036e-08
1.448802214312e-08
1.446506200056e-08
1.440214048731e-08
1.439488365226e-08
1.433750484155e-08
1.433444649619e-08
1.423210785980e-08
1.416422453177e-08
1.415528101263e-08
1.409323690437e-08
1.408888632670e-08
1.400572844725e-08
1.397749951532e-08
1.392831231149e-08
1.385180282154e-08
1.384936772498e-08
1.380223195849e-08
1.374264650717e-08
1.373177865285e-08
1.370899015789e-08
1.364325387785e-08
1.361809219723e-08
1.355377067200e-08
1.349432427499e-08
1.345984640882e-08
1.343970148741e-08
1.333372188142e-08
1.327857899468e-08
1.325383217454e-08
1.318377543201e-08
1.316932718818e-08
1.312273771116e-08
1.312084488777e-08
1.307523412978e-08
1.306598483201e-08
1.296784574131e-08
1.290794453802e-08
1.283523819333e-08
1.282293161207e-08
1.280442991578e-08
1.276985948756e-08
1.268716314418e-08
1.265688300504e-08
1.257342976918e-08
1.254881526804e-08
1.254461116165e-08
1.251569484889e-08
1.247723675799e-08
1.240565729660e-08
1.238897398891e-08
1.236579345100e-08
1.228879966543e-08
1.226041814192e-08
1.219326294635e-08
1.211308700261e-08
1.210092128493e-08
1.204209704144e-08
1.200669916206e-08
1.196221188656e-08
1.189768309527e-08
1.184047196521e-08
1.177017706905e-08
1.172517593428e-08
1.164790308350e-08
1.160267705611e-08
1.158320356847e-08
1.156537279966e-08
1.155277341421e-08
1.154696243858e-08
1.150456780908e-08
1.147700560189e-08
1.141972541327e-08
1.137025883050e-08
1.129614920387e-08
1.129606184612e-08
1.120805148188e-08
1.119376666942e-08
1.117368069031e-08
1.114048528517e-08
1.106977377962e-08
1.106827441595e-08
1.102448162530e-08
1.100287694916e-08
1.094481204746e-08
1.089293582670e-08
1.083701492585e-08
1.082268807796e-08
1.080281294714e-08
1.076759734534e-08
1.075091470472e-08
1.073299989292e-08
1.066565625882e-08
1.066500842288e-08
1.058729100759e-08
1.058578455723e-08
1.055904648642e-08
1.052268899957e-08
1.047672725136e-08
1.044157841221e-08
1.038502178808e-08
1.036167244700e-08
1.030351742566e-08
1.030240876312e-08
1.023461318610e-08
1.022873145175e-08
1.014041169676e-08
1.012728898066e-08
1.009714074515e-08
1.007129846046e-08
1.003608267739e-08
1.000262684342e-08
9.975031721774e-09
9.946333456219e-09
9.904184662972e-09
9.878530259727e-09
9.816630207876e-09
9.782372822468e-09
9.768787051188e-09
9.733584578039e-09
9.714606812230e-09
9.648124059508e-09
9.601699014831e-09
9.575430104383e-09
9.552659835757e-09
9.488346874188e-09
9.481468857081e-09
9.425181653277e-09
9.369620943662e-09
9.350622207882e-09
9.319254852018e-09
9.280653633525e-09
9.270413004930e-09
9.231816517864e-09
9.195538938418e-09
9.177864279599e-09
9.114584569860e-09
9.066670257985e-09
9.052747792315e-09
9.019053648065e-09
8.970381916428e-09
8.912224166901e-09
8.874804441096e-09
8.863216313138e-09
8.821743393864e-09
8.815401363825e-09
8.781295883566e-09
8.706428935883e-09
8.685775013202e-09
8.665773986847e-09
8.609188034324e-09
8.584789071855e-09
8.543893233746e-09
8.537525371889e-09
8.492624577521e-09
8.467878586684e-09
8.459060130407e-09
8.394483005463e-09
8.366688776099e-09
8.341868012956e-09
8.316652822234e-09
8.287833197937e-09
8.277011886181e-09
8.247624172538e-09
8.235928765093e-09
8.156088560996e-09
8.138666438619e-09
8.079084162215e-09
8.042971940549e-09
8.040040957153e-09
8.006819103828e-09
7.986836770447e-09
7.953584536488e-09
7.897887253874e-09
7.895519391002e-09
7.845354613132e-09
7.841744741773e-09
7.781833737318e-09
7.745050220762e-09
7.716430319792e-09
7.692977819191e-09
7.661997593035e-09
7.632781338992e-09
7.613042843285e-09
7.609334954133e-09
7.527770538521e-09
7.493721601146e-09
7.478140631746e-09
7.428062234748e-09
7.408482826842e-09
7.380378776560e-09
7.373229918909e-09
7.334502574107e-09
7.332971948066e-09
7.287573190729e-09
7.265097655239e-09
7.221871879648e-09
7.215995760397e-09
7.183461902896e-09
7.120686335839e-09
7.110156367526e-09
7.100697513548e-09
7.061913607444e-09
7.012521798458e-09
6.999792253713e-09
6.947773342438e-09
6.943911360379e-09
6.919069936336e-09
6.879843052454e-09
6.870271314172e-09
6.828914256694e-09
6.813564567017e-09
6.778300956025e-09
6.761900893171e-09
6.724971913876e-09
6.685551662081e-09
6.684015371367e-09
6.631503905684e-09
6.616128562419e-09
6.590122868457e-09
6.541225590717e-09
6.524614644087e-09
6.477898683382e-09
6.467715894703e-09
6.426864865111e-09
6.390120505960e-09
6.375874274722e-09
6.320775952884e-09
6.296784648378e-09
6.273413838481e-09
6.213953283772e-09
6.199584094425e-09
6.191511862184e-09
6.157566739301e-09
6.096444279892e-09
6.074948442043e-09
6.063345600036e-09
6.060575338400e-09
6.040258003838e-09
5.998388039655e-09
5.949680723598e-09
5.926843412048e-09
5.907002924537e-09
5.873880999330e-09
5.850068081906e-09
5.831780714804e-09
5.803847900920e-09
5.799727183782e-09
5.757892678790e-09
5.742832244666e-09
5.691969414570e-09
5.691626292745e-09
5.649656503797e-09
5.626612210321e-09
5.595884606310e-09
5.570927533764e-09
5.542763357610e-09
5.523222295167e-09
5.504455244488e-09
5.485630660999e-09
5.467026111842e-09
5.443121447175e-09
5.411346984537e-09
5.411324911914e-09
5.384637482360e-09
5.331879209729e-09
5.294746168417e-09
5.287351379259e-09
5.253238765482e-09
5.226198752866e-09
5.218050017703e-09
5.194982771666e-09
5.145298815575e-09
5.122088038196e-09
5.108923758041e-09
5.067639647891e-09
5.030783429640e-09
5.019325760101e-09
5.013397080699e-09
4.976530274417e-09
4.971174982307e-09
4.935889109384e-09
4.909617247322e-09
4.904324625458e-09
4.887881866042e-09
4.858682499761e-09
4.818666663615e-09
4.806895054194e-09
4.790664411734e-09
4.757188974771e-09
4.743197227586e-09
4.735957291956e-09
4.707760994869e-09
4.681918282423e-09
4.666356218913e-09
4.635233563737e-09
4.628164680019e-09
4.593370729469e-09
4.590237467920e-09
4.538251755028e-09
4.503337250896e-09
4.477838411009e-09
4.464518219990e-09
4.454935411816e-09
4.416879615354e-09
4.407125620729e-09
4.375930494748e-09
4.356288706772e-09
4.333407947876e-09
4.298727883492e-09
4.294687888796e-09
4.260251326258e-09
4.230716885054e-09
4.230010624449e-09
4.188931121074e-09
4.181686737315e-09
4.122470130322e-09
4.096577861570e-09
4.069814518307e-09
4.032175934872e-09
4.021011908399e-09
4.017897536558e-09
3.979157842067e-09
3.970905033059e-09
3.958187173117e-09
3.933634472148e-09
3.916731731303e-09
3.871141322353e-09
3.871066289831e-09
3.853772229393e-09
3.828861681448e-09
3.817291404425e-09
3.790932045827e-09
3.758029603331e-09
3.721480947717e-09
3.697586521712e-09
3.692871067360e-09
3.669164498566e-09
3.659055365570e-09
3.626290222421e-09
3.606690500439e-09
3.596822946800e-09
3.583113696953e-09
3.564907856005e-09
3.561720850172e-09
3.508984845258e-09
3.508941922173e-09
3.492131783114e-09
3.463490418607e-09
3.463003841015e-09
3.445691696681e-09
3.422343299855e-09
3.392886241656e-09
3.380321849161e-09
3.349858770648e-09
3.340147285519e-09
3.310106389577e-09
3.290797567603e-09
3.269769036736e-09
3.236689666414e-09
3.235774244621e-09
3.207011164389e-09
3.203330022200e-09
3.192257407509e-09
3.152300100562e-09
3.117781254169e-09
3.115856963851e-09
3.083631640350e-09
3.072031331312e-09
3.068609948783e-09
3.033601416203e-09
3.027739430800e-09
2.993342699582e-09
2.990660758618e-09
2.946503813949e-09
2.938747258550e-09
2.932264365821e-09
2.906137404759e-09
2.892055268316e-09
2.862990841237e-09
2.853757392630e-09
2.849313621462e-09
2.832233344813e-09
2.828013726162e-09
2.807476682002e-09
2.767839795917e-09
2.762116957898e-09
2.722220838464e-09
2.715377927272e-09
2.680843589353e-09
2.679504687210e-09
2.647112902007e-09
2.644955178825e-09
2.629073472055e-09
2.615117258870e-09
2.608389346557e-09
2.594211364403e-09
2.573846122682e-09
2.562865814794e-09
2.561649441850e-09
2.527095429372e-09
2.506875800120e-09
2.489280100515e-09
2.483196943810e-09
2.444897163353e-09
2.440754884387e-09
2.412034119676e-09
2.398660545408e-09
2.387827126255e-09
2.369612345161e-09
2.365147616483e-09
2.338819953608e-09
2.296383242048e-09
2.280354193700e-09
2.275727638328e-09
2.244907038780e-09
2.223493220961e-09
2.219773743120e-09
2.200711179748e-09
2.185776043291e-09
2.181517006993e-09
2.141166977832e-09
2.113354167182e-09
2.108317643166e-09
2.099856034310e-09
2.078110799209e-09
2.047816051973e-09
2.046703545933e-09
2.038289680412e-09
2.016222993899e-09
2.007858015105e-09
1.989573702752e-09
1.950105973957e-09
1.944552417522e-09
1.936734245669e-09
1.918950735475e-09
1.918560508321e-09
1.897984208041e-09
1.877921180477e-09
1.857943092273e-09
1.839843438788e-09
1.827120739347e-09
1.809758741275e-09
1.808231728323e-09
1.801668472096e-09
1.773290661677e-09
1.753756785400e-09
1.713391746660e-09
1.712049362939e-09
1.692603245920e-09
1.691230606949e-09
1.673381992147e-09
1.664225221697e-09
1.654674940351e-09
1.651266644821e-09
1.612840702491e-09
1.600094564256e-09
1.588671272434e-09
1.588092186054e-09
1.558596034735e-09
1.547686984688e-09
1.537925724068e-09
1.522524292537e-09
1.506664071392e-09
1.492727941444e-09
1.488351984109e-09
1.478875289589e-09
1.468828940395e-09
1.428972599296e-09
1.417315920994e-09
1.414428214309e-09
1.398354791249e-09
1.387814483786e-09
1.385922224439e-09
1.357079782487e-09
1.339997774780e-09
1.339107595693e-09
1.330117640682e-09
1.306549054416e-09
1.300616018616e-09
1.293587611071e-09
1.278767911825e-09
1.276031561777e-09
1.248213080232e-09
1.240897885992e-09
1.228664925722e-09
1.226804503305e-09
1.207862369206e-09
1.200935688704e-09
1.178359104381e-09
1.162488814080e-09
1.162396277112e-09
1.137075801863e-09
1.100547451574e-09
1.085293860691e-09
1.079779342111e-09
1.076680001212e-09
1.062002966781e-09
1.060986555389e-09
1.050465198504e-09
1.034745385630e-09
1.018824239605e-09
1.003270790124e-09
9.993255848096e-10
9.948928663186e-10
9.626496355422e-10
9.623675766374e-10
9.549376836184e-10
9.440856250012e-10
9.195264249549e-10
9.081873829283e-10
8.853609242030e-10
8.798279132442e-10
8.669558786379e-10
8.604396292935e-10
8.476855323636e-10
8.391552721195e-10
8.299547145659e-10
8.219451572177e-10
8.205317361871e-10
8.127867718255e-10
7.731044285886e-10
7.679276041891e-10
7.542822947502e-10
7.473979332300e-10
7.366086502161e-10
7.327536411849e-10
7.229966471740e-10
7.190028853107e-10
7.051992608645e-10
6.866202528570e-10
6.826758939149e-10
6.630015698415e-10
6.528771528535e-10
6.443841882782e-10
6.413612874754e-10
6.331605078443e-10
6.222774680221e-10
6.207091475604e-10
6.037573532394e-10
5.918628738391e-10
5.761981304394e-10
5.632424471578e-10
5.624535501770e-10
5.389453767227e-10
5.361268178948e-10
5.272679546404e-10
5.171045809110e-10
5.166330502936e-10
4.960823594921e-10
4.760797000746e-10
4.674158571123e-10
4.556608315482e-10
4.521879576005e-10
4.408389973853e-10
4.281188447522e-10
4.218540148975e-10
4.211336347682e-10
4.144788917513e-10
4.115115696540e-10
4.020013600947e-10
3.896436169747e-10
3.684595017305e-10
3.640510045661e-10
3.519726510892e-10
3.472093392763e-10
3.349702722112e-10
3.168347777193e-10
3.064632886619e-10
2.982513181276e-10
2.940811022586e-10
2.848010929163e-10
2.820633922889e-10
2.729172943888e-10
2.455505878046e-10
2.438437276647e-10
2.347274837848e-10
2.263550214257e-10
2.121770015850e-10
2.112387846326e-10
1.868344825390e-10
1.779479468111e-10
1.755758756243e-10
1.658115127183e-10
1.568193217958e-10
1.520021797528e-10
1.390868328401e-10
1.233470473988e-10
1.191702325066e-10
1.112705486108e-10
1.008601884469e-10
9.536402446894e-11
8.515262832621e-11
7.531595334646e-11
6.773613387386e-11
5.917526733132e-11
5.418739168604e-11
4.108477698908e-11
3.982691473353e-11
2.527505390275e-11
1.888565788842e-11
1.364978694915e-11
7.267601290399e-12
