#lambda_0=1.000000000000e+00
1.000000000000e+00
3.844216602958e-20
7.500908391712e-22
4.225346490016e-22
3.149794592269e-23
8.508375087852e-24
1.370451579809e-24
1.829527025312e-25
2.023972469345e-27
7.306200591603e-28
2.697134178216e-29
3.507110669006e-31
8.272662123530e-32
2.424282128359e-32
8.992025382372e-33
1.455073777696e-34
7.142189890003e-35
2.926108378801e-37
2.645315740063e-37
5.014707670713e-38
2.886961011263e-38
1.382041522403e-38
5.267615053268e-39
3.527924935898e-39
1.962651901771e-39
1.441469769887e-39
8.767963017361e-40
6.379269303853e-40
3.954915255850e-40
2.117273023946e-40
1.860300404560e-40
6.149750167953e-41
3.724359294602e-41
2.395433456978e-41
2.580859633936e-42
5.179964803713e-43
7.076603466026e-45
4.620748071592e-46
1.211925601368e-46
6.889895872357e-47
3.272129695259e-47
1.643669437719e-47
1.354866458882e-47
9.569681322508e-48
8.552001803087e-48
7.163900423024e-48
6.113340529677e-48
5.180920937806e-48
4.566109940619e-48
3.317512686673e-48
3.103911982941e-48
2.279257599263e-48
1.781695381823e-48
1.570041237800e-48
1.261204307499e-48
1.124396840359e-48
9.338574658360e-49
7.592088139540e-49
5.087809527036e-49
3.114976264925e-49
2.313034995691e-49
7.960268890999e-50
1.769820540449e-50
6.439919918875e-52
