#lambda_0=8.171299236179e-01
1.000000000000e+00
2.259159175831e-01
2.259159175777e-01
2.259159175456e-01
2.259159175420e-01
1.300309862177e-01
1.300309855863e-01
4.247396045984e-02
4.247396042020e-02
3.241287019656e-02
3.241287019646e-02
3.227217258396e-02
3.227217258395e-02
2.810680475342e-02
2.810680475216e-02
2.810680463091e-02
2.810680463036e-02
2.810680065849e-02
2.810680065462e-02
2.810680053269e-02
2.810680053191e-02
2.173229673046e-02
2.172260144800e-02
1.964886856039e-02
1.962938210142e-02
1.931831793256e-02
1.931831763171e-02
1.929289721930e-02
1.929289721768e-02
1.928869714262e-02
1.928869714231e-02
1.910518316777e-02
1.690823562580e-02
9.674820436103e-03
9.674817673306e-03
9.674817448373e-03
9.674817170226e-03
9.670829439974e-03
9.670829078499e-03
9.670828849712e-03
9.670826145579e-03
5.530558279788e-03
5.530558279771e-03
4.224443990373e-03
4.224443975714e-03
4.206118854911e-03
4.206118842038e-03
3.495609315712e-03
3.495609309812e-03
3.495609266800e-03
3.495609263663e-03
2.964443766944e-03
2.832057385596e-03
2.832006109887e-03
2.783785049184e-03
2.783785048846e-03
2.770540839346e-03
2.770540837916e-03
2.493088788545e-03
2.493088787983e-03
2.490542824222e-03
2.439470279116e-03
1.809528178568e-03
1.461314473013e-03
1.382310656351e-03
1.382310655456e-03
1.376329536499e-03
1.376329535921e-03
1.203961788831e-03
1.203961764471e-03
1.203961653153e-03
1.203961649903e-03
1.203953967409e-03
1.203953954695e-03
1.203953835083e-03
1.203953832123e-03
1.111494408945e-03
1.111494406848e-03
1.078108365833e-03
1.078108363462e-03
1.055993192186e-03
1.051413522418e-03
1.051413511201e-03
1.046880783129e-03
9.269161177985e-04
9.269161169708e-04
8.263472733873e-04
8.029749045489e-04
8.029749032717e-04
7.754630865682e-04
7.081406534374e-04
7.081406524036e-04
7.050871453374e-04
7.050871437787e-04
4.750059344012e-04
4.097032661075e-04
4.097032626384e-04
4.097032046790e-04
4.097031863081e-04
2.062193960782e-04
1.504565033498e-04
1.504565014793e-04
1.466589030597e-04
1.441310265532e-04
1.441310245194e-04
1.102684259683e-04
1.051521458815e-04
1.051521452456e-04
1.012486155962e-04
5.336803349831e-05
5.336803347393e-05
5.243510334987e-05
5.243510291063e-05
2.489417007402e-05
1.883891063751e-05
1.858682241311e-05
1.858681903948e-05
1.838177080131e-05
1.184167312760e-05
6.519016097225e-06
6.074202387029e-06
6.074202374992e-06
6.074197989322e-06
6.074196856611e-06
5.803744235393e-06
5.144771552634e-06
5.144770539877e-06
5.024175071060e-06
5.024174138199e-06
3.498484646317e-06
3.070869063602e-06
3.070741098711e-06
3.052433966267e-06
2.962164938317e-06
2.950620681355e-06
2.950619362306e-06
2.950614096708e-06
2.950558869632e-06
2.796875683230e-06
2.796869291667e-06
2.391767228108e-06
2.391734141628e-06
2.391726098012e-06
2.391719203481e-06
2.386568410006e-06
2.386527367974e-06
2.386516421189e-06
2.386507110055e-06
2.351769954306e-06
2.351766059249e-06
2.310791708561e-06
2.310791409928e-06
1.754223791609e-06
1.754222551541e-06
1.754185781650e-06
1.754185294350e-06
1.688862828327e-06
1.688835061545e-06
1.610124536337e-06
1.543464788197e-06
1.430109037292e-06
1.430106641504e-06
1.430069979195e-06
1.430022044770e-06
1.274892500461e-06
1.269542713235e-06
1.264026103158e-06
1.261886231583e-06
1.260583982985e-06
1.258242728935e-06
1.256085054893e-06
1.255492950956e-06
1.234201759544e-06
1.234194971438e-06
1.222638479890e-06
1.222635797341e-06
8.829643692948e-07
8.828203712090e-07
8.828185335872e-07
8.825932394863e-07
8.813841648372e-07
8.812335954518e-07
8.812293856499e-07
8.810132238525e-07
7.682051816128e-07
7.671302908364e-07
6.725380752026e-07
6.725368402777e-07
6.722431520655e-07
6.722137480639e-07
6.275368469370e-07
6.275009339766e-07
6.266064382787e-07
6.262919620114e-07
5.114860659866e-07
5.114823376553e-07
5.109460022504e-07
5.109407657046e-07
4.379092812847e-07
4.320490121062e-07
4.320132861121e-07
4.227469613242e-07
4.154855277183e-07
4.154749225042e-07
4.153219150040e-07
4.152969094184e-07
4.150621566663e-07
4.150426509189e-07
4.149666514526e-07
4.149397057103e-07
3.800317981229e-07
3.711079169987e-07
3.507688954952e-07
3.507660408273e-07
3.507649384666e-07
3.507618358905e-07
3.507466704069e-07
3.507459371879e-07
3.507448357598e-07
3.507381364677e-07
3.232378928796e-07
3.034510461400e-07
2.784208503113e-07
2.784202535730e-07
2.783817252040e-07
2.777269976517e-07
2.777268378833e-07
2.775709717745e-07
2.513686086999e-07
2.473478529794e-07
2.414931736734e-07
2.411973798723e-07
2.411800446852e-07
2.411025499704e-07
2.405577173431e-07
2.389638917910e-07
2.082453778624e-07
2.073282774493e-07
2.057120515508e-07
2.013562514357e-07
1.819172186592e-07
1.812007342037e-07
1.800935770499e-07
1.770672813001e-07
1.581431209469e-07
1.579653328666e-07
1.578818195977e-07
1.562258128068e-07
1.325124717219e-07
1.324483132830e-07
1.321234110144e-07
1.319642700500e-07
1.309241942823e-07
1.309118193946e-07
1.308716351868e-07
1.305796789169e-07
1.269271958435e-07
1.268712735414e-07
1.268064795904e-07
1.267591673773e-07
1.265600919756e-07
1.265375448503e-07
1.261369694665e-07
1.260584175744e-07
1.259893786976e-07
1.257091161711e-07
1.240531496945e-07
1.238966832899e-07
1.207026186981e-07
1.202123984772e-07
1.192128801346e-07
1.187981037266e-07
1.141082551383e-07
1.141037908465e-07
1.119622384020e-07
1.119577029903e-07
1.117673658713e-07
1.117631906899e-07
1.103656563276e-07
1.098155842687e-07
1.095245592504e-07
1.095220299755e-07
1.067531972706e-07
1.067073554265e-07
1.066735530023e-07
1.066124710360e-07
7.689515153093e-08
7.688711161326e-08
7.656763486878e-08
7.648907220097e-08
7.489695184585e-08
6.723534852020e-08
6.552909475197e-08
6.550872099156e-08
6.528774066571e-08
6.527099762728e-08
6.502724815207e-08
6.502025174387e-08
6.499442944330e-08
6.499271429799e-08
6.431290481714e-08
6.400722893682e-08
6.148669484423e-08
6.043529071944e-08
5.778939735985e-08
5.776786860546e-08
5.402778351225e-08
4.426667823018e-08
4.417329224934e-08
4.097339523627e-08
4.088274280752e-08
4.085231651637e-08
3.828995282928e-08
3.642303973869e-08
3.627670418405e-08
3.612493356048e-08
3.593392344948e-08
3.544068326781e-08
3.542221168223e-08
3.540599859615e-08
3.531717715575e-08
3.517708183292e-08
3.506582303137e-08
3.497130360087e-08
3.475099652847e-08
3.263267446861e-08
3.170470678653e-08
3.166895174534e-08
3.141003964256e-08
3.076451990420e-08
3.064797921204e-08
2.788760520056e-08
2.784627757248e-08
2.781726524477e-08
2.781404776591e-08
2.779710594192e-08
2.776651545981e-08
2.772202944330e-08
2.766100337295e-08
2.756084122895e-08
2.753443219858e-08
2.752538624997e-08
2.747268956959e-08
2.706087960960e-08
2.673136618540e-08
2.644963828867e-08
2.635574425744e-08
2.633232570553e-08
2.541882476511e-08
2.461236968768e-08
2.449469161895e-08
2.368664036332e-08
2.356224951528e-08
2.346530835624e-08
2.331959294711e-08
2.330524549334e-08
2.320915468288e-08
2.318402493558e-08
2.318186794991e-08
2.316960691386e-08
2.313536119227e-08
2.277406986606e-08
2.262734743153e-08
2.260584491555e-08
2.238903438556e-08
2.236582616228e-08
2.224876964555e-08
2.202439856654e-08
2.198348137872e-08
2.192581864428e-08
2.179509141562e-08
2.151788886715e-08
2.147465596696e-08
2.127556787980e-08
2.092781448274e-08
2.091522418409e-08
2.090145298312e-08
2.080016533135e-08
2.073110903460e-08
2.067627043470e-08
2.050461043878e-08
2.047419873260e-08
2.042537126542e-08
2.038506308285e-08
2.031007275261e-08
2.028367352056e-08
2.020053802398e-08
2.017527869401e-08
2.016082796381e-08
2.004031039402e-08
1.988334328182e-08
1.974279813334e-08
1.923121735611e-08
1.919829653407e-08
1.887628339819e-08
1.859640472972e-08
1.845058580105e-08
1.838482629787e-08
1.835746622486e-08
1.833037754607e-08
1.756783082965e-08
1.748746841146e-08
1.680359375105e-08
1.675465954822e-08
1.672544349500e-08
1.672417411718e-08
1.642012448037e-08
1.622287931621e-08
1.622207266361e-08
1.528577845850e-08
1.516708185562e-08
1.512634828995e-08
1.475309788011e-08
1.465257451428e-08
1.454005803076e-08
1.453909518767e-08
1.452510787082e-08
1.429291553032e-08
1.418651122207e-08
1.413496359287e-08
1.412524722265e-08
1.409412286961e-08
1.407487463870e-08
1.402937785709e-08
1.384617661277e-08
1.375571389749e-08
1.373461876571e-08
1.370778219783e-08
1.311944390424e-08
1.311541969240e-08
1.309557327762e-08
1.308425528395e-08
1.164270307640e-08
1.152117245303e-08
1.140795300277e-08
1.134415151667e-08
1.129563494593e-08
1.128497331252e-08
1.125710450873e-08
1.118502083671e-08
1.097354444270e-08
1.085727461018e-08
1.078277956240e-08
1.073939979058e-08
1.059892640882e-08
1.053849647879e-08
1.040067640439e-08
1.039534301058e-08
1.039408098073e-08
1.038262448003e-08
1.032186477076e-08
1.028326637270e-08
9.992879821128e-09
9.943770478699e-09
9.873534206996e-09
9.863606361997e-09
9.805645353941e-09
9.651270278460e-09
9.485592346169e-09
9.449783047157e-09
9.188049431495e-09
9.127245531898e-09
9.107802395387e-09
9.095974646252e-09
9.047366370015e-09
9.042474214661e-09
9.011571372396e-09
8.827441267091e-09
8.597710105743e-09
8.561683903722e-09
8.519747398968e-09
8.514732197559e-09
8.446679892528e-09
8.323074506165e-09
8.179625500670e-09
8.142678910147e-09
8.123806918817e-09
8.046707356394e-09
8.031530385691e-09
7.968939350831e-09
7.791961536353e-09
7.084908726426e-09
7.055581324645e-09
6.975483621039e-09
6.960690843340e-09
6.864042298728e-09
6.821737653134e-09
6.744581601807e-09
6.735640257390e-09
6.625050799931e-09
6.145238838291e-09
6.107744881491e-09
6.036735011610e-09
6.026938189724e-09
5.989137378004e-09
5.933736802641e-09
5.915103826623e-09
5.881892862056e-09
5.879029412567e-09
5.856370507870e-09
5.818744062428e-09
5.802661277000e-09
5.794992648445e-09
5.665323977560e-09
5.658553276454e-09
5.656816534962e-09
5.631866520554e-09
5.603495588207e-09
5.587821360029e-09
5.536492645666e-09
5.531791034586e-09
5.527643046220e-09
5.502036702471e-09
5.024793484797e-09
5.013855097914e-09
4.991323569868e-09
4.982337316108e-09
4.923080427179e-09
4.907787944242e-09
4.889322009675e-09
4.878131715219e-09
4.555169853356e-09
4.500074009528e-09
4.395698615136e-09
4.381509339104e-09
4.378238374554e-09
4.376340620421e-09
4.366751787890e-09
4.248054884860e-09
4.246608974841e-09
4.219435041413e-09
4.074628438985e-09
4.062952441244e-09
3.978301366777e-09
3.788707768736e-09
3.778820077162e-09
3.778406764957e-09
3.734639519371e-09
3.639628867410e-09
3.575672195534e-09
3.571408753048e-09
3.560183341221e-09
3.544246197668e-09
3.507451757944e-09
3.401855030755e-09
3.386921108741e-09
3.383831954093e-09
3.383773813528e-09
3.376262008691e-09
3.361948813417e-09
3.357476154200e-09
3.357388084143e-09
3.347636995566e-09
3.338374071217e-09
3.325596603222e-09
3.303347062430e-09
3.275027013942e-09
3.236203893385e-09
3.215994432403e-09
3.215804436328e-09
3.214402646504e-09
3.212071661420e-09
3.200759606466e-09
3.200394391507e-09
3.199329121972e-09
3.174631155660e-09
3.167186205932e-09
3.159375600521e-09
3.119245244970e-09
3.117200518331e-09
3.117180156784e-09
3.090333268679e-09
3.075503486691e-09
3.046182926547e-09
3.016013929148e-09
2.996638431129e-09
2.989033299795e-09
2.973894065435e-09
2.930018771651e-09
2.895970043000e-09
2.879916215490e-09
2.873434816009e-09
2.858022274242e-09
2.855495376070e-09
2.828018884525e-09
2.763571538174e-09
2.750794916131e-09
2.732710496646e-09
2.730035294543e-09
2.712245276464e-09
2.695594546009e-09
2.648786557181e-09
2.644634608390e-09
2.616674539873e-09
2.614738832328e-09
2.605402640483e-09
2.564437250135e-09
2.543260176865e-09
2.527497942207e-09
2.514847282683e-09
2.495665090626e-09
2.483740677566e-09
2.470994734229e-09
2.462217887186e-09
2.445286964823e-09
2.442344197723e-09
2.425868417217e-09
2.416334242141e-09
2.382676381340e-09
2.349792150962e-09
2.333562779675e-09
2.324558700168e-09
2.309808981806e-09
2.293616050938e-09
2.281607503834e-09
2.259206611616e-09
2.212069455832e-09
2.165941023588e-09
2.158420169958e-09
2.152043460647e-09
2.142158253298e-09
2.088029166517e-09
2.078616148837e-09
2.074572017875e-09
2.035918840045e-09
2.021806669873e-09
2.008429642030e-09
2.005127198957e-09
1.976049858228e-09
1.973166063849e-09
1.967075942781e-09
1.948775757318e-09
1.942335708540e-09
1.925490503307e-09
1.922908349058e-09
1.912389979540e-09
1.907548726919e-09
1.887268860561e-09
1.884299131653e-09
1.874610247932e-09
1.862783663590e-09
1.846945976680e-09
1.843364904007e-09
1.838583301544e-09
1.831133412874e-09
1.812984936265e-09
1.809540109802e-09
1.794305141892e-09
1.766971726343e-09
1.751040397473e-09
1.751018161517e-09
1.750915405102e-09
1.750824998073e-09
1.709669087084e-09
1.683818618459e-09
1.658401436529e-09
1.641166403841e-09
1.615921112360e-09
1.609625308503e-09
1.603537946705e-09
1.597723151194e-09
1.595486323630e-09
1.589378930762e-09
1.583453673932e-09
1.541810775126e-09
1.524791271152e-09
1.524474380236e-09
1.524454039806e-09
1.523759798434e-09
1.502447707238e-09
1.498263496158e-09
1.471279975735e-09
1.451348280586e-09
1.450271453197e-09
1.420227199122e-09
1.400568110082e-09
1.386568917000e-09
1.383941716287e-09
1.378887546668e-09
1.340438834706e-09
1.297426966592e-09
1.277961283736e-09
1.265514925810e-09
1.246665745570e-09
1.244199731983e-09
1.229635854002e-09
1.225864111642e-09
1.212641095528e-09
1.212504615584e-09
1.212333570355e-09
1.197557918528e-09
1.197322928048e-09
1.161493963567e-09
1.160641259288e-09
1.144584581897e-09
1.140674122976e-09
1.138620699384e-09
1.130965876169e-09
1.106442419410e-09
1.089378993290e-09
1.081933877337e-09
1.043999830922e-09
9.996954630808e-10
9.206977026838e-10
9.193578404745e-10
9.177944600479e-10
8.866449561680e-10
8.835638025433e-10
8.814828962949e-10
8.814199743792e-10
8.793585176710e-10
8.775987639527e-10
8.740977590922e-10
8.733581693820e-10
8.547248190447e-10
8.181103738644e-10
8.087818400694e-10
7.976652263085e-10
7.949688520737e-10
7.861764682734e-10
7.484903495462e-10
7.326538040965e-10
7.071408321209e-10
7.031062298684e-10
6.854872174099e-10
6.684822948056e-10
6.683980601887e-10
6.574762918588e-10
6.561463511595e-10
6.418972378197e-10
6.409303886173e-10
6.315561517463e-10
6.245701963141e-10
6.135984984924e-10
5.973743978174e-10
5.944241485397e-10
5.774927745392e-10
5.713395360094e-10
5.563641976318e-10
5.560350600001e-10
5.539185958605e-10
5.436627636629e-10
5.324712854306e-10
5.312653704808e-10
5.260365120188e-10
5.180635828593e-10
5.172618936656e-10
5.165665123256e-10
5.036971353285e-10
5.022641378206e-10
5.010751557550e-10
4.997759577459e-10
4.997734820108e-10
4.992864892137e-10
4.990201433696e-10
4.933467623045e-10
4.921539751023e-10
4.879021629172e-10
4.782279761040e-10
4.764423280953e-10
4.731039190774e-10
4.721736507070e-10
4.721602419505e-10
4.687222369551e-10
4.683695251872e-10
4.667439651737e-10
4.651134452944e-10
4.609713059181e-10
4.601120254639e-10
4.587680054088e-10
4.587464765429e-10
4.517771854671e-10
4.513861565616e-10
4.437645250576e-10
4.357988997890e-10
4.329454750787e-10
4.314083792172e-10
4.305279884416e-10
4.290715484621e-10
4.266359754067e-10
4.251999934597e-10
4.228099518119e-10
4.160993467678e-10
4.136503488097e-10
4.132564750323e-10
4.123872877657e-10
4.068949400703e-10
3.993441441522e-10
3.937644240702e-10
3.937200184639e-10
3.936160175130e-10
3.910757823930e-10
3.901818160964e-10
3.899187584078e-10
3.883140718036e-10
3.882464407049e-10
3.859317069988e-10
3.821654128287e-10
3.820377593113e-10
3.806576340989e-10
3.774459647646e-10
3.747501723266e-10
3.743371497977e-10
3.732592061232e-10
3.659735415115e-10
3.612984295476e-10
3.582751476328e-10
3.568227191494e-10
3.553367854086e-10
3.530274575261e-10
3.492350724993e-10
3.468490410980e-10
3.446191497341e-10
3.422025561459e-10
3.420576025361e-10
3.394540498684e-10
3.365617313813e-10
3.353706038666e-10
3.348055850320e-10
3.331042938779e-10
3.327057673485e-10
3.312125945093e-10
3.302290505554e-10
3.269564151044e-10
3.229978095270e-10
3.225806346264e-10
3.190384320980e-10
3.177096792944e-10
3.175526566729e-10
3.163341664148e-10
3.126769483531e-10
3.076464013914e-10
3.002666202806e-10
2.996428557490e-10
2.970561268965e-10
2.966718438802e-10
2.922125617309e-10
2.910739766314e-10
2.899152283956e-10
2.874635802915e-10
2.863820446608e-10
2.841334661445e-10
2.823548192298e-10
2.779624834817e-10
2.721567048224e-10
2.683531464124e-10
2.670430672701e-10
2.664132318294e-10
2.663597078816e-10
2.652651329582e-10
2.639397227846e-10
2.629653521346e-10
2.602608127930e-10
2.446045824562e-10
2.435035438135e-10
2.360614270655e-10
2.341822524518e-10
2.319298633298e-10
2.296206589564e-10
2.274594291551e-10
2.211342849709e-10
2.112763717886e-10
2.088412914929e-10
2.072546227519e-10
2.025124870278e-10
2.011191173619e-10
1.894183574138e-10
1.882061080778e-10
1.880498327899e-10
1.831189682593e-10
1.802206350394e-10
1.724939324137e-10
1.719807850056e-10
1.673850473938e-10
1.673321116627e-10
1.667548094652e-10
1.666727785528e-10
1.654475689121e-10
1.654375901057e-10
1.646545120825e-10
1.641778313976e-10
1.639760591903e-10
1.613830143778e-10
1.605931372374e-10
1.600110870493e-10
1.594923492138e-10
1.592134025459e-10
1.591987293349e-10
1.575591522261e-10
1.545450878816e-10
1.543023862187e-10
1.531503023993e-10
1.529259848296e-10
1.522777729865e-10
1.521388394242e-10
1.519558677578e-10
1.516722326216e-10
1.516616022930e-10
1.514141719754e-10
1.514107426185e-10
1.512346049094e-10
1.512266765205e-10
1.504096041452e-10
1.484053921132e-10
1.483705969050e-10
1.481203189485e-10
1.479815793392e-10
1.473075056056e-10
1.470445191457e-10
1.469444666236e-10
1.469125242101e-10
1.454990524354e-10
1.424897288020e-10
1.412538762333e-10
1.411610315861e-10
1.405307800218e-10
1.399608381835e-10
1.368337807712e-10
1.360018126186e-10
1.334569874250e-10
1.332879316916e-10
1.318581160963e-10
1.316362657522e-10
1.303290656069e-10
1.290534796090e-10
1.288318134250e-10
1.280847061865e-10
1.277873901766e-10
1.261347953545e-10
1.261054524490e-10
1.251034953366e-10
1.240053757536e-10
1.225232180100e-10
1.225126622992e-10
1.222371214277e-10
1.222363374564e-10
1.221038906369e-10
1.220038588757e-10
1.217271680430e-10
1.206764649761e-10
1.205242335049e-10
1.204288627536e-10
1.198956022649e-10
1.195577963444e-10
1.193449360443e-10
1.192168831967e-10
1.191786292690e-10
1.187292867811e-10
1.185947218631e-10
1.184383340446e-10
1.181686005514e-10
1.175637279290e-10
1.164987685254e-10
1.164442007942e-10
1.161154674630e-10
1.158175736516e-10
1.144035478545e-10
1.140365807827e-10
1.137840872983e-10
1.132094237150e-10
1.131006515832e-10
1.118239522076e-10
1.109568476911e-10
1.096571879586e-10
1.094844343265e-10
1.082966484129e-10
1.080986822361e-10
1.078367389204e-10
1.074663321193e-10
1.056819029469e-10
1.056588349463e-10
1.049401293740e-10
1.031762941153e-10
1.027836558746e-10
1.023454961949e-10
1.022687850685e-10
9.996354107257e-11
9.562843201455e-11
9.555953185306e-11
9.417809902671e-11
9.301262967724e-11
9.213339417938e-11
8.990360456940e-11
8.863345256777e-11
8.837821687697e-11
8.773437376760e-11
8.719514718275e-11
8.716871448180e-11
8.621046037992e-11
8.585708716408e-11
8.568123179803e-11
8.465123902467e-11
8.319664826015e-11
8.317029253209e-11
8.278558722091e-11
8.212684002943e-11
8.207848887201e-11
8.206638039953e-11
8.168308380391e-11
8.156560727381e-11
8.153052679250e-11
8.146342377997e-11
8.144030390266e-11
8.141145769252e-11
7.988518801650e-11
7.987350240531e-11
7.984865141802e-11
7.885942975202e-11
7.714806819825e-11
7.672192717783e-11
7.642077146416e-11
7.441725259813e-11
7.423666500559e-11
7.356813272264e-11
7.323419861906e-11
7.314368501240e-11
7.263331503409e-11
7.213347621174e-11
7.212960864112e-11
7.155820660965e-11
7.115692345869e-11
7.112741012438e-11
7.070043287543e-11
7.006761319055e-11
6.966405811542e-11
6.729467088567e-11
6.647505920301e-11
6.597442687629e-11
6.596790890712e-11
6.578256230335e-11
6.575261516850e-11
6.359184920576e-11
6.344333554770e-11
6.217886705218e-11
6.205360656992e-11
6.186972305306e-11
6.137172491221e-11
6.109032050384e-11
6.052017733721e-11
6.041047042431e-11
6.025940819807e-11
5.967630895444e-11
5.906892476131e-11
5.875674448416e-11
5.837523625572e-11
5.832375630547e-11
5.798269356457e-11
5.791259655401e-11
5.734445776780e-11
5.723424243622e-11
5.576056921301e-11
5.569296463491e-11
5.528346702149e-11
5.474137673330e-11
5.460517638682e-11
5.443539668741e-11
5.417530050416e-11
5.398330473655e-11
5.357323460615e-11
5.339383666673e-11
5.261236856416e-11
5.247012444901e-11
5.239806319402e-11
5.167629330174e-11
5.089276189161e-11
5.072675295977e-11
5.048634102555e-11
5.036727738312e-11
5.017389990449e-11
4.960342631499e-11
4.864203017300e-11
4.859968232841e-11
4.849727476974e-11
4.794937083848e-11
4.765457160661e-11
4.729271091789e-11
4.715630515985e-11
4.706677430287e-11
4.680591982901e-11
4.677997037166e-11
4.668830624388e-11
4.658848223514e-11
4.428311219915e-11
4.397830126335e-11
4.396125879405e-11
4.357866211202e-11
4.350495778593e-11
4.322586061873e-11
4.286172867058e-11
4.267972249453e-11
4.258644813517e-11
4.243410069969e-11
4.209095123071e-11
4.180302694015e-11
4.177606763718e-11
4.130614810193e-11
4.101723507067e-11
4.058967773035e-11
3.970903453248e-11
3.963322984037e-11
3.958659495872e-11
3.939098997422e-11
3.908223322350e-11
3.907476250684e-11
3.883750652089e-11
3.862125209628e-11
3.852093190707e-11
3.833139893744e-11
3.825350321463e-11
3.810724216717e-11
3.797855452999e-11
3.752344271833e-11
3.735282999490e-11
3.727486715793e-11
3.708932021720e-11
3.666662147593e-11
3.540801366313e-11
3.539026960883e-11
3.538764617404e-11
3.470008496734e-11
3.469452594676e-11
3.460244140278e-11
3.455965687053e-11
3.439841522185e-11
3.431309912144e-11
3.330238827005e-11
3.314039879135e-11
3.296896351865e-11
3.229524786190e-11
3.187240938696e-11
3.151687408143e-11
3.115399590707e-11
3.074545957000e-11
3.068151808106e-11
3.050354449157e-11
3.022299569855e-11
3.020965223767e-11
3.010357310287e-11
3.003047327279e-11
2.993526860291e-11
2.993249897409e-11
2.948637015743e-11
2.925109394455e-11
2.854197144954e-11
2.806340501170e-11
2.804123832793e-11
2.799131579203e-11
2.793400433560e-11
2.787431758792e-11
2.784037259820e-11
2.772671749757e-11
2.767520309733e-11
2.753338631208e-11
2.719349420584e-11
2.712835741726e-11
2.710066733046e-11
2.703007600584e-11
2.687880376964e-11
2.681462095558e-11
2.633395519872e-11
2.582646317467e-11
2.566339565964e-11
2.545737563247e-11
2.531994353713e-11
2.514247535958e-11
2.506466538907e-11
2.502388299061e-11
2.488477530895e-11
2.486916614170e-11
2.478110218570e-11
2.462545363873e-11
2.457736019261e-11
2.455221390769e-11
2.449685796697e-11
2.443984363277e-11
2.443509234442e-11
2.425500078034e-11
2.417990398776e-11
2.383761961046e-11
2.359008528335e-11
2.345370708772e-11
2.337586035936e-11
2.324352944017e-11
2.321835178115e-11
2.311898530632e-11
2.311442807914e-11
2.307150285418e-11
2.301181172069e-11
2.299986376740e-11
2.291305754582e-11
2.291182395940e-11
2.281629373916e-11
2.272583167850e-11
2.266903999703e-11
2.261669940352e-11
2.259358076515e-11
2.246605959715e-11
2.234904667144e-11
2.224076402450e-11
2.213774167450e-11
2.208111825379e-11
2.200308242710e-11
2.181356384106e-11
2.171280484675e-11
2.168708608921e-11
2.161977652225e-11
2.161942559802e-11
2.153042503597e-11
2.128764507827e-11
2.110540887553e-11
2.105287039232e-11
2.090554438691e-11
2.089115292834e-11
2.059787806061e-11
2.056584028719e-11
2.045707362544e-11
2.035665927225e-11
2.005654934397e-11
2.004538829536e-11
1.997775180702e-11
1.992534294597e-11
1.981992165162e-11
1.976653133852e-11
1.961605710956e-11
1.960354397324e-11
1.960109778617e-11
1.957321648857e-11
1.949379646191e-11
1.942085064561e-11
1.932125398413e-11
1.921324088822e-11
1.901580201921e-11
1.890974730811e-11
1.876506352924e-11
1.874524624080e-11
1.862642532297e-11
1.861968173013e-11
1.847485219074e-11
1.845419792701e-11
1.845291688933e-11
1.842681143205e-11
1.832154620426e-11
1.831505360052e-11
1.828564761970e-11
1.819931571377e-11
1.815592497008e-11
1.806379018870e-11
1.803491764142e-11
1.795356918508e-11
1.791851126502e-11
1.775211787063e-11
1.770985380206e-11
1.762277050084e-11
1.759744407424e-11
1.757913125650e-11
1.757657490377e-11
1.753949328159e-11
1.724493030715e-11
1.707288311227e-11
1.700243976962e-11
1.699550783538e-11
1.697352985983e-11
1.692547941340e-11
1.689134896802e-11
1.677734819132e-11
1.674284549979e-11
1.673812319023e-11
1.661110850623e-11
1.660744449283e-11
1.657793911974e-11
1.653997443605e-11
1.653497932800e-11
1.645005435232e-11
1.644211822765e-11
1.643059811981e-11
1.634465756254e-11
1.631119841270e-11
1.618863710788e-11
1.612741215189e-11
1.607801750190e-11
1.601853605998e-11
1.597516842978e-11
1.595635895993e-11
1.578608560647e-11
1.563101912432e-11
1.550337934880e-11
1.537376791639e-11
1.536277825242e-11
1.529157848975e-11
1.517954052672e-11
1.513803198411e-11
1.510094233764e-11
1.499414607402e-11
1.494950850480e-11
1.494938640939e-11
1.491279505287e-11
1.480682076553e-11
1.467382136891e-11
1.462140261271e-11
1.461929042416e-11
1.456473572218e-11
1.451275471598e-11
1.448356367056e-11
1.447932840506e-11
1.440767754442e-11
1.437396542063e-11
1.433397139894e-11
1.425126030486e-11
1.417481187908e-11
1.409066725920e-11
1.404362227694e-11
1.402657982969e-11
1.399032072874e-11
1.393014477989e-11
1.392192627807e-11
1.391719345959e-11
1.390954870013e-11
1.390866657173e-11
1.385182744901e-11
1.384931048779e-11
1.381214359986e-11
1.374920733996e-11
1.374694324897e-11
1.372177352726e-11
1.366979738493e-11
1.366690012439e-11
1.364221045657e-11
1.364036397499e-11
1.363368932088e-11
1.338299874126e-11
1.336675052904e-11
1.334472336602e-11
1.333714565619e-11
1.332740100617e-11
1.329339108550e-11
1.323392196344e-11
1.321832154865e-11
1.312119628481e-11
1.310747099844e-11
1.307111901726e-11
1.301633864008e-11
1.294617844324e-11
1.294251308036e-11
1.276272627774e-11
1.275997604030e-11
1.271272116745e-11
1.266377292387e-11
1.263207591398e-11
1.248883042526e-11
1.247126589530e-11
1.244314470605e-11
1.242624552974e-11
1.242274413144e-11
1.237907170167e-11
1.228670644304e-11
1.227941615302e-11
1.226845882432e-11
1.225569743820e-11
1.216605096151e-11
1.213576865858e-11
1.206226859942e-11
1.201296542504e-11
1.200577929233e-11
1.192925826363e-11
1.191452758080e-11
1.183973615832e-11
1.180498685011e-11
1.174727357267e-11
1.171917476635e-11
1.150881712609e-11
1.147003082326e-11
1.145146054622e-11
1.117400159710e-11
1.107620296111e-11
1.097379085688e-11
1.096738188184e-11
1.095934012742e-11
1.089485945519e-11
1.088100163032e-11
1.085480251243e-11
1.083456847262e-11
1.076545447539e-11
1.065039676516e-11
1.044756470785e-11
1.036982951160e-11
1.035272484380e-11
1.031375793828e-11
1.015784318226e-11
1.015533634478e-11
1.013927079474e-11
1.010338477274e-11
9.973666717435e-12
9.944131954029e-12
9.934429961525e-12
9.925273236877e-12
9.915352316613e-12
9.856418352489e-12
9.679012484202e-12
9.670227130454e-12
9.644546003160e-12
9.591369390990e-12
9.582285253674e-12
9.579770860917e-12
9.521680660603e-12
9.519944145559e-12
9.518474654564e-12
9.514803755190e-12
9.502256488887e-12
9.312939983667e-12
9.302288782049e-12
9.295744751818e-12
9.246714079367e-12
9.194263984337e-12
9.174375942422e-12
9.169607448931e-12
9.149699198345e-12
9.136914131297e-12
9.113742901847e-12
9.063506747736e-12
9.035218479371e-12
9.025172694334e-12
8.962226036389e-12
8.961408751355e-12
8.918954863495e-12
8.903142580518e-12
8.893735629788e-12
8.857571227426e-12
8.792467340463e-12
8.790309837410e-12
8.750862968092e-12
8.746984359855e-12
8.727638312354e-12
8.707054717065e-12
8.677775840593e-12
8.606280046639e-12
8.602775685764e-12
8.564419591563e-12
8.521553853416e-12
8.485550497066e-12
8.477308565842e-12
8.418774563909e-12
8.396745022325e-12
8.376364224763e-12
8.289602380878e-12
8.243096094139e-12
8.231823003893e-12
8.211209816071e-12
8.188270716161e-12
8.147363311197e-12
8.131812357147e-12
8.126764841837e-12
8.085517007604e-12
8.056078075029e-12
8.012380327841e-12
7.973085021967e-12
7.969331084157e-12
7.957751121017e-12
7.924911665249e-12
7.894186237474e-12
7.873086256433e-12
7.872604163604e-12
7.862988998229e-12
7.728865429990e-12
7.719880920094e-12
7.683339578939e-12
7.630475465339e-12
7.605640900890e-12
7.574782011558e-12
7.549782523291e-12
7.522711535794e-12
7.509025488596e-12
7.482443529996e-12
7.480425297283e-12
7.476721757724e-12
7.446780489861e-12
7.378593844329e-12
7.375856015433e-12
7.371112499632e-12
7.329124394772e-12
7.324159085066e-12
7.314019596876e-12
7.272448157647e-12
7.225439344885e-12
7.222852598492e-12
7.207833163040e-12
7.199543105310e-12
7.129304614077e-12
7.104454296766e-12
7.097532498979e-12
7.096863385629e-12
7.094546738399e-12
7.024824813017e-12
7.006726003910e-12
6.930457468121e-12
6.921219613861e-12
6.920781988432e-12
6.876787888686e-12
6.827907496217e-12
6.792150707203e-12
6.740467765664e-12
6.714028840846e-12
6.704295528857e-12
6.688130680184e-12
6.628519544777e-12
6.579085881997e-12
6.576816635464e-12
6.565882163530e-12
6.562105004900e-12
6.521426552512e-12
6.512522034097e-12
6.473072723825e-12
6.454371095542e-12
6.443788478931e-12
6.390444564055e-12
6.380861251681e-12
6.370757872342e-12
6.362994592580e-12
6.297514755414e-12
6.287683162799e-12
6.251228305940e-12
6.250742989475e-12
6.201367750358e-12
6.169877659417e-12
6.168335254706e-12
6.144625471049e-12
6.113106773068e-12
6.099702945538e-12
6.090641031531e-12
6.074081628264e-12
6.015722872021e-12
5.998211843904e-12
5.957737603627e-12
5.943393240329e-12
5.937776182899e-12
5.892164672432e-12
5.849849700069e-12
5.827537753071e-12
5.814157383779e-12
5.770939542907e-12
5.751884990688e-12
5.712215462837e-12
5.708643587516e-12
5.705483019717e-12
5.693676552601e-12
5.651225312367e-12
5.646423815542e-12
5.634481126193e-12
5.633058268492e-12
5.615300832873e-12
5.614154061306e-12
5.609367167683e-12
5.574717695900e-12
5.565161494315e-12
5.550210417879e-12
5.548417446046e-12
5.545508554619e-12
5.532336772780e-12
5.530279393391e-12
5.516696113627e-12
5.465472885972e-12
5.442163860726e-12
5.438743010145e-12
5.436538418937e-12
5.427789826544e-12
5.425743840052e-12
5.396969798795e-12
5.394936619550e-12
5.393899196939e-12
5.392883757776e-12
5.391460144092e-12
5.365011495818e-12
5.355672774851e-12
5.342103755337e-12
5.338799486596e-12
5.302793472589e-12
5.296321091557e-12
5.213942821413e-12
5.196458446911e-12
5.161536322785e-12
5.160399180562e-12
5.159138021806e-12
5.151484183018e-12
5.124384103366e-12
5.099242057864e-12
5.095592816858e-12
5.046427998785e-12
5.037877806506e-12
5.030400235253e-12
5.016723644318e-12
5.010195277409e-12
5.007371717397e-12
4.971097974806e-12
4.963441541643e-12
4.957089941965e-12
4.923080650499e-12
4.919636977708e-12
4.907047151308e-12
4.871213032311e-12
4.869375852955e-12
4.862815318038e-12
4.831727991652e-12
4.806817566289e-12
4.779198192304e-12
4.765262035946e-12
4.729262558876e-12
4.715884001698e-12
4.705638341387e-12
4.640334531899e-12
4.611277066612e-12
4.587580241120e-12
4.584230763493e-12
4.541457078851e-12
4.541378177163e-12
4.539916214487e-12
4.504276615861e-12
4.462451475521e-12
4.461322360497e-12
4.457280366309e-12
4.451140483705e-12
4.445989503699e-12
4.441035907050e-12
4.388728205447e-12
4.383411575712e-12
4.365172219295e-12
4.365098138951e-12
4.355171170960e-12
4.348113208061e-12
4.345096867881e-12
4.298132361835e-12
4.285771774601e-12
4.274186472944e-12
4.231406511997e-12
4.204237128206e-12
4.194998863873e-12
4.181780545420e-12
4.167574847846e-12
4.139669301852e-12
4.044847219819e-12
4.038885629190e-12
4.035349181247e-12
4.018399611787e-12
3.980898983386e-12
3.928658319598e-12
3.915110961882e-12
3.888716336658e-12
3.835706910573e-12
3.828867440660e-12
3.817721398158e-12
3.817714675294e-12
3.750115112403e-12
3.717563439506e-12
3.706530478375e-12
3.700589756940e-12
3.662643942345e-12
3.660670440355e-12
3.649383710059e-12
3.614323341955e-12
3.610382483103e-12
3.597643355862e-12
3.590177066911e-12
3.572446739335e-12
3.527446152616e-12
3.514487746684e-12
3.510762019134e-12
3.497951176815e-12
3.492127650200e-12
3.486726591450e-12
3.478196214055e-12
3.476547846725e-12
3.453744830388e-12
3.429766685219e-12
3.415273696469e-12
3.403159744606e-12
3.382036651221e-12
3.333266778996e-12
3.318122205121e-12
3.311247383638e-12
3.308506530922e-12
3.271914593056e-12
3.261406874833e-12
3.261091553065e-12
3.236923954549e-12
3.204947131105e-12
3.188764539162e-12
3.188005543191e-12
3.179381135243e-12
3.138295570149e-12
3.134167019505e-12
3.132073904337e-12
3.105565589514e-12
3.099522535098e-12
3.096347857469e-12
3.090691922623e-12
3.085291400896e-12
3.075841657890e-12
3.058248392365e-12
3.056550238687e-12
3.048664845464e-12
3.047428234252e-12
3.007731994440e-12
3.001687499734e-12
2.941032589760e-12
2.928065982215e-12
2.905366025253e-12
2.890369689872e-12
2.887402497697e-12
2.877948649463e-12
2.868467209867e-12
2.867968711186e-12
2.861477492780e-12
2.830540400627e-12
2.823914641973e-12
2.819183433628e-12
2.798633467869e-12
2.766284237067e-12
2.737976680024e-12
2.727262394355e-12
2.722261415813e-12
2.681180411470e-12
2.680415317649e-12
2.676059323651e-12
2.674032702788e-12
2.663209254813e-12
2.661659264873e-12
2.657080729004e-12
2.649336984321e-12
2.645338420253e-12
2.631676206247e-12
2.592536375977e-12
2.567088385709e-12
2.560625284382e-12
2.547676241042e-12
2.546237919453e-12
2.533031804518e-12
2.525609682978e-12
2.516700551019e-12
2.489082187476e-12
2.484199198528e-12
2.483192769923e-12
2.481160985077e-12
2.463894326556e-12
2.452980971833e-12
2.451672145470e-12
2.427997730214e-12
2.410460066315e-12
2.404262959802e-12
2.400593640474e-12
2.386014689475e-12
2.377528053595e-12
2.377130899451e-12
2.374837799895e-12
2.355204566425e-12
2.345996913053e-12
2.321748762497e-12
2.315100837631e-12
2.300556533081e-12
2.297042703892e-12
2.289376426294e-12
2.275637344762e-12
2.271471244870e-12
2.270890685151e-12
2.269483228368e-12
2.262722375387e-12
2.238334545623e-12
2.227166840049e-12
2.220569680311e-12
2.215727494538e-12
2.205396094236e-12
2.204521671046e-12
2.195793229789e-12
2.179830126423e-12
2.161054897461e-12
2.157541675586e-12
2.153030793478e-12
2.144837007068e-12
2.137495570256e-12
2.129801614430e-12
2.121316600783e-12
2.116329932887e-12
2.103488504207e-12
2.093981745929e-12
2.091273102342e-12
2.082503933130e-12
2.079814575419e-12
2.064465167112e-12
2.056590985784e-12
2.053586153086e-12
2.049110750472e-12
2.037017974926e-12
2.033492482868e-12
2.015745400543e-12
2.007454078612e-12
1.995164556405e-12
1.993095438337e-12
1.992705022084e-12
1.985870758946e-12
1.977025211941e-12
1.975958195579e-12
1.962493894114e-12
1.956103466522e-12
1.947668470712e-12
1.936962729892e-12
1.930291221383e-12
1.920405175015e-12
1.910230722846e-12
1.899509494743e-12
1.893690280768e-12
1.893663761490e-12
1.892740800626e-12
1.886153898651e-12
1.880729265556e-12
1.867294696972e-12
1.858169564371e-12
1.848106092356e-12
1.817646153350e-12
1.808531148897e-12
1.804345240009e-12
1.802204603772e-12
1.801880879252e-12
1.795248000787e-12
1.793767820825e-12
1.781091568755e-12
1.767763061231e-12
1.763068731576e-12
1.752588373577e-12
1.751912012463e-12
1.740304351331e-12
1.715671206325e-12
1.706989603680e-12
1.701811042897e-12
1.695609481176e-12
1.688751751556e-12
1.688299839577e-12
1.683602956929e-12
1.668939326345e-12
1.666212857772e-12
1.661993580363e-12
1.660772654116e-12
1.653308999859e-12
1.650281152111e-12
1.648731051422e-12
1.638694151738e-12
1.628924937084e-12
1.627757211916e-12
1.624548961686e-12
1.611135677804e-12
1.609408932668e-12
1.606452907041e-12
1.604396424846e-12
1.594302396248e-12
1.593938772581e-12
1.588202150059e-12
1.583649947746e-12
1.580245024595e-12
1.556490378674e-12
1.547934998583e-12
1.534918705758e-12
1.534808916334e-12
1.530436530792e-12
1.529785228856e-12
1.526559226890e-12
1.524536743910e-12
1.523565414425e-12
1.517954391320e-12
1.500978482934e-12
1.500710826521e-12
1.497993126947e-12
1.497659331621e-12
1.496155611182e-12
1.491194322865e-12
1.488050134016e-12
1.486810697054e-12
1.470725124323e-12
1.461999459476e-12
1.458675178712e-12
1.447156125075e-12
1.440071533048e-12
1.439950477674e-12
1.439893522030e-12
1.433811310202e-12
1.428253157858e-12
1.417111512267e-12
1.416691041704e-12
1.408677884590e-12
1.405203903967e-12
1.390352902557e-12
1.389054772289e-12
1.380625645905e-12
1.377515098063e-12
1.367870169514e-12
1.367310596346e-12
1.364313059799e-12
1.361058162814e-12
1.348501737838e-12
1.338425066458e-12
1.338195350402e-12
1.333800761841e-12
1.330104752671e-12
1.326679911838e-12
1.325602534189e-12
1.322422964354e-12
1.318449146694e-12
1.317215944298e-12
1.313081624074e-12
1.306279945315e-12
1.301965154433e-12
1.298846033460e-12
1.298031791621e-12
1.292624843408e-12
1.283725427483e-12
1.282770789616e-12
1.280147113622e-12
1.278457022446e-12
1.268918632253e-12
1.267196238152e-12
1.264386586344e-12
1.260762118148e-12
1.259747951746e-12
1.257359169140e-12
1.256663713704e-12
1.250891182753e-12
1.244820506050e-12
1.242159617947e-12
1.241235509810e-12
1.239779112020e-12
1.237783123774e-12
1.235299218662e-12
1.231700270807e-12
1.230800899092e-12
1.220101499133e-12
1.216110756313e-12
1.215967962014e-12
1.211906418729e-12
1.192534727636e-12
1.180778015867e-12
1.180629588284e-12
1.176218333098e-12
1.174548499936e-12
1.171846910814e-12
1.170840953285e-12
1.167844211185e-12
1.160937021884e-12
1.159837753463e-12
1.156734796615e-12
1.146893929014e-12
1.145672321169e-12
1.142598631759e-12
1.140024707285e-12
1.137376241750e-12
1.126943134930e-12
1.126410174390e-12
1.123029391640e-12
1.121980238687e-12
1.118197366158e-12
1.117769873797e-12
1.114712926772e-12
1.089745417250e-12
1.089051273756e-12
1.089003500427e-12
1.085773431657e-12
1.081365207591e-12
1.080489909498e-12
1.077018558724e-12
1.073267048512e-12
1.065602903095e-12
1.064028297347e-12
1.061383249481e-12
1.056674334710e-12
1.048279244209e-12
1.047078785613e-12
1.045232144470e-12
1.044561672438e-12
1.038392232181e-12
1.034320143703e-12
1.031291007857e-12
1.030944414528e-12
1.015661815333e-12
1.013164934223e-12
1.006900016981e-12
1.004816318379e-12
1.000756362206e-12
9.895021215186e-13
9.811293528022e-13
9.785046193539e-13
9.752345900031e-13
9.751267178230e-13
9.632429562492e-13
9.619571230853e-13
9.583036928943e-13
9.557995642844e-13
9.535702924817e-13
9.530805301409e-13
9.523492960572e-13
9.494446721805e-13
9.471794255061e-13
9.445782637092e-13
9.390482331654e-13
9.385333713516e-13
9.367354309860e-13
9.361897127015e-13
9.357185107781e-13
9.325069025432e-13
9.266214621548e-13
9.249867502935e-13
9.242900316354e-13
9.172945849105e-13
9.162480804036e-13
9.116638779487e-13
9.052156054304e-13
8.926450238237e-13
8.906125181452e-13
8.888242713056e-13
8.756538971044e-13
8.755826489699e-13
8.746942099903e-13
8.738013467021e-13
8.719431126238e-13
8.712804162489e-13
8.664336596639e-13
8.610847117183e-13
8.608250504418e-13
8.600791194741e-13
8.594759306236e-13
8.564869655318e-13
8.539604972277e-13
8.500878573132e-13
8.447148652872e-13
8.421199851810e-13
8.359329007837e-13
8.348060475071e-13
8.344964975688e-13
8.239804903267e-13
8.184502687015e-13
8.169619698433e-13
8.144055874376e-13
8.122534256930e-13
8.064574230490e-13
8.060159280307e-13
8.040656607930e-13
8.006310214672e-13
7.918939035366e-13
7.857057686193e-13
7.825932102695e-13
7.750867164030e-13
7.705664492583e-13
7.670770772465e-13
7.652608255287e-13
7.648385481987e-13
7.598775276202e-13
7.594293093328e-13
7.507437137394e-13
7.499511666581e-13
7.493944705844e-13
7.492283263742e-13
7.488990572822e-13
7.451570715145e-13
7.444795469986e-13
7.371722221732e-13
7.355681045022e-13
7.354063752759e-13
7.351327793253e-13
7.345912556364e-13
7.249995182555e-13
7.172897715289e-13
7.154360262604e-13
7.151433095819e-13
7.148666859105e-13
7.063499926293e-13
7.005657557673e-13
7.001653170641e-13
6.998631233507e-13
6.980707824607e-13
6.977676119689e-13
6.945150504011e-13
6.850071409000e-13
6.783315408771e-13
6.773521159830e-13
6.769718663310e-13
6.733010007435e-13
6.695830627470e-13
6.629986877694e-13
6.629786273937e-13
6.601846021993e-13
6.565767261659e-13
6.525367257876e-13
6.514448967653e-13
6.510039691587e-13
6.497814310254e-13
6.429980381850e-13
6.412233542547e-13
6.409607354803e-13
6.402783891400e-13
6.375850661944e-13
6.355476553142e-13
6.349855264166e-13
6.328412791355e-13
6.319305844390e-13
6.256035541627e-13
6.239478220153e-13
6.239412001374e-13
6.235873904847e-13
6.226347472739e-13
6.176607938469e-13
6.144446858228e-13
6.138134526750e-13
6.128043924605e-13
6.119852324042e-13
6.114630580838e-13
6.060953614030e-13
6.052069806434e-13
6.032839271001e-13
5.996713899871e-13
5.947735033858e-13
5.920982207638e-13
5.886501594395e-13
5.876892885710e-13
5.867703338496e-13
5.861341700256e-13
5.841680243201e-13
5.823310696869e-13
5.818073044060e-13
5.803389312792e-13
5.793312912705e-13
5.778138062421e-13
5.764064315646e-13
5.764042152829e-13
5.762792602014e-13
5.757162837213e-13
5.719366018069e-13
5.708595229990e-13
5.689625588781e-13
5.687059597841e-13
5.684232476019e-13
5.638684105100e-13
5.630807083163e-13
5.555485822033e-13
5.536596314380e-13
5.517238397607e-13
5.511981956096e-13
5.459010444240e-13
5.445736730423e-13
5.443557020100e-13
5.418181626533e-13
5.391910290714e-13
5.377651999856e-13
5.347068593085e-13
5.309584555592e-13
5.281574558457e-13
5.271048061736e-13
5.252301488238e-13
5.190009276120e-13
5.185376358159e-13
5.168412831962e-13
5.167675645438e-13
5.150049144393e-13
5.088224138136e-13
5.085753151654e-13
5.084688399022e-13
5.058721729153e-13
5.051874343513e-13
5.040377859652e-13
5.034575322457e-13
5.024726123904e-13
5.006659595265e-13
4.998341317281e-13
4.995102456436e-13
4.937507892792e-13
4.925286949995e-13
4.920846278977e-13
4.887733241658e-13
4.875100055739e-13
4.866741513838e-13
4.866178222349e-13
4.849324838887e-13
4.841271139680e-13
4.839481707745e-13
4.829575659231e-13
4.810455828790e-13
4.798630044080e-13
4.757480346641e-13
4.745255984935e-13
4.711608466600e-13
4.649482564363e-13
4.637462134466e-13
4.630373778937e-13
4.627041779080e-13
4.618621086658e-13
4.605441829813e-13
4.602685889933e-13
4.558659452967e-13
4.543763276025e-13
4.537415874766e-13
4.534161983614e-13
4.521951520061e-13
4.506954030578e-13
4.466096285000e-13
4.454133967218e-13
4.441438093027e-13
4.434365797778e-13
4.433236584221e-13
4.406561077539e-13
4.349645721883e-13
4.339551800754e-13
4.330087442168e-13
4.304933484662e-13
4.299400676491e-13
4.288550121338e-13
4.276467343741e-13
4.274006217019e-13
4.268680062592e-13
4.231047295921e-13
4.227572449976e-13
4.222676994524e-13
4.176765831369e-13
4.166626829729e-13
4.146275650598e-13
4.104828579871e-13
4.102827488533e-13
4.092632803893e-13
4.074280363655e-13
4.067289616243e-13
4.066277840266e-13
4.053820569614e-13
4.033124495106e-13
4.029523338674e-13
4.009573728118e-13
3.989651982589e-13
3.963859380137e-13
3.963293381462e-13
3.962490949087e-13
3.955403652893e-13
3.932852765129e-13
3.913720013588e-13
3.902688400672e-13
3.901566840609e-13
3.875768351624e-13
3.868848377724e-13
3.860246626083e-13
3.834088749081e-13
3.823758338657e-13
3.821639653774e-13
3.790787489013e-13
3.771937367170e-13
3.767692360949e-13
3.767057672584e-13
3.749233113699e-13
3.742690471912e-13
3.738552190654e-13
3.719015813974e-13
3.716553668921e-13
3.693872213350e-13
3.682224881067e-13
3.681017159901e-13
3.680610496231e-13
3.676953948974e-13
3.670744015973e-13
3.662514413270e-13
3.633525931353e-13
3.633237984943e-13
3.612810229358e-13
3.601567456108e-13
3.564412961005e-13
3.563097633209e-13
3.554373441574e-13
3.550118618008e-13
3.542293159000e-13
3.518145399370e-13
3.517289842892e-13
3.511226571596e-13
3.464648377275e-13
3.451216840358e-13
3.445986931899e-13
3.438223682917e-13
3.420734282425e-13
3.402846051552e-13
3.385008976504e-13
3.373993564039e-13
3.368215314836e-13
3.365225767259e-13
3.363734721799e-13
3.361484224967e-13
3.354099948712e-13
3.321561611813e-13
3.299332549619e-13
3.293199123558e-13
3.290858548723e-13
3.288924990293e-13
3.279248908197e-13
3.259693255092e-13
3.252331912682e-13
3.227252525207e-13
3.224111090066e-13
3.212788725733e-13
3.205404350453e-13
3.184889734993e-13
3.184282116840e-13
3.180138041804e-13
3.169508895852e-13
3.156838620489e-13
3.140957218977e-13
3.122185066073e-13
3.116648574189e-13
3.111332088636e-13
3.084914460060e-13
3.083187365104e-13
3.062475126804e-13
3.060526717451e-13
3.035800147365e-13
3.034447621096e-13
3.032414453815e-13
3.028346351593e-13
2.998153754933e-13
2.990051448716e-13
2.972437306493e-13
2.969187675432e-13
2.959708196428e-13
2.959079913359e-13
2.945281265539e-13
2.937926364778e-13
2.923324446772e-13
2.906447704244e-13
2.904306074637e-13
2.882127271846e-13
2.881855830963e-13
2.870000752338e-13
2.858362723595e-13
2.842726364389e-13
2.842278177743e-13
2.830743205473e-13
2.823048277309e-13
2.809113847630e-13
2.801110517858e-13
2.793827359107e-13
2.787129398644e-13
2.786193407871e-13
2.772831210088e-13
2.765893882129e-13
2.757952319246e-13
2.733541795628e-13
2.705447485183e-13
2.700889893920e-13
2.700203324444e-13
2.698641877066e-13
2.682308905195e-13
2.671613667049e-13
2.667235065784e-13
2.658628794573e-13
2.652609063181e-13
2.638479456888e-13
2.614632277650e-13
2.613014748187e-13
2.599140734306e-13
2.598410388446e-13
2.598212277710e-13
2.591446582174e-13
2.582404645350e-13
2.581683315336e-13
2.580378438512e-13
2.558376903954e-13
2.549456423020e-13
2.537881176229e-13
2.535170708819e-13
2.525898834029e-13
2.510639930719e-13
2.509551641228e-13
2.508202955442e-13
2.504671836876e-13
2.497234738717e-13
2.472716138463e-13
2.472514823800e-13
2.471738462364e-13
2.454648813379e-13
2.432812664763e-13
2.429889544706e-13
2.421940457762e-13
2.418913335193e-13
2.418504206386e-13
2.403589397387e-13
2.401761144210e-13
2.388830095459e-13
2.386134465986e-13
2.377380546026e-13
2.368975406253e-13
2.352919881891e-13
2.349621466934e-13
2.333732897915e-13
2.330035486681e-13
2.328577938695e-13
2.316084167338e-13
2.313043848155e-13
2.304383647693e-13
2.291338631727e-13
2.278700544528e-13
2.270886495942e-13
2.269760953205e-13
2.266735998262e-13
2.257495712202e-13
2.256622054052e-13
2.250083023848e-13
2.244452495450e-13
2.243448418898e-13
2.240591489510e-13
2.233082102819e-13
2.229602250584e-13
2.226065691696e-13
2.220906937294e-13
2.216875291862e-13
2.206987557783e-13
2.202864479706e-13
2.194948075193e-13
2.160064922566e-13
2.159836357667e-13
2.158102951711e-13
2.153174971517e-13
2.149489612786e-13
2.142452561338e-13
2.113067564771e-13
2.108608501440e-13
2.107894411737e-13
2.086987946727e-13
2.085753691704e-13
2.085580328931e-13
2.083883438747e-13
2.069351909264e-13
2.060817754275e-13
2.059088044117e-13
2.058808544113e-13
2.049944005433e-13
2.039534525976e-13
2.038337548105e-13
2.035785223492e-13
2.009487949427e-13
2.008254408484e-13
1.988056162569e-13
1.986817546121e-13
1.981712048767e-13
1.973255394762e-13
1.969692347695e-13
1.955315756249e-13
1.947806989633e-13
1.947103840437e-13
1.943331897326e-13
1.943131987023e-13
1.921590190981e-13
1.919907139673e-13
1.894336372881e-13
1.889147279338e-13
1.883610736257e-13
1.879951785600e-13
1.869642742065e-13
1.867790174937e-13
1.861431411842e-13
1.858453874660e-13
1.857015074355e-13
1.854782396972e-13
1.854037143864e-13
1.841064060645e-13
1.838595009740e-13
1.824977021139e-13
1.823177002914e-13
1.820271779217e-13
1.813267688792e-13
1.809180507384e-13
1.805568636432e-13
1.798219988334e-13
1.783770888627e-13
1.783203310709e-13
1.773658724588e-13
1.768912765415e-13
1.767956284433e-13
1.760450908986e-13
1.747690415808e-13
1.747049679637e-13
1.743153376352e-13
1.720129382131e-13
1.719740140835e-13
1.706490784913e-13
1.704843690944e-13
1.701792740006e-13
1.701648928056e-13
1.696264559228e-13
1.682051589882e-13
1.670568178478e-13
1.666530820307e-13
1.666504715992e-13
1.666118140462e-13
1.647900704367e-13
1.643116144352e-13
1.636200703478e-13
1.624233050180e-13
1.622718440956e-13
1.621279106708e-13
1.618268141420e-13
1.617881021151e-13
1.605380237893e-13
1.596139917579e-13
1.593345424894e-13
1.592903942452e-13
1.587923363034e-13
1.587177008998e-13
1.576836035283e-13
1.572113893811e-13
1.565614444961e-13
1.564286359039e-13
1.563686314086e-13
1.561852017985e-13
1.557712222100e-13
1.545352785865e-13
1.538831576715e-13
1.525355313246e-13
1.520072307240e-13
1.515445642599e-13
1.513701721840e-13
1.510045782411e-13
1.498926165097e-13
1.494402318196e-13
1.491129569371e-13
1.488502511348e-13
1.478595990045e-13
1.476608805369e-13
1.471663702673e-13
1.460880829826e-13
1.457646845957e-13
1.453022930565e-13
1.450684945374e-13
1.442748573167e-13
1.434441484774e-13
1.431070815551e-13
1.428623178506e-13
1.422022118962e-13
1.415376152736e-13
1.412238209363e-13
1.405482581929e-13
1.402788765847e-13
1.388855993546e-13
1.376306612562e-13
1.375808360480e-13
1.374709893216e-13
1.369307717521e-13
1.364460072953e-13
1.364239502304e-13
1.362098385235e-13
1.357692174985e-13
1.350221003787e-13
1.345801812500e-13
1.342487768505e-13
1.334675463309e-13
1.332850441401e-13
1.327358588186e-13
1.318245026065e-13
1.316043211906e-13
1.310540319621e-13
1.309548338388e-13
1.304000111370e-13
1.294919299770e-13
1.294400755947e-13
1.292862296448e-13
1.288562973206e-13
1.280994353172e-13
1.271425005226e-13
1.269297540170e-13
1.267435120940e-13
1.260663279099e-13
1.257418667258e-13
1.254740301141e-13
1.254479534767e-13
1.253952041900e-13
1.235182503147e-13
1.232805529137e-13
1.227137091343e-13
1.224448793989e-13
1.218371473465e-13
1.218050840588e-13
1.216765658377e-13
1.213040512034e-13
1.202792038521e-13
1.202008392028e-13
1.201030871249e-13
1.200782241995e-13
1.195836903883e-13
1.188887809901e-13
1.187945685798e-13
1.184383047721e-13
1.183723922357e-13
1.178131073619e-13
1.176839653482e-13
1.167400151012e-13
1.160558596150e-13
1.154945111248e-13
1.153936041211e-13
1.153194400439e-13
1.149234600836e-13
1.149093466377e-13
1.141854146587e-13
1.135707595596e-13
1.128650339954e-13
1.127320195672e-13
1.122213626311e-13
1.121124739358e-13
1.119910363831e-13
1.109223171618e-13
1.104278177832e-13
1.103864117105e-13
1.102778419991e-13
1.099514793872e-13
1.099266280506e-13
1.098355824487e-13
1.097248187948e-13
1.096254430315e-13
1.090246530851e-13
1.081338067383e-13
1.073845907179e-13
1.063988906477e-13
1.054064648093e-13
1.051239720940e-13
1.043843575447e-13
1.042824019935e-13
1.042071992467e-13
1.034498995321e-13
1.024725480207e-13
1.019789226071e-13
1.019111384098e-13
1.012475763203e-13
1.011530687095e-13
1.003976098296e-13
9.910937188798e-14
9.874489490422e-14
9.836492944024e-14
9.829642769744e-14
9.819669341413e-14
9.795329452690e-14
9.711717689858e-14
9.574755249880e-14
9.565445903086e-14
9.519447780816e-14
9.515130598677e-14
9.487609498591e-14
9.386923937622e-14
9.372567074326e-14
9.368017920878e-14
9.295288861939e-14
9.294906861383e-14
9.289581810069e-14
9.288793395186e-14
9.260328222687e-14
9.201221361129e-14
9.195962058379e-14
9.182885783558e-14
9.153933592728e-14
9.099138763760e-14
9.097110460765e-14
9.040052460683e-14
9.030114949616e-14
9.028674751109e-14
8.923026959306e-14
8.916027436744e-14
8.911858443182e-14
8.831168999631e-14
8.757863877810e-14
8.748292140733e-14
8.741836288692e-14
8.709913102518e-14
8.701882307757e-14
8.699044243029e-14
8.612194223044e-14
8.610885554052e-14
8.600508609915e-14
8.585075405556e-14
8.580012228651e-14
8.476208042127e-14
8.467770794031e-14
8.443032510591e-14
8.434117368993e-14
8.398610229799e-14
8.397146152700e-14
8.395713286356e-14
8.385140574884e-14
8.366025931467e-14
8.272617347834e-14
8.260195605660e-14
8.255788874167e-14
8.229171363231e-14
8.174282627273e-14
8.124386936467e-14
8.033143458556e-14
8.007385238577e-14
8.000597054440e-14
7.926313697437e-14
7.923194672138e-14
7.909913429252e-14
7.903709642320e-14
7.880301552013e-14
7.878832722483e-14
7.870088036689e-14
7.826778288203e-14
7.776648852956e-14
7.739961419152e-14
7.732200422569e-14
7.700003100082e-14
7.679633442227e-14
7.662583518329e-14
7.648011218914e-14
7.615163033768e-14
7.564397149942e-14
7.552149543248e-14
7.534997612503e-14
7.534412969113e-14
7.522928853957e-14
7.521686884473e-14
7.521652740466e-14
7.447536769851e-14
7.426738141971e-14
7.385572990884e-14
7.372949212214e-14
7.356643936590e-14
7.319904932818e-14
7.284914485451e-14
7.281726906570e-14
7.272177646508e-14
7.252131282008e-14
7.216893106648e-14
7.212775017597e-14
7.173479364910e-14
7.139568343466e-14
7.132476852079e-14
7.089450861892e-14
7.032828487317e-14
7.023630957473e-14
7.004072160078e-14
7.000951979414e-14
6.992238303011e-14
6.950593247263e-14
6.941882656412e-14
6.918481772578e-14
6.910439959511e-14
6.887046705522e-14
6.869959756494e-14
6.833151150809e-14
6.817009711635e-14
6.800378207958e-14
6.759394816756e-14
6.691166466671e-14
6.669933260887e-14
6.669809530331e-14
6.632531979291e-14
6.612638591303e-14
6.605151343662e-14
6.587065366453e-14
6.489465595825e-14
6.483917422969e-14
6.474450018476e-14
6.453821372079e-14
6.434118025301e-14
6.413798375815e-14
6.411617515795e-14
6.388592306018e-14
6.385697355061e-14
6.346436247266e-14
6.343982872231e-14
6.332973566536e-14
6.304246619476e-14
6.276518158275e-14
6.274541779911e-14
6.271178773711e-14
6.269636587255e-14
6.260326809016e-14
6.260102893726e-14
6.202348779345e-14
6.133492254805e-14
6.085499177608e-14
6.050113566535e-14
6.041180136645e-14
5.983440504946e-14
5.977251789122e-14
5.971422090368e-14
5.947978653481e-14
5.943309038701e-14
5.935249354976e-14
5.907021386803e-14
5.898731151496e-14
5.871072083772e-14
5.842912250767e-14
5.781862785121e-14
5.680405045002e-14
5.669239358602e-14
5.641964427954e-14
5.629575884105e-14
5.625239267820e-14
5.597272376887e-14
5.592079663596e-14
5.591807537318e-14
5.576641283338e-14
5.563059688599e-14
5.560705822130e-14
5.527590446613e-14
5.489810178350e-14
5.482219526540e-14
5.470338564393e-14
5.466284813875e-14
5.447627991272e-14
5.445713542777e-14
5.445124343832e-14
5.405280767244e-14
5.361550913808e-14
5.356540226455e-14
5.351651662181e-14
5.338874925558e-14
5.296492949665e-14
5.280732686387e-14
5.278316695401e-14
5.251348988275e-14
5.235734883676e-14
5.235514640674e-14
5.229859912780e-14
5.181418660626e-14
5.167314119551e-14
5.164924053834e-14
5.141277560317e-14
5.140156125301e-14
5.117184031488e-14
5.105063190992e-14
5.097920707907e-14
5.097176485556e-14
5.058362706935e-14
5.051991951757e-14
5.039636631988e-14
4.985976506700e-14
4.931520081394e-14
4.931035830058e-14
4.929988057368e-14
4.850808609462e-14
4.850333581212e-14
4.840904914924e-14
4.822239598111e-14
4.810286990293e-14
4.791457138061e-14
4.783123223180e-14
4.751604353364e-14
4.742569650245e-14
4.721594273024e-14
4.719038793823e-14
4.695323145252e-14
4.683157142581e-14
4.666797721831e-14
4.630466085617e-14
4.626587539511e-14
4.621000793344e-14
4.600337092864e-14
4.553756220027e-14
4.543816874344e-14
4.540562413840e-14
4.494787338756e-14
4.483036942639e-14
4.479359411779e-14
4.470268906061e-14
4.469918647909e-14
4.465040955644e-14
4.416842836872e-14
4.414365702961e-14
4.404679402891e-14
4.388462547913e-14
4.368164776155e-14
4.354740012112e-14
4.349312424705e-14
4.344068356737e-14
4.340210195806e-14
4.322170225447e-14
4.303744843124e-14
4.281811852296e-14
4.279553792470e-14
4.262975278924e-14
4.197069847348e-14
4.166970786676e-14
4.159885081434e-14
4.156892204835e-14
4.138484224095e-14
4.121428117795e-14
4.112267464619e-14
4.111025373753e-14
4.086377365734e-14
4.073292808770e-14
4.068325006026e-14
4.041651555175e-14
4.040483497744e-14
4.039718196010e-14
4.001380546831e-14
3.972175220141e-14
3.969751123925e-14
3.945462125743e-14
3.942429707203e-14
3.940493955599e-14
3.933920559482e-14
3.929535531554e-14
3.919848722177e-14
3.910898737299e-14
3.884010547603e-14
3.862574926325e-14
3.859158179077e-14
3.843928182038e-14
3.822135755320e-14
3.802489636224e-14
3.797000988005e-14
3.776351567239e-14
3.767897591926e-14
3.762424271480e-14
3.757959387857e-14
3.757784214261e-14
3.731033923980e-14
3.723358474465e-14
3.715458378595e-14
3.707579391688e-14
3.691908348291e-14
3.688141679240e-14
3.665905321094e-14
3.660152781038e-14
3.655387257751e-14
3.641153199768e-14
3.640275820257e-14
3.629814077768e-14
3.600203935599e-14
3.598442740793e-14
3.574009627099e-14
3.542493707136e-14
3.540288336403e-14
3.532851068347e-14
3.524193302497e-14
3.507897159466e-14
3.503476250052e-14
3.486054550777e-14
3.477786335542e-14
3.466226598134e-14
3.450500092598e-14
3.436137351709e-14
3.410769887193e-14
3.403370695489e-14
3.397058604296e-14
3.358056893531e-14
3.334123493853e-14
3.326707670516e-14
3.306907001330e-14
3.290428223776e-14
3.287140528830e-14
3.286923216908e-14
3.263825252204e-14
3.263587347826e-14
3.259021247373e-14
3.243032842977e-14
3.219551640334e-14
3.209820747362e-14
3.190197182036e-14
3.187740442817e-14
3.184667469090e-14
3.179955950419e-14
3.167988021430e-14
3.156250583837e-14
3.149641332100e-14
3.145624130430e-14
3.128715131289e-14
3.125255840655e-14
3.114781745397e-14
3.101139032534e-14
3.096508695124e-14
3.095248152439e-14
3.094891652667e-14
3.050814256363e-14
3.024573009698e-14
3.018016727729e-14
3.002979772501e-14
2.998717175340e-14
2.987555558291e-14
2.958372973978e-14
2.958109109450e-14
2.955229764142e-14
2.926895755542e-14
2.916220452703e-14
2.905167256230e-14
2.903958000052e-14
2.902478772141e-14
2.889382835288e-14
2.881513105670e-14
2.859894177371e-14
2.853180505620e-14
2.848504620596e-14
2.846573650512e-14
2.829232962782e-14
2.822382977490e-14
2.821418561197e-14
2.801504314089e-14
2.783924701363e-14
2.752147949757e-14
2.742070211000e-14
2.739565052192e-14
2.737523078247e-14
2.737294211637e-14
2.730091589408e-14
2.728240178898e-14
2.710801187977e-14
2.693105512907e-14
2.669299717809e-14
2.663979087533e-14
2.659688344451e-14
2.650182325103e-14
2.645213472470e-14
2.643331161182e-14
2.640776811119e-14
2.639401928576e-14
2.639321086691e-14
2.612437836911e-14
2.578070543731e-14
2.576452281622e-14
2.565188896768e-14
2.557640709835e-14
2.551409742514e-14
2.542864393313e-14
2.537872485825e-14
2.526207206782e-14
2.521361498231e-14
2.517111628798e-14
2.494638335962e-14
2.482464596168e-14
2.481057731591e-14
2.478698171938e-14
2.471625740436e-14
2.456796102899e-14
2.432913240617e-14
2.432719813823e-14
2.411686322266e-14
2.411380540936e-14
2.406237230061e-14
2.400007011918e-14
2.385856666551e-14
2.373510695654e-14
2.364641854756e-14
2.356458282783e-14
2.349981208671e-14
2.345481863034e-14
2.340797090905e-14
2.310726902177e-14
2.309844289193e-14
2.291932117191e-14
2.288767752262e-14
2.284750135778e-14
2.280432391115e-14
2.272214937945e-14
2.266552567222e-14
2.261398173259e-14
2.258583014933e-14
2.258252719367e-14
2.254010178297e-14
2.227465638764e-14
2.194444420503e-14
2.189909521861e-14
2.175674543438e-14
2.175147514325e-14
2.173074009726e-14
2.170786716822e-14
2.168372787249e-14
2.168128971192e-14
2.144444905882e-14
2.142442401675e-14
2.129493371587e-14
2.126844091428e-14
2.126521926128e-14
2.100114483418e-14
2.095972721793e-14
2.094915317090e-14
2.089860041389e-14
2.085841489278e-14
2.074619858317e-14
2.057462746594e-14
2.054606096702e-14
2.053687087192e-14
2.042422585718e-14
2.035814724200e-14
2.020299311888e-14
2.002474491720e-14
1.998645336516e-14
1.989682024422e-14
1.987320133163e-14
1.981283338029e-14
1.979216284697e-14
1.972451418133e-14
1.957743410554e-14
1.939163749044e-14
1.938733436250e-14
1.929537980872e-14
1.926241926673e-14
1.914359780087e-14
1.913577819919e-14
1.912833887196e-14
1.911738734274e-14
1.901078602331e-14
1.900571884741e-14
1.887588960976e-14
1.877298195709e-14
1.861200021474e-14
1.851516137765e-14
1.836345411708e-14
1.836185090662e-14
1.826638811728e-14
1.815240287339e-14
1.797774193984e-14
1.795828955698e-14
1.793888422426e-14
1.789335975305e-14
1.785614127919e-14
1.778730478090e-14
1.769768393440e-14
1.749873878598e-14
1.745471506778e-14
1.732433313508e-14
1.732152266018e-14
1.721813481373e-14
1.709723806788e-14
1.707528904448e-14
1.698768229054e-14
1.694789264376e-14
1.686623306931e-14
1.686399440824e-14
1.684890781587e-14
1.657214904988e-14
1.655126281708e-14
1.654736174784e-14
1.654637526357e-14
1.645283680459e-14
1.637882516422e-14
1.633064876916e-14
1.631686584204e-14
1.609762268496e-14
1.606974988852e-14
1.594150861310e-14
1.581712112234e-14
1.578388802911e-14
1.577157629425e-14
1.571956680408e-14
1.561081387449e-14
1.557910397635e-14
1.546836924955e-14
1.535390609692e-14
1.530161296301e-14
1.523547809122e-14
1.521049700028e-14
1.520376349232e-14
1.515998654757e-14
1.514381878782e-14
1.513103695129e-14
1.503790369721e-14
1.497602599986e-14
1.480915035732e-14
1.476356888117e-14
1.473009780906e-14
1.470243831248e-14
1.466436468681e-14
1.465144022327e-14
1.448781907228e-14
1.440879548403e-14
1.435325766061e-14
1.431353367359e-14
1.410298021234e-14
1.397266218307e-14
1.393914128466e-14
1.389299307604e-14
1.380121473039e-14
1.374432122835e-14
1.373492174318e-14
1.373006458620e-14
1.369915384701e-14
1.367588900473e-14
1.360048947597e-14
1.354326996468e-14
1.351882863379e-14
1.350473509465e-14
1.341530059363e-14
1.337503431030e-14
1.333702530858e-14
1.328437200794e-14
1.327580367974e-14
1.325061841131e-14
1.319729530621e-14
1.319041401579e-14
1.317633092084e-14
1.308073664640e-14
1.290674921885e-14
1.273682639736e-14
1.263605438813e-14
1.263469268838e-14
1.263014426048e-14
1.258434538361e-14
1.255147642157e-14
1.254700501964e-14
1.245809197300e-14
1.242444077144e-14
1.240627788104e-14
1.222971133050e-14
1.217738179185e-14
1.211087267008e-14
1.206197478992e-14
1.204740391441e-14
1.198857248688e-14
1.198276502210e-14
1.191553717754e-14
1.184903682870e-14
1.180762888033e-14
1.179547572188e-14
1.168954495061e-14
1.166835246399e-14
1.153885515287e-14
1.151532255594e-14
1.132732926961e-14
1.132051388892e-14
1.127484362766e-14
1.126140404361e-14
1.125290957100e-14
1.119975869696e-14
1.118690146624e-14
1.109873395573e-14
1.102676892148e-14
1.100069312563e-14
1.096743751901e-14
1.092784323790e-14
1.091154971209e-14
1.089150332920e-14
1.084611942670e-14
1.084093949924e-14
1.080044458128e-14
1.072520607370e-14
1.069145233515e-14
1.067715347702e-14
1.065187932755e-14
1.053641662580e-14
1.050463617878e-14
1.048195547551e-14
1.032159624490e-14
1.031222221844e-14
1.030260385280e-14
1.028926010856e-14
1.017234048823e-14
1.013799428386e-14
1.007487051556e-14
1.005702584709e-14
1.004433972771e-14
1.003248572831e-14
9.964105652815e-15
9.909921355071e-15
9.726966372662e-15
9.720735500615e-15
9.717469847692e-15
9.669445754448e-15
9.652283266726e-15
9.575951284832e-15
9.561607528494e-15
9.541814582731e-15
9.516992247890e-15
9.472505801304e-15
9.431289609855e-15
9.407035246768e-15
9.311733015298e-15
9.301612926534e-15
9.291392394661e-15
9.145458748678e-15
9.124124502340e-15
9.101938260564e-15
9.075999644983e-15
9.070481440692e-15
9.037970856240e-15
9.024866760586e-15
8.999124438709e-15
8.941427961411e-15
8.872264203994e-15
8.814179173865e-15
8.803164357956e-15
8.746767794679e-15
8.565502529222e-15
8.560336292067e-15
8.519786344717e-15
8.490835895476e-15
8.475497151526e-15
8.453269092633e-15
8.415541993582e-15
8.358796250812e-15
8.357614039034e-15
8.342636041347e-15
8.329337867992e-15
8.323784955692e-15
8.261445935902e-15
8.229241987457e-15
8.182807617750e-15
8.142030068084e-15
8.094580936972e-15
8.066022862566e-15
8.041518607600e-15
8.031592494232e-15
8.014546214435e-15
7.963776706162e-15
7.894340374800e-15
7.866152704967e-15
7.811498400938e-15
7.808499894641e-15
7.801208308186e-15
7.776957375877e-15
7.678319516895e-15
7.663245550585e-15
7.658638529012e-15
7.640160434060e-15
7.620701093718e-15
7.571820324313e-15
7.502770131634e-15
7.487464590071e-15
7.432791324607e-15
7.428760152586e-15
7.361890061597e-15
7.344985920337e-15
7.276257198615e-15
7.264834080605e-15
7.234296948114e-15
7.224642938376e-15
7.222842062181e-15
7.186550398475e-15
7.138051670336e-15
7.111744503631e-15
7.096737161869e-15
7.084121907185e-15
7.077471678328e-15
7.048948144595e-15
6.981586772783e-15
6.955924117802e-15
6.937502787685e-15
6.912975613163e-15
6.871893859887e-15
6.862064588336e-15
6.853817048280e-15
6.816987287979e-15
6.749745248570e-15
6.744507808599e-15
6.737192338973e-15
6.703360853628e-15
6.696017956116e-15
6.648060002712e-15
6.554974801755e-15
6.538286128713e-15
6.535578958294e-15
6.491021668414e-15
6.456639231045e-15
6.441395515661e-15
6.429151030552e-15
6.414456170643e-15
6.401315495105e-15
6.380115306569e-15
6.358291642729e-15
6.321952421270e-15
6.319102389090e-15
6.296899721984e-15
6.193603974240e-15
6.082939890289e-15
6.078806814435e-15
6.068508791793e-15
6.067273235347e-15
6.054347200955e-15
6.007444492237e-15
5.962698283321e-15
5.954155863435e-15
5.923218375441e-15
5.918921182971e-15
5.906042348046e-15
5.903179707560e-15
5.883769224190e-15
5.855184668442e-15
5.851675052420e-15
5.831134345725e-15
5.798327033861e-15
5.773136292707e-15
5.654204679048e-15
5.652332878630e-15
5.650187828944e-15
5.605137276143e-15
5.586051255388e-15
5.535927838325e-15
5.534612652862e-15
5.521509789075e-15
5.509123948329e-15
5.456199721902e-15
5.436114993228e-15
5.432262231203e-15
5.398620711061e-15
5.373103714842e-15
5.363828044764e-15
5.359476674953e-15
5.302160146215e-15
5.300567241793e-15
5.287046877249e-15
5.280966766767e-15
5.279916561388e-15
5.215692842844e-15
5.213071718445e-15
5.191344775007e-15
5.142923225089e-15
5.127617333756e-15
5.101722495473e-15
5.099111372807e-15
5.087916479375e-15
5.063042435727e-15
5.052769527538e-15
5.051189938133e-15
5.033136464879e-15
5.024954406454e-15
4.950563958800e-15
4.939150272421e-15
4.886109799631e-15
4.879469890432e-15
4.855176469156e-15
4.853824043740e-15
4.850558226947e-15
4.821868264285e-15
4.788339735225e-15
4.765125989139e-15
4.746672823258e-15
4.704643235687e-15
4.688437860373e-15
4.678652412361e-15
4.663645094442e-15
4.631635371906e-15
4.617502856679e-15
4.611704219661e-15
4.609573816052e-15
4.587097936110e-15
4.546473465196e-15
4.533963055643e-15
4.517946962776e-15
4.495956786865e-15
4.473895824178e-15
4.452674041966e-15
4.398214366527e-15
4.368243065250e-15
4.358331433501e-15
4.323825894802e-15
4.316101374867e-15
4.297794467989e-15
4.229005392899e-15
4.228584002831e-15
4.220803453770e-15
4.208624385712e-15
4.191809437225e-15
4.155168964227e-15
4.153662374801e-15
4.135612011290e-15
4.129378871063e-15
4.122693797540e-15
4.071485510412e-15
4.060873526865e-15
4.055724096937e-15
4.045155078574e-15
4.023102054416e-15
4.000672668644e-15
3.918835570168e-15
3.917416066718e-15
3.913479168657e-15
3.880188668983e-15
3.875679940238e-15
3.819979525828e-15
3.798525665276e-15
3.790520502112e-15
3.789452068518e-15
3.788317300080e-15
3.749739987362e-15
3.738417823730e-15
3.733434683305e-15
3.715353259561e-15
3.694095612607e-15
3.661749477564e-15
3.660275169497e-15
3.651142720670e-15
3.634983490519e-15
3.615623443787e-15
3.556832606665e-15
3.538703613324e-15
3.537060739361e-15
3.524736059365e-15
3.507527376765e-15
3.467778182564e-15
3.455385881951e-15
3.441443459184e-15
3.423940998666e-15
3.416187209213e-15
3.400514866351e-15
3.381248184925e-15
3.350820730991e-15
3.348759863399e-15
3.334640967170e-15
3.327821816527e-15
3.305299050952e-15
3.292088126005e-15
3.260466463058e-15
3.242581989689e-15
3.224732642120e-15
3.219408501216e-15
3.165044430631e-15
3.133149919041e-15
3.096797481605e-15
3.088002832169e-15
3.086379683026e-15
3.085484849252e-15
3.056021087989e-15
3.053106337996e-15
3.050674225985e-15
3.018506312263e-15
3.013220865074e-15
3.010178387814e-15
2.992750856738e-15
2.972721281145e-15
2.970229256808e-15
2.964465140359e-15
2.938806778972e-15
2.930631447296e-15
2.919499863604e-15
2.889141113405e-15
2.879447267252e-15
2.872838076420e-15
2.841556893299e-15
2.828760503968e-15
2.825899661630e-15
2.805440629249e-15
2.782189867642e-15
2.777513546168e-15
2.774642258928e-15
2.754751462134e-15
2.729872634589e-15
2.696687083309e-15
2.677174273680e-15
2.669811327387e-15
2.667959260090e-15
2.642713373845e-15
2.640162300345e-15
2.637701481560e-15
2.635301479245e-15
2.628430529256e-15
2.608418673926e-15
2.587187622693e-15
2.548799818847e-15
2.543561387639e-15
2.534115620118e-15
2.528951511594e-15
2.520390764931e-15
2.517225811719e-15
2.500235205026e-15
2.489976680754e-15
2.457050922687e-15
2.440385136597e-15
2.427209413532e-15
2.417128661119e-15
2.416835560126e-15
2.375034404487e-15
2.368971930946e-15
2.361424417795e-15
2.344299489705e-15
2.331604761616e-15
2.302312457977e-15
2.300031368694e-15
2.283363580137e-15
2.271304341451e-15
2.267151180879e-15
2.262501646998e-15
2.256125615431e-15
2.253704657153e-15
2.226355226692e-15
2.216195785803e-15
2.193579026029e-15
2.184363659084e-15
2.176178091649e-15
2.170929181433e-15
2.166668933496e-15
2.160275042746e-15
2.157842837310e-15
2.141016015497e-15
2.102119322825e-15
2.080937668457e-15
2.076446574603e-15
2.071606869600e-15
2.069306826947e-15
2.053215703740e-15
2.037109524663e-15
1.991351645470e-15
1.983601232133e-15
1.982942353216e-15
1.979780468612e-15
1.974106230059e-15
1.948340568251e-15
1.925326629592e-15
1.913838554835e-15
1.891324892258e-15
1.890608678631e-15
1.882436251431e-15
1.882130898182e-15
1.876128632078e-15
1.874000605639e-15
1.845318339394e-15
1.822340698653e-15
1.818371115569e-15
1.802512526107e-15
1.800776884304e-15
1.796405930357e-15
1.795777885066e-15
1.777132720575e-15
1.773919008413e-15
1.771028105322e-15
1.765585980480e-15
1.764219996007e-15
1.757252091450e-15
1.753643596742e-15
1.749464371808e-15
1.747805164726e-15
1.740361336874e-15
1.731913793640e-15
1.720005502348e-15
1.708000660895e-15
1.703233866242e-15
1.691693784046e-15
1.668196913121e-15
1.667576246833e-15
1.656341179719e-15
1.640474362490e-15
1.622740417963e-15
1.615605547865e-15
1.607595855357e-15
1.600992991121e-15
1.599723828445e-15
1.585645638714e-15
1.566314557016e-15
1.562940423253e-15
1.561051844810e-15
1.555250823466e-15
1.542568152903e-15
1.542530060485e-15
1.533943693091e-15
1.525143973583e-15
1.522794554827e-15
1.511918769661e-15
1.499907823036e-15
1.499418351156e-15
1.489818909759e-15
1.462771405721e-15
1.445729042464e-15
1.437898004078e-15
1.432999075738e-15
1.421769140711e-15
1.409886221609e-15
1.399255483893e-15
1.395359082383e-15
1.383945647396e-15
1.373640632108e-15
1.363032795831e-15
1.361740283742e-15
1.359544662733e-15
1.347120816875e-15
1.341974661130e-15
1.332031499484e-15
1.317616797834e-15
1.313745407725e-15
1.312990201384e-15
1.309505796079e-15
1.296736193395e-15
1.295887703929e-15
1.290840243074e-15
1.283531618019e-15
1.282850183699e-15
1.280069766531e-15
1.271882208905e-15
1.263995709091e-15
1.248748633162e-15
1.233045926017e-15
1.226800425756e-15
1.225303332907e-15
1.204348867413e-15
1.201978507388e-15
1.189734509192e-15
1.180519814827e-15
1.177770231537e-15
1.172401536086e-15
1.170177496670e-15
1.157189267929e-15
1.156799139055e-15
1.121383331418e-15
1.117635398451e-15
1.111991206192e-15
1.100785710251e-15
1.098117954989e-15
1.089283131661e-15
1.088441813967e-15
1.086261091990e-15
1.072503494805e-15
1.056899248950e-15
1.056445936082e-15
1.055769508467e-15
1.052618487110e-15
1.040733015757e-15
1.040584248960e-15
1.028410462253e-15
1.015598147305e-15
1.008805881299e-15
1.002157413279e-15
9.876529354809e-16
9.857982553939e-16
9.821398401423e-16
9.782743713193e-16
9.703327002799e-16
9.635596278717e-16
9.468491529736e-16
9.313427470250e-16
9.286821217388e-16
9.231298528667e-16
9.201870851791e-16
9.106613836634e-16
9.033365325426e-16
8.999455566791e-16
8.917792907037e-16
8.830376417378e-16
8.655400720363e-16
8.647710516434e-16
8.638816338379e-16
8.600482082864e-16
8.546386983585e-16
8.292991001695e-16
8.153086270955e-16
8.138033971103e-16
8.085855894786e-16
7.975414414566e-16
7.929741825012e-16
7.864933655215e-16
7.794113066127e-16
7.783553712086e-16
7.753753151480e-16
7.705361435042e-16
7.657661726446e-16
7.577974191200e-16
7.562853325691e-16
7.557830069805e-16
7.485790428882e-16
7.481643075505e-16
7.322054372966e-16
7.292818901322e-16
7.236275740943e-16
7.188963343915e-16
7.184052733408e-16
7.142993688063e-16
7.091411612238e-16
7.065106579588e-16
7.042425857603e-16
6.988255810422e-16
6.933652112644e-16
6.923433072854e-16
6.821181132919e-16
6.820871501277e-16
6.722130598815e-16
6.543106827100e-16
6.508088377638e-16
6.417287383501e-16
6.415208590503e-16
6.360540918556e-16
6.354227724697e-16
6.345279442056e-16
6.319865187098e-16
6.291544429930e-16
6.224240814784e-16
6.199882373345e-16
6.125978132343e-16
6.063977019544e-16
6.041339101302e-16
5.934768508577e-16
5.933061591806e-16
5.823429887179e-16
5.778862160709e-16
5.778551162938e-16
5.759512357314e-16
5.733855605633e-16
5.721141260224e-16
5.681977076126e-16
5.602614810269e-16
5.558282174352e-16
5.549599880013e-16
5.545792443267e-16
5.384472791411e-16
5.378890218346e-16
5.327990789714e-16
5.308495697186e-16
5.305926440095e-16
5.265970134254e-16
5.239343862572e-16
5.219540643259e-16
5.212621287037e-16
5.175839298150e-16
5.164334669297e-16
5.081652124307e-16
5.072859066438e-16
5.062491375779e-16
5.014569646269e-16
4.981425191713e-16
4.976968616251e-16
4.961262993786e-16
4.941525090961e-16
4.867207917460e-16
4.849610167117e-16
4.816311824044e-16
4.604722869112e-16
4.592094322017e-16
4.559029991736e-16
4.543422967531e-16
4.542751020445e-16
4.495131890340e-16
4.446297860112e-16
4.444293062268e-16
4.412438275502e-16
4.254483048673e-16
4.239388360470e-16
4.230811865548e-16
4.195122042571e-16
4.145670603099e-16
4.049094654968e-16
4.000906468351e-16
3.995569007510e-16
3.965703984896e-16
3.945757722230e-16
3.937538186805e-16
3.897702707442e-16
3.880133618613e-16
3.873414240900e-16
3.753668492820e-16
3.747107568438e-16
3.742294670979e-16
3.741893205650e-16
3.622786175556e-16
3.621717052749e-16
3.607149851688e-16
3.596307866020e-16
3.488014963964e-16
3.484865403824e-16
3.388868862061e-16
3.385902065535e-16
3.352749620768e-16
3.340272576647e-16
3.298638116525e-16
3.283883916615e-16
3.269870096448e-16
3.212149039552e-16
3.152779448354e-16
3.126396477480e-16
3.125883222234e-16
3.070890218997e-16
2.967119920513e-16
2.962355049605e-16
2.936046473998e-16
2.935853136130e-16
2.886229640286e-16
2.884830319363e-16
2.847351880451e-16
2.844770503842e-16
2.773671960312e-16
2.719621350092e-16
2.717311087688e-16
2.683428232566e-16
2.655229456813e-16
2.606022210278e-16
2.591764307602e-16
2.588986484192e-16
2.586064014656e-16
2.559733381193e-16
2.507067709674e-16
2.478620576628e-16
2.478494831872e-16
2.442399351067e-16
2.431348937717e-16
2.429870285236e-16
2.354951670742e-16
2.307298608118e-16
2.264072074174e-16
2.244180828040e-16
2.243684221580e-16
2.167366036805e-16
2.147920825279e-16
2.143926648827e-16
2.107545289680e-16
2.105465654430e-16
2.087123098346e-16
2.082661229486e-16
2.069186395124e-16
2.016883582617e-16
1.982020442329e-16
1.930026522007e-16
1.927619791419e-16
1.895042196184e-16
1.878801018120e-16
1.865799492026e-16
1.845795881927e-16
1.828747995083e-16
1.779883771163e-16
1.734809110476e-16
1.720117117381e-16
1.719754451176e-16
1.710129764456e-16
1.704757918726e-16
1.693165789816e-16
1.666597964796e-16
1.657594915250e-16
1.637991181012e-16
1.619067449479e-16
1.611978991907e-16
1.559208635120e-16
1.542173991448e-16
1.534989641107e-16
1.514345037488e-16
1.483869820429e-16
1.444465688761e-16
1.409429292105e-16
1.409141095685e-16
1.400418427205e-16
1.396390287364e-16
1.354869699228e-16
1.348211907363e-16
1.340773115068e-16
1.337968616840e-16
1.317478010442e-16
1.312752061744e-16
1.310539832970e-16
1.224213281452e-16
1.207394145017e-16
1.203331404544e-16
1.187615149186e-16
1.156343190163e-16
1.133467545339e-16
1.119043378301e-16
1.103496060444e-16
1.062137226914e-16
1.046321908326e-16
1.035394850961e-16
1.021065085564e-16
1.012753067716e-16
9.936300408164e-17
9.544025755590e-17
9.527380158879e-17
9.415509132590e-17
9.318038639921e-17
9.107363917372e-17
9.031671569519e-17
9.000243822212e-17
8.964632437612e-17
8.953341544180e-17
8.712140232442e-17
8.569607470482e-17
8.526146519809e-17
8.488777064476e-17
8.484316225770e-17
8.309347467028e-17
8.154796682105e-17
7.990644641869e-17
7.931536084048e-17
7.843727119031e-17
7.827428941498e-17
7.697905263513e-17
7.521359485535e-17
7.418778901105e-17
7.350214699910e-17
7.225098736582e-17
7.195901028809e-17
7.078509844255e-17
7.056799698298e-17
7.046822891961e-17
6.952078865742e-17
6.791860946662e-17
6.501171249220e-17
6.170759069781e-17
5.974055375606e-17
5.888389172126e-17
5.849024192990e-17
5.726980597993e-17
5.618195135426e-17
5.505364815901e-17
5.374128237370e-17
5.093278821411e-17
5.073696460010e-17
4.973282251237e-17
4.804511868372e-17
4.773599738335e-17
4.770590234565e-17
4.759780805324e-17
4.691702494898e-17
4.647826012104e-17
4.644432514255e-17
4.461315007978e-17
4.353502416968e-17
4.341121941395e-17
3.998276215468e-17
3.994279810273e-17
3.975849026656e-17
3.940044962447e-17
3.915961294034e-17
3.822388839924e-17
3.717982939925e-17
3.701152022400e-17
3.637010820504e-17
3.590373168611e-17
3.556806196816e-17
3.535154303682e-17
3.293169143269e-17
3.287862907797e-17
3.172616555325e-17
2.977144694930e-17
2.949822569891e-17
2.833900594500e-17
2.811666204542e-17
2.707256376125e-17
2.585451186000e-17
2.577056706180e-17
2.537931688790e-17
2.506479790435e-17
2.339145137615e-17
2.322654274333e-17
2.300136791673e-17
2.289889933163e-17
2.214736538676e-17
2.132827907921e-17
2.056128460819e-17
1.858982789873e-17
1.846462548472e-17
1.788253205787e-17
1.784347411830e-17
1.723682168415e-17
1.664026950305e-17
1.653583848134e-17
1.646236192154e-17
1.564999748731e-17
1.540307258255e-17
1.530627308710e-17
1.430322812756e-17
1.364213505792e-17
1.297104783200e-17
1.287241171089e-17
1.269273388426e-17
1.209053597523e-17
1.162012934719e-17
1.138910338906e-17
1.033195215478e-17
9.756854528831e-18
9.195476764808e-18
8.631382787622e-18
8.542117215826e-18
8.506249134751e-18
8.099539465965e-18
8.050596912183e-18
7.827496855131e-18
7.027208637670e-18
6.834470534759e-18
6.521394737859e-18
6.486589530211e-18
6.147512908746e-18
5.713239571986e-18
5.642162484896e-18
4.939062637658e-18
4.666536978482e-18
4.598574668699e-18
4.562048934386e-18
4.250746894267e-18
3.738006685876e-18
3.574156254587e-18
3.469427640233e-18
3.183162011231e-18
3.062863015837e-18
2.652143702680e-18
2.645828053936e-18
2.610927149270e-18
2.490254862008e-18
2.216609485298e-18
1.801370683676e-18
1.777784412237e-18
1.752955878184e-18
1.690151934143e-18
1.624154848974e-18
1.406471568302e-18
1.385672850510e-18
1.202246694849e-18
1.085344592940e-18
9.006460092594e-19
8.983429539408e-19
7.110160736897e-19
5.904092164377e-19
3.781688740359e-19
3.665451791057e-19
3.530091301950e-19
3.510924348299e-19
3.281524751985e-19
2.456321957603e-19
1.944410610024e-19
1.888276099248e-19
1.852710845586e-19
8.468588007172e-20
8.036971562715e-20
5.916045411184e-20
4.544247129637e-20
4.354428078161e-20
