#lambda_0=1.021437419670e+00
1.000000000000e+00
1.314166931921e-01
1.314166931921e-01
4.298081641341e-02
4.298081641341e-02
3.282979680941e-02
3.282979680941e-02
3.268728537293e-02
3.268728537293e-02
2.200464832621e-02
2.200464832621e-02
1.727034724955e-02
5.648396763749e-03
5.648396763749e-03
4.314383334862e-03
4.314383334862e-03
4.295654953138e-03
4.295654953138e-03
2.891778117887e-03
2.891778117887e-03
1.847350579564e-03
1.411051469555e-03
1.411051469555e-03
1.404926211667e-03
1.404926211667e-03
1.077795558547e-03
1.073116937045e-03
1.073116937045e-03
1.068458625052e-03
9.457777499507e-04
9.457777499507e-04
7.224081334121e-04
7.224081334121e-04
7.192722193699e-04
7.192722193699e-04
4.842045479603e-04
8.085420674139e-17
7.942147702911e-17
6.831037765114e-17
6.450504154614e-17
6.393791650732e-17
5.680166547315e-17
5.590458173332e-17
5.493150294814e-17
4.196141039956e-17
3.875428191580e-17
3.287266982654e-17
3.232230391344e-17
2.988889697580e-17
2.752589291110e-17
2.613569979679e-17
2.523926896575e-17
2.490420520988e-17
2.043689377569e-17
1.790143251343e-17
1.676637441211e-17
1.436055270026e-17
1.398878857752e-17
1.318047833616e-17
1.080750751428e-17
1.024533144365e-17
9.797318445093e-18
9.211612748051e-18
7.873023149543e-18
6.933563919675e-18
6.371681033375e-18
5.783270150837e-18
5.356336309444e-18
4.553696632614e-18
4.206040898722e-18
3.767044274515e-18
3.622042418925e-18
3.217427035774e-18
3.180274709397e-18
3.072498815115e-18
2.572548194702e-18
2.470004382335e-18
2.230677584055e-18
2.018240392634e-18
1.832982104963e-18
1.651477515089e-18
1.566430987001e-18
1.314612940560e-18
1.238019539589e-18
1.143286786936e-18
9.158777840301e-19
8.700213879566e-19
8.457633980664e-19
8.364326628344e-19
8.182638788963e-19
7.312867885153e-19
6.541203502067e-19
6.243099248849e-19
5.884364369549e-19
5.360344262463e-19
5.031254976984e-19
4.774070677204e-19
4.406988912328e-19
4.056125507100e-19
4.003336922753e-19
3.864459800687e-19
3.813316465667e-19
3.652657440106e-19
3.481829583601e-19
3.469899411057e-19
3.361726298819e-19
3.002612059445e-19
2.955946224051e-19
2.786902011778e-19
2.655140346375e-19
2.589162654378e-19
2.455564539523e-19
2.384527614421e-19
2.321597421455e-19
2.252733642368e-19
2.178102750933e-19
2.089332553996e-19
2.007522627045e-19
1.921547556025e-19
1.834349448821e-19
1.767558614504e-19
1.725112907484e-19
1.690544732467e-19
1.561896710258e-19
1.498179759841e-19
1.424185696430e-19
1.393481324230e-19
1.361288498755e-19
1.348375929110e-19
1.306715815997e-19
1.294310065760e-19
1.241557008828e-19
1.180559805730e-19
1.136528126472e-19
1.104738124105e-19
1.038988227664e-19
9.830035291609e-20
9.353053811982e-20
9.269523526365e-20
8.783136269041e-20
8.409625326043e-20
8.121850582022e-20
7.863371029767e-20
7.727910244312e-20
7.557898895798e-20
7.492844948123e-20
7.246111040541e-20
7.133570854482e-20
6.868891218946e-20
6.447752217477e-20
6.364814037510e-20
6.209179133192e-20
5.874074351791e-20
5.785242960577e-20
5.760013431032e-20
5.637871582481e-20
5.357903912757e-20
5.068725331424e-20
4.866288851805e-20
4.773140296683e-20
4.497535820365e-20
4.428506913874e-20
4.269499386636e-20
4.089877206123e-20
3.975335060380e-20
3.816314239128e-20
3.772774589886e-20
3.609327457005e-20
3.496516687889e-20
3.425391989716e-20
3.327348148939e-20
3.233968658718e-20
3.189099149623e-20
3.145824754444e-20
3.061056329221e-20
2.969135241276e-20
2.898418665062e-20
2.851072326989e-20
2.812085852599e-20
2.764241357624e-20
2.656077678353e-20
2.620571646319e-20
2.506603768236e-20
2.480453141165e-20
2.457525831593e-20
2.411674564208e-20
2.305332774375e-20
2.216144887603e-20
2.148171877551e-20
2.084948169022e-20
2.033114645550e-20
2.023821571377e-20
1.956029964576e-20
1.931337191579e-20
1.902417183284e-20
1.890054133744e-20
1.808204892810e-20
1.783146413850e-20
1.737310951824e-20
1.721352921219e-20
1.687604468251e-20
1.656371071842e-20
1.584936889230e-20
1.567106896864e-20
1.537251591350e-20
1.490453483459e-20
1.443184619463e-20
1.411716697680e-20
1.378635469522e-20
1.331899282689e-20
1.309499948594e-20
1.280438928349e-20
1.229320386532e-20
1.221047258779e-20
1.191667813569e-20
1.162799115792e-20
1.155839805269e-20
1.114033648177e-20
1.095859922131e-20
1.076387529547e-20
1.043212665755e-20
1.024947310090e-20
1.001905936784e-20
9.879380628226e-21
9.639903109080e-21
9.454709502966e-21
9.058328931526e-21
8.608554894833e-21
8.543732447049e-21
8.374766604473e-21
8.284229323509e-21
7.878579294777e-21
7.831742422139e-21
7.641709307958e-21
7.465484865021e-21
7.218362945972e-21
7.167429623231e-21
6.945186699407e-21
6.804446842670e-21
6.619799234554e-21
6.463607084388e-21
6.443925980925e-21
6.254616790995e-21
6.180710566649e-21
6.091685095978e-21
6.022214203553e-21
5.916111774412e-21
5.888982331273e-21
5.747266156270e-21
5.491569925432e-21
5.410164729437e-21
5.315587081093e-21
5.254495092807e-21
5.140397339949e-21
4.996271599717e-21
4.901045890517e-21
4.761322054054e-21
4.739039749420e-21
4.701350121105e-21
4.643256469179e-21
4.567957132233e-21
4.382136412766e-21
4.281663182905e-21
4.238248845915e-21
4.220082035102e-21
4.091646847074e-21
3.991911694362e-21
3.963293860441e-21
3.931679291211e-21
3.892032013653e-21
3.840183157123e-21
3.819052854360e-21
3.765675738283e-21
3.746845853301e-21
3.702000618278e-21
3.615000132979e-21
3.598470060383e-21
3.553945287619e-21
3.417795374987e-21
3.333604578968e-21
3.277550681491e-21
3.237161589351e-21
3.150188071915e-21
3.025923967419e-21
3.017297524348e-21
2.929563640311e-21
2.896924548718e-21
2.873903299150e-21
2.827516054805e-21
2.801303576292e-21
2.764182357471e-21
2.712467673965e-21
2.676993542332e-21
2.634486216806e-21
2.561206824389e-21
2.547021993572e-21
2.507666965006e-21
2.453069740007e-21
2.441554720715e-21
2.387950575493e-21
2.341303183755e-21
2.309844280765e-21
2.229206303826e-21
2.221697628573e-21
2.169219930785e-21
2.108325647228e-21
2.047147281809e-21
2.001527611549e-21
1.994534540977e-21
1.961169061670e-21
1.933322656843e-21
1.893291245304e-21
1.821752095234e-21
1.808936923592e-21
1.792805668270e-21
1.768234002187e-21
1.757246089456e-21
1.730027981644e-21
1.716784809964e-21
1.697597048532e-21
1.656007904027e-21
1.644688780323e-21
1.606375938247e-21
1.568096236028e-21
1.544238139477e-21
1.507898084904e-21
1.481053204909e-21
1.445023018834e-21
1.421933500533e-21
1.405108354882e-21
1.384527674056e-21
1.366902277932e-21
1.329564132080e-21
1.311130694358e-21
1.283563313974e-21
1.249580818308e-21
1.237972157100e-21
1.192522484681e-21
1.179886105435e-21
1.170624611715e-21
1.165773821815e-21
1.136094246186e-21
1.102791278363e-21
1.082397946746e-21
1.072849053128e-21
1.039977664663e-21
1.011872036768e-21
9.832408683656e-22
9.779912224205e-22
9.584181472279e-22
9.420812497547e-22
9.262143578870e-22
9.164245246032e-22
9.056984620927e-22
9.019733601891e-22
8.855757852897e-22
8.678409443540e-22
8.389013850982e-22
8.353432678635e-22
8.260919747099e-22
8.088396388157e-22
7.945933368988e-22
7.866646427315e-22
7.769076243597e-22
7.706658271710e-22
7.651610229440e-22
7.591907064723e-22
7.535985261802e-22
7.411115363370e-22
7.373356185563e-22
7.151212727529e-22
7.063326865980e-22
6.914211804457e-22
6.812306186328e-22
6.798832997423e-22
6.764940149836e-22
6.712678313183e-22
6.505984457894e-22
6.449621749044e-22
6.355851911461e-22
6.223585904311e-22
6.141792879324e-22
6.054335343940e-22
5.880374035961e-22
5.809984692465e-22
5.729996543757e-22
5.660425193028e-22
5.438245987365e-22
5.311818494454e-22
5.260718222330e-22
5.181566761618e-22
5.128523433558e-22
5.034381233134e-22
4.911636550742e-22
4.832090886233e-22
4.745397280966e-22
4.689267473494e-22
4.583770839379e-22
4.490474882428e-22
4.415338207175e-22
4.269195467154e-22
4.230647608729e-22
4.171922201626e-22
4.082854084704e-22
4.027861107856e-22
3.948626655081e-22
3.780717413102e-22
3.772166076501e-22
3.751785286374e-22
3.701501148460e-22
3.561687757839e-22
3.513928920345e-22
3.449522315134e-22
3.371766717214e-22
3.358402609096e-22
3.270742411960e-22
3.231148406901e-22
3.218414935577e-22
3.190682756737e-22
3.138418629476e-22
3.102547144470e-22
3.048724472557e-22
2.989748427967e-22
2.917818938619e-22
2.824487203198e-22
2.809899186624e-22
2.740657166705e-22
2.730810486911e-22
2.694709230072e-22
2.658071724681e-22
2.625199167440e-22
2.592734646479e-22
2.537559117781e-22
2.492345530724e-22
2.388296917405e-22
2.366852552151e-22
2.329535130695e-22
2.317604631381e-22
2.275802675186e-22
2.238627983364e-22
2.194015628965e-22
2.113006202156e-22
2.085215957574e-22
2.044830285124e-22
2.010637614204e-22
1.990785695879e-22
1.952783092063e-22
1.924905104242e-22
1.902233159635e-22
1.880955018025e-22
1.854841240373e-22
1.820598526614e-22
1.771323498510e-22
1.746240297013e-22
1.713571290133e-22
1.670414731163e-22
1.663553923245e-22
1.640452876432e-22
1.626147011912e-22
1.575607159418e-22
1.532911134244e-22
1.512469358854e-22
1.478942363419e-22
1.459885001306e-22
1.420665472045e-22
1.384042961757e-22
1.354357293080e-22
1.333208254732e-22
1.306765556576e-22
1.285737211998e-22
1.272025774054e-22
1.222227100699e-22
1.204866384424e-22
1.196084423784e-22
1.173295473585e-22
1.142562477657e-22
1.092055072255e-22
1.070719183361e-22
1.051856798028e-22
1.026607747892e-22
1.015993829359e-22
1.000415717974e-22
9.785538895400e-23
9.651214957928e-23
9.520585060956e-23
9.263994838561e-23
8.977270628777e-23
8.895016837717e-23
8.728911315267e-23
8.512212462469e-23
8.402937158859e-23
8.165192683096e-23
8.095894670933e-23
7.953970166883e-23
7.833326228759e-23
7.459183868460e-23
7.321478905579e-23
7.057177450316e-23
6.923030840401e-23
6.823584168965e-23
6.766916604237e-23
6.649344947073e-23
6.404893856455e-23
6.354078940612e-23
6.068261043152e-23
6.050058059204e-23
5.937340987986e-23
5.810291564587e-23
5.673387473354e-23
5.573028306082e-23
5.465284823209e-23
5.367832426919e-23
5.284523408336e-23
5.218144384738e-23
5.101252577616e-23
5.036170663374e-23
4.959946537739e-23
4.833669707800e-23
4.728183025375e-23
4.570631356702e-23
4.415807721693e-23
4.330999357307e-23
4.287446784048e-23
4.271209181399e-23
4.069086993127e-23
3.978455681258e-23
3.856664170185e-23
3.790145508490e-23
3.718511735743e-23
3.670368145000e-23
3.497336746358e-23
3.490523572230e-23
3.440217100645e-23
3.130799792131e-23
3.054051858461e-23
2.923276138014e-23
2.902920134389e-23
2.800930274812e-23
2.732862160072e-23
2.623268181157e-23
2.596746397057e-23
2.517041964379e-23
2.487803012525e-23
2.435361149917e-23
2.401887359571e-23
2.370921735186e-23
2.350426500104e-23
2.183546716932e-23
2.118044446511e-23
2.037976011920e-23
2.021420383408e-23
1.980796307296e-23
1.934939628344e-23
1.903976058220e-23
1.885198315719e-23
1.777165943203e-23
1.730601590351e-23
1.701701378977e-23
1.650885637442e-23
1.621729795191e-23
1.572655571771e-23
1.541255272813e-23
1.526420987242e-23
1.494844305630e-23
1.451261131090e-23
1.421730551825e-23
1.374874579429e-23
1.354926895903e-23
1.318793288993e-23
1.292682331606e-23
1.235054283948e-23
1.223889313309e-23
1.199452240953e-23
1.166587051592e-23
1.123945870753e-23
1.105962160648e-23
1.081995970240e-23
1.041270511316e-23
1.008306541696e-23
9.828737771247e-24
9.490031778664e-24
9.205765456846e-24
9.065826220792e-24
8.571729776732e-24
8.255480947191e-24
8.175161534903e-24
7.689492222466e-24
7.455987787447e-24
7.229003483733e-24
7.098122501814e-24
6.735722260640e-24
6.583078440280e-24
6.534711608371e-24
6.299160637704e-24
5.875011341530e-24
5.809711567079e-24
5.710159299320e-24
5.591819214029e-24
5.445372639536e-24
5.315314414420e-24
5.215867050523e-24
5.197638193175e-24
4.785744070579e-24
4.729454014495e-24
4.557194704605e-24
4.354795986370e-24
4.197989389094e-24
4.148433380003e-24
3.989066465996e-24
3.962628808226e-24
3.918924411889e-24
3.510635575958e-24
3.325860100834e-24
3.240051573302e-24
3.170930841919e-24
3.075709720034e-24
3.025867500220e-24
2.913795116547e-24
2.736253978129e-24
2.654985126813e-24
2.615428061196e-24
2.492490285480e-24
2.338533591635e-24
2.265168683093e-24
2.158796528683e-24
2.055438022353e-24
1.956619104439e-24
1.838820581339e-24
1.823620586165e-24
1.713769633006e-24
1.576707597585e-24
1.529955560710e-24
1.476363685082e-24
1.299187792548e-24
1.252524623220e-24
1.184911991351e-24
1.161779336735e-24
1.104813843601e-24
1.060272512595e-24
1.002383066986e-24
9.945571028825e-25
9.700289742040e-25
9.043977800982e-25
8.916054061574e-25
8.554884546332e-25
7.961145515791e-25
7.676659869444e-25
6.943153611915e-25
6.562583173975e-25
6.326821499482e-25
5.806080288269e-25
5.526643594128e-25
5.425186586135e-25
5.235179338956e-25
4.952611278023e-25
4.717489341235e-25
4.399941761410e-25
3.980339958577e-25
3.763206584578e-25
3.434594095917e-25
3.400428381311e-25
3.026331701197e-25
2.942881550017e-25
2.696548911787e-25
2.492406340606e-25
2.183729093041e-25
1.996353102344e-25
1.924792666969e-25
1.837325781731e-25
1.554865235998e-25
1.374244007162e-25
1.277522670725e-25
1.133937730566e-25
9.805294461208e-26
9.756843591859e-26
8.735885931451e-26
8.436142164462e-26
7.938657640120e-26
7.282818873868e-26
6.468200207621e-26
6.058876694778e-26
5.071494699064e-26
4.739221682165e-26
3.740741390120e-26
3.088736320806e-26
2.433457391512e-26
2.195979515481e-26
2.002739472856e-26
1.310439764457e-26
1.101608299205e-26
8.585254584055e-27
6.174330424558e-27
5.325986665397e-27
2.335052054492e-27
1.903658523778e-27
7.565749132853e-28
3.492215758608e-28
1.895436500443e-28
6.511350250282e-29
1.731971121361e-32
5.676378805680e-33
3.535925571426e-33
2.669417564701e-33
2.006585733288e-33
1.661227006820e-33
1.457673334625e-33
1.107503668938e-33
7.528428026472e-34
7.242893212100e-34
6.165319357018e-34
4.762404946615e-34
3.693813057825e-34
3.204601445792e-34
3.025188780754e-34
2.660026681694e-34
2.507493295457e-34
2.335427184374e-34
1.960764252954e-34
1.722551342132e-34
1.463173316467e-34
1.357756242997e-34
1.156347539679e-34
9.699488036239e-35
9.427554644100e-35
7.093589847355e-35
6.517812535801e-35
4.147164666811e-35
3.393465939481e-35
2.937549863262e-35
2.744974443696e-35
2.660438255701e-35
2.160318497701e-35
2.105868111761e-35
1.873089705829e-35
1.801038839127e-35
1.564277237755e-35
1.501438302024e-35
1.465504035342e-35
1.288058298383e-35
1.250879870211e-35
1.220262420065e-35
1.136195562437e-35
9.969823284741e-36
9.475873945510e-36
9.236251099787e-36
8.348198002230e-36
8.081634199284e-36
6.735252965307e-36
6.390515598894e-36
5.996597792729e-36
5.494440260335e-36
5.301611800511e-36
5.016343711770e-36
4.550631098859e-36
4.023537396523e-36
3.859486891388e-36
3.441787218009e-36
3.173777206892e-36
3.041123253592e-36
2.977960799518e-36
2.879780922162e-36
2.772530075360e-36
2.716910095288e-36
2.524904017586e-36
2.368139176564e-36
2.294930744465e-36
2.190287194593e-36
2.098220180602e-36
1.997905350801e-36
1.860029503677e-36
1.802209526226e-36
1.657697301064e-36
1.648595899070e-36
1.566101824047e-36
1.469766697145e-36
1.350265284035e-36
1.266253293475e-36
1.214861310262e-36
1.143343281249e-36
1.073394426303e-36
1.035785816311e-36
1.003487614952e-36
9.553758769499e-37
8.715740654694e-37
8.614977212146e-37
8.357730817981e-37
7.883240460081e-37
7.694677622983e-37
7.192726250193e-37
6.592291782810e-37
6.355229661578e-37
5.996021569826e-37
5.870350207035e-37
5.538945564822e-37
5.358657456707e-37
5.059816646810e-37
4.649296495760e-37
4.572317528991e-37
4.491706357508e-37
4.284545235492e-37
4.200576206168e-37
3.881038658992e-37
3.829548139160e-37
3.537281312123e-37
3.501458059661e-37
3.312653785032e-37
3.217249131648e-37
3.150966563965e-37
2.875359922266e-37
2.698775920753e-37
2.653223195597e-37
2.605412221276e-37
2.524649823685e-37
2.422335939327e-37
2.395677737578e-37
2.300232218554e-37
2.226360986534e-37
2.155397850184e-37
2.085009534581e-37
2.017324542635e-37
1.979667261981e-37
1.968702911416e-37
1.862330550673e-37
1.702378277954e-37
1.694365616397e-37
1.579192307516e-37
1.540357558819e-37
1.527532376885e-37
1.469199631228e-37
1.398819074825e-37
1.379421494262e-37
1.322935990722e-37
1.277987106477e-37
1.245463730793e-37
1.148222473055e-37
1.122706811973e-37
1.101471740902e-37
1.082444435436e-37
1.045022774055e-37
1.034849853112e-37
9.999447901783e-38
9.961552402199e-38
9.142057328951e-38
9.061016224438e-38
8.928004507345e-38
8.649392394926e-38
8.470163071153e-38
8.179467926834e-38
7.906960518672e-38
7.433763941362e-38
7.367840535061e-38
7.164921637091e-38
6.829918471639e-38
6.796705744841e-38
6.403269569103e-38
6.282744567868e-38
6.066859153570e-38
5.752863805497e-38
5.560109509818e-38
5.340093336461e-38
5.042635609516e-38
4.944745029354e-38
4.881914530989e-38
4.795825509943e-38
4.382510657429e-38
4.359193461731e-38
4.121521622919e-38
3.987760005863e-38
3.882167445664e-38
3.841606179622e-38
3.718940987450e-38
3.533324648320e-38
3.413006059661e-38
3.269140787989e-38
3.167774665170e-38
3.134237521206e-38
3.030411529460e-38
2.866946644667e-38
2.748840530944e-38
2.687286650231e-38
2.546900476423e-38
2.512788801636e-38
2.430949590605e-38
2.308283809263e-38
2.156900958665e-38
2.128360307038e-38
2.098647566225e-38
1.924748021836e-38
1.848738980612e-38
1.843629150193e-38
1.770078849611e-38
1.733594725301e-38
1.613999606965e-38
1.599849306998e-38
1.445138029643e-38
1.411123123650e-38
1.332923500817e-38
1.225345490530e-38
1.177404109397e-38
1.164727643822e-38
1.083190955132e-38
1.048836918441e-38
1.018471738508e-38
9.733207975330e-39
9.613834098302e-39
9.231122788186e-39
8.863875515646e-39
8.538227514071e-39
8.260627662387e-39
7.820581354015e-39
7.451622693451e-39
7.198212948678e-39
7.086685806673e-39
6.683520491763e-39
6.369662568111e-39
6.218464294298e-39
6.041151799806e-39
5.814630265360e-39
5.417843888867e-39
5.074982867001e-39
5.012884391563e-39
4.860557437572e-39
4.526855697970e-39
4.272021484929e-39
4.051149173659e-39
3.943451061464e-39
3.821122340606e-39
3.567175196528e-39
3.344533147032e-39
3.221955462986e-39
3.072671360906e-39
2.944312752210e-39
2.677799948337e-39
2.441060597351e-39
2.365651122491e-39
2.150119125681e-39
2.040045262565e-39
1.966958609886e-39
1.854587593110e-39
1.781291805471e-39
1.724960240538e-39
1.682380260893e-39
1.624797262960e-39
1.513889542456e-39
1.455314240267e-39
1.409731583945e-39
1.301967645353e-39
1.277917581308e-39
1.237708333900e-39
1.173227904316e-39
1.075160852029e-39
1.073395558942e-39
1.008427681913e-39
9.501142281770e-40
8.519611908968e-40
8.316723356923e-40
7.657262702823e-40
7.243024602395e-40
6.782320650209e-40
6.316304618525e-40
6.085795018910e-40
5.720514702165e-40
5.312453438167e-40
5.054739988450e-40
4.805216132305e-40
4.400149898304e-40
4.120740890402e-40
3.990671978521e-40
3.571454538177e-40
3.321700789531e-40
3.063158231402e-40
2.976735254255e-40
2.723301701555e-40
2.498896651611e-40
2.064380048409e-40
1.982783845210e-40
1.720828777426e-40
1.588309976491e-40
1.568786753121e-40
1.407621265924e-40
1.360271594545e-40
1.264255935470e-40
1.124566495910e-40
1.111854398131e-40
1.082755155205e-40
1.028425489775e-40
9.074832162537e-41
8.827504657744e-41
8.485329664072e-41
8.005212356307e-41
7.268982146549e-41
6.510138661832e-41
6.210330455218e-41
5.697249139144e-41
5.628466994994e-41
4.917834509310e-41
4.623695607429e-41
3.920083925032e-41
3.574412242214e-41
3.442238712031e-41
3.112705276111e-41
2.948259905402e-41
2.709139449129e-41
2.545223345229e-41
2.154191395345e-41
1.925099564012e-41
1.646418890376e-41
1.417551364193e-41
1.089032511653e-41
9.754808135361e-42
7.749481561219e-42
6.784664819221e-42
6.416090556876e-42
6.016503435496e-42
4.046483311172e-42
2.844438863771e-42
2.165677179504e-42
2.046420538425e-42
1.760310535712e-42
1.731897060484e-42
1.321490617231e-42
1.155266983683e-42
9.887232833082e-43
8.853532881150e-43
7.736089279291e-43
6.509329795333e-43
5.302794175821e-43
4.931367874801e-43
4.760450714392e-43
4.470036570618e-43
3.974152338038e-43
3.712295210234e-43
3.441777221812e-43
2.571455090142e-43
2.349589289891e-43
2.153816179601e-43
1.875574361767e-43
1.624021114010e-43
1.587440054406e-43
1.236014278813e-43
1.031828874206e-43
8.834359226232e-44
7.403782634666e-44
6.509334120809e-44
5.396509308881e-44
5.083978912116e-44
4.699669791374e-44
3.991308088356e-44
3.896950767127e-44
3.333381884187e-44
3.080263627313e-44
2.396561820249e-44
2.162208917170e-44
2.115180637061e-44
1.743171668054e-44
1.666582121451e-44
1.569468584159e-44
1.451808391169e-44
1.309133499103e-44
1.181629000864e-44
1.111839217564e-44
9.368416563736e-45
8.177132522670e-45
7.564207174790e-45
6.724445695265e-45
6.604516910316e-45
6.191867166591e-45
6.096719852842e-45
5.645283808424e-45
4.941026823754e-45
4.731382238402e-45
4.619286077087e-45
4.214754452191e-45
3.270632699479e-45
3.132549642297e-45
3.023958006909e-45
2.903931661261e-45
2.773059236150e-45
2.618760731769e-45
2.527526032630e-45
2.284603473067e-45
2.188000625695e-45
2.120435165693e-45
2.025180180060e-45
1.836777899669e-45
1.688273218143e-45
1.542051181613e-45
1.524451923233e-45
1.466607772195e-45
1.427544566224e-45
1.315629967756e-45
1.244416689091e-45
1.208078674370e-45
1.207299145654e-45
1.132218773474e-45
1.048164467883e-45
9.963232424864e-46
9.558697545362e-46
9.113982689655e-46
8.561429375214e-46
8.386642376782e-46
8.239822340297e-46
7.823187418283e-46
7.267127486824e-46
7.087740069488e-46
6.255182745299e-46
6.153860661106e-46
5.631290896224e-46
5.099755784051e-46
4.919004031198e-46
4.661266258551e-46
4.354627403986e-46
4.121699718518e-46
3.785142211069e-46
3.508604605829e-46
3.389655513186e-46
3.182347092724e-46
3.034173757219e-46
2.978863462996e-46
2.902191312893e-46
2.826324234402e-46
2.546245382508e-46
2.419800903724e-46
2.320005258010e-46
2.237489590450e-46
2.130827413722e-46
2.051918913104e-46
1.999118160303e-46
1.956563789023e-46
1.788047516505e-46
1.683814562804e-46
1.609930255101e-46
1.541609830772e-46
1.442359944886e-46
1.365795746105e-46
1.277942400581e-46
1.202328880759e-46
1.076653696510e-46
1.061402261492e-46
1.019575237498e-46
9.721096088414e-47
9.463661432976e-47
8.749138350317e-47
8.361837542061e-47
8.216485292443e-47
7.642640294119e-47
7.496154764941e-47
7.239244592629e-47
7.072139122738e-47
6.843413798358e-47
6.574254951713e-47
6.449315888656e-47
6.158764713059e-47
5.875806237378e-47
5.671368841309e-47
5.575161590879e-47
5.434793521352e-47
5.321121239922e-47
5.143321588263e-47
5.008758475599e-47
4.666932800557e-47
4.618846704724e-47
4.248144394989e-47
4.167811550563e-47
3.829281969170e-47
3.806624736901e-47
3.683472101689e-47
3.470876409859e-47
3.056345614641e-47
3.002676753022e-47
2.970757740396e-47
2.948698388629e-47
2.736004416297e-47
2.727438714865e-47
2.549178785696e-47
2.525861108573e-47
2.423746859548e-47
2.364168323172e-47
2.282195709559e-47
2.234616807095e-47
2.128891962434e-47
2.083476207333e-47
2.017761057149e-47
1.924427259476e-47
1.895214115914e-47
1.830342458224e-47
1.788163383480e-47
1.730405371775e-47
1.682352469159e-47
1.619520406390e-47
1.544915053529e-47
1.505103215352e-47
1.482935442627e-47
1.459164180540e-47
1.401573214682e-47
1.379052705520e-47
1.278638070924e-47
1.243979295567e-47
1.235605558729e-47
1.215242388247e-47
1.185824178360e-47
1.126887524192e-47
1.057662148676e-47
1.013340202847e-47
9.948905100261e-48
9.591436308503e-48
8.994029108310e-48
8.778264859274e-48
8.562348073754e-48
8.099564970078e-48
7.821865538575e-48
7.795924170580e-48
7.595213184638e-48
7.197855535808e-48
7.059425063452e-48
6.792954419821e-48
6.593080626571e-48
6.253892908884e-48
6.168976795932e-48
6.037709361128e-48
5.795180799719e-48
5.698373864415e-48
5.437989703584e-48
5.169019342025e-48
5.073128370753e-48
4.597765008336e-48
4.528446985489e-48
4.439149647335e-48
4.220727110739e-48
4.152380225243e-48
3.907256103054e-48
3.687070277363e-48
3.567381443840e-48
3.381307217559e-48
3.215404866503e-48
3.128982399758e-48
3.061527328800e-48
2.971191319254e-48
2.903236449716e-48
2.654028038225e-48
2.592529367817e-48
2.371391612047e-48
2.271276833353e-48
2.197466656388e-48
2.021697506038e-48
1.981736125014e-48
1.927668558400e-48
1.840856484113e-48
1.718713279682e-48
1.634449297495e-48
1.572117192842e-48
1.556940753761e-48
1.427996082247e-48
1.366917344812e-48
1.337880700708e-48
1.254713658993e-48
1.156031152918e-48
1.103550547423e-48
1.059890350562e-48
1.007314599759e-48
9.452033537346e-49
9.182446687984e-49
8.333473347872e-49
8.122508742137e-49
7.646340494933e-49
7.431194407664e-49
6.958979384410e-49
6.520333884681e-49
6.204246323423e-49
5.562092365051e-49
5.461026223690e-49
5.014452355524e-49
4.728167841778e-49
4.511313367655e-49
3.894682923545e-49
3.605731851113e-49
3.293657242140e-49
3.019050372072e-49
2.918776241274e-49
2.672662091702e-49
2.577399106338e-49
2.166573534416e-49
2.108285200118e-49
1.801710198561e-49
1.647997500045e-49
1.443231592850e-49
1.371241539803e-49
9.805872378877e-50
8.815455637666e-50
7.050054358374e-50
5.173132353790e-50
4.857621062923e-50
4.481994465746e-50
3.439485614898e-50
2.222569930311e-50
9.940938063851e-51
#lambda_0=1.021437419670e+00
1.000000000000e+00
1.314166931921e-01
1.314166931921e-01
4.298081641342e-02
4.298081641342e-02
3.282979680941e-02
3.282979680941e-02
3.268728537293e-02
3.268728537293e-02
2.200464832621e-02
2.200464832621e-02
1.727034724955e-02
5.648396763749e-03
5.648396763749e-03
4.314383334863e-03
4.314383334863e-03
4.295654953138e-03
4.295654953138e-03
2.891778117887e-03
2.891778117887e-03
1.847350579564e-03
1.411051469555e-03
1.411051469555e-03
1.404926211667e-03
1.404926211667e-03
1.077795558547e-03
1.073116937045e-03
1.073116937045e-03
1.068458625052e-03
9.457777499507e-04
9.457777499507e-04
7.224081334122e-04
7.224081334121e-04
7.192722193699e-04
7.192722193699e-04
4.842045479603e-04
4.490533785640e-17
4.305839106803e-17
4.080422756188e-17
3.600978340717e-17
3.562692300805e-17
3.249731355690e-17
2.922999524150e-17
2.905996897276e-17
2.640991535627e-17
2.357772591527e-17
2.063101796601e-17
1.747881053755e-17
1.693501285672e-17
1.684445620476e-17
1.615490915262e-17
1.587120679127e-17
1.496408171207e-17
1.410219816322e-17
1.336592262172e-17
1.228248330527e-17
1.197364789797e-17
1.133983550824e-17
1.052543329006e-17
1.011230250947e-17
8.993297661980e-18
8.221726815074e-18
7.753757090467e-18
7.476137650652e-18
6.516452621700e-18
6.006299054933e-18
5.358263486929e-18
5.102681875193e-18
4.810840886041e-18
4.429918835792e-18
4.308552664987e-18
3.967871179375e-18
3.825143829728e-18
3.370110888894e-18
3.227188870642e-18
2.938044003536e-18
2.723180180800e-18
2.666113557474e-18
2.241371306762e-18
2.116795827194e-18
2.049753798446e-18
1.906504711803e-18
1.757573783506e-18
1.679476599711e-18
1.563742831513e-18
1.486328333044e-18
1.339680574598e-18
1.253218047790e-18
1.224099306992e-18
1.150923204440e-18
1.098741381112e-18
1.043533211276e-18
9.695334597753e-19
9.531496755793e-19
8.672073641264e-19
7.949735975355e-19
7.667689485472e-19
7.400978188386e-19
7.189194151405e-19
7.136763040882e-19
6.784772177394e-19
6.697534201465e-19
6.440516945472e-19
6.148284529012e-19
6.042876691260e-19
5.722589706299e-19
5.086582313663e-19
4.909673099082e-19
4.852160155890e-19
4.399134144604e-19
4.337724494459e-19
4.033891680244e-19
3.774864058839e-19
3.712793706706e-19
3.621001366449e-19
3.442572998911e-19
3.343257258741e-19
3.278900302664e-19
3.032360621660e-19
3.012271944023e-19
2.994304993341e-19
2.868567840263e-19
2.834898651277e-19
2.708485360974e-19
2.681197102186e-19
2.615002775234e-19
2.547593261812e-19
2.462950808767e-19
2.374114512355e-19
2.329436819960e-19
2.288399526680e-19
2.274589263482e-19
2.147860508930e-19
2.106735750927e-19
2.060591013724e-19
2.020367258130e-19
2.000404779976e-19
1.924208783490e-19
1.873423108697e-19
1.866733148763e-19
1.794564507795e-19
1.773405369825e-19
1.733858993695e-19
1.713521542573e-19
1.666653421154e-19
1.629447269156e-19
1.595576567388e-19
1.572471835499e-19
1.534999152468e-19
1.506100199327e-19
1.469730827413e-19
1.457301633099e-19
1.439005656099e-19
1.379319520384e-19
1.366483708053e-19
1.340606427116e-19
1.325291730009e-19
1.307354470498e-19
1.277274361185e-19
1.269186949495e-19
1.245728207984e-19
1.230278551092e-19
1.182729921278e-19
1.157980474861e-19
1.090824272163e-19
1.063176415233e-19
1.044113241408e-19
1.023064515214e-19
1.013559548909e-19
9.819770638530e-20
9.589507674838e-20
9.536298361118e-20
9.167197772980e-20
8.984124208960e-20
8.810647772064e-20
8.581793014602e-20
8.461230000993e-20
8.319552967420e-20
8.221640270845e-20
8.090768140753e-20
7.990854577433e-20
7.903648580504e-20
7.734509717302e-20
7.502963326016e-20
7.430845255630e-20
7.217338831116e-20
7.184168577422e-20
7.039868289716e-20
6.762348570732e-20
6.521683538593e-20
6.440206822242e-20
6.283554173783e-20
6.191608815653e-20
6.117125430251e-20
5.970216946345e-20
5.862456130684e-20
5.830382082629e-20
5.750594467365e-20
5.654361317867e-20
5.572989137865e-20
5.514900485355e-20
5.370091286371e-20
5.303587915809e-20
5.257477960418e-20
5.183463483386e-20
5.115993114739e-20
5.011039693261e-20
4.835471105430e-20
4.792899618883e-20
4.707185656955e-20
4.640900312734e-20
4.540835956444e-20
4.483916047621e-20
4.455573226217e-20
4.432042537862e-20
4.377031741567e-20
4.176458509835e-20
4.058670913959e-20
3.934885932387e-20
3.882010192039e-20
3.845023866781e-20
3.794229461213e-20
3.646089137872e-20
3.630284661120e-20
3.572185059375e-20
3.551463772240e-20
3.456714764550e-20
3.355301742138e-20
3.306617951523e-20
3.223575415950e-20
3.143145607616e-20
3.131020223007e-20
3.031532343536e-20
2.956739707423e-20
2.904561253914e-20
2.884098172192e-20
2.822169238655e-20
2.786096726907e-20
2.778108679083e-20
2.742948978332e-20
2.670380692489e-20
2.620709882721e-20
2.589801564190e-20
2.539335773490e-20
2.511516034557e-20
2.469070625088e-20
2.435951240401e-20
2.407999694845e-20
2.357912022890e-20
2.328603368218e-20
2.271266572835e-20
2.245384446257e-20
2.158664429562e-20
2.121723900413e-20
2.098256320724e-20
2.065839642848e-20
2.030674940354e-20
2.000831536391e-20
1.976318639917e-20
1.898790717570e-20
1.865037411307e-20
1.858661085443e-20
1.794822182629e-20
1.768565060371e-20
1.733321099747e-20
1.700984960304e-20
1.660684730118e-20
1.623759707841e-20
1.616338976696e-20
1.598301930095e-20
1.572431937864e-20
1.516720608604e-20
1.490115361356e-20
1.468524003029e-20
1.440614151802e-20
1.404712987909e-20
1.392617110053e-20
1.387297921156e-20
1.345801489511e-20
1.337087262042e-20
1.281887911702e-20
1.279380562847e-20
1.259292937523e-20
1.240802153704e-20
1.232658130324e-20
1.221453882176e-20
1.183943641654e-20
1.173096023987e-20
1.147963290109e-20
1.139407363272e-20
1.128067506337e-20
1.118471379596e-20
1.101119689398e-20
1.066549108235e-20
1.061306399685e-20
1.041062845057e-20
1.029748155637e-20
1.008361496765e-20
1.007057061248e-20
9.805361964701e-21
9.728224173919e-21
9.595415651861e-21
9.509269414524e-21
9.452634033895e-21
9.129851706713e-21
8.980955469853e-21
8.680612468054e-21
8.552855807135e-21
8.370919653332e-21
8.258633001705e-21
8.091736522548e-21
8.075651046850e-21
7.975262772634e-21
7.716915935818e-21
7.629314470479e-21
7.515742292773e-21
7.480483997871e-21
7.316126172388e-21
7.199544310928e-21
7.071565302998e-21
6.924407801871e-21
6.827927750557e-21
6.683721982030e-21
6.529437496016e-21
6.372330496206e-21
6.301537426742e-21
6.218670510734e-21
6.123179523648e-21
6.013762313549e-21
5.957595661742e-21
5.829410810472e-21
5.748211247482e-21
5.605911936009e-21
5.476881621582e-21
5.356290990080e-21
5.326664488600e-21
5.226641830122e-21
5.124306501499e-21
5.039487246366e-21
4.972150689540e-21
4.828046883379e-21
4.777478863689e-21
4.696629330782e-21
4.636551299998e-21
4.597339566119e-21
4.506759915909e-21
4.461947955128e-21
4.426003395565e-21
4.383108810434e-21
4.327196086791e-21
4.276672457872e-21
4.273165525244e-21
4.152997341201e-21
4.033677142139e-21
3.990073233782e-21
3.942028420347e-21
3.891352294120e-21
3.818941037215e-21
3.754851558724e-21
3.690691095386e-21
3.626976330490e-21
3.568933452247e-21
3.558881106538e-21
3.499984256096e-21
3.453980551473e-21
3.381295012607e-21
3.297573727690e-21
3.272360273096e-21
3.232353611989e-21
3.216032023962e-21
3.148406228174e-21
3.107645649120e-21
2.948920520113e-21
2.934499533648e-21
2.916161828103e-21
2.868183045314e-21
2.844048602336e-21
2.796664394111e-21
2.756743150742e-21
2.700079165169e-21
2.658710924377e-21
2.602251607836e-21
2.568974529130e-21
2.549029180233e-21
2.476934283665e-21
2.440142545451e-21
2.416162988326e-21
2.367960647304e-21
2.348964169187e-21
2.326777422599e-21
2.219915050092e-21
2.211010824886e-21
2.149603782576e-21
2.135511016075e-21
2.080187638590e-21
2.058215281911e-21
2.047701122282e-21
1.999997733287e-21
1.972591238482e-21
1.919773118807e-21
1.899143291662e-21
1.864140022515e-21
1.858004618642e-21
1.847868685167e-21
1.823718278980e-21
1.800091602431e-21
1.766536544550e-21
1.753999224879e-21
1.729595635519e-21
1.679061317247e-21
1.666279937810e-21
1.649770836788e-21
1.626031292975e-21
1.602407062300e-21
1.581013267733e-21
1.569758147079e-21
1.566835938347e-21
1.537530777480e-21
1.515182827892e-21
1.503038094501e-21
1.485127443611e-21
1.475229296974e-21
1.452292174712e-21
1.421756115931e-21
1.413990220753e-21
1.364779762436e-21
1.352491189102e-21
1.345568735791e-21
1.277595054853e-21
1.256403687556e-21
1.250658315441e-21
1.209681137617e-21
1.200940227272e-21
1.187802357100e-21
1.148953996451e-21
1.143527505129e-21
1.122257314590e-21
1.095066176406e-21
1.083812707719e-21
1.073295183578e-21
1.035364844171e-21
1.017395929976e-21
1.011034441446e-21
1.004554020965e-21
9.915533091787e-22
9.800216127171e-22
9.626342662062e-22
9.555516765320e-22
9.444392662199e-22
9.271403554409e-22
9.165271205705e-22
8.874533239655e-22
8.749277187151e-22
8.639312875170e-22
8.540271502452e-22
8.319781096901e-22
8.290161940398e-22
8.060928785070e-22
7.937821861262e-22
7.811879794485e-22
7.754411354378e-22
7.606361417725e-22
7.512650518955e-22
7.386037607899e-22
7.362419884651e-22
7.109768954170e-22
7.056389492551e-22
6.936557285448e-22
6.763035911753e-22
6.710725355759e-22
6.465382363926e-22
6.293196764887e-22
6.159706038994e-22
6.081215858302e-22
5.862030064147e-22
5.813485897928e-22
5.700888430764e-22
5.652177716812e-22
5.564894940166e-22
5.505930728622e-22
5.332809626992e-22
5.240700103278e-22
5.121565554246e-22
5.079934409330e-22
5.059775139030e-22
4.956031576593e-22
4.819083808900e-22
4.786825510687e-22
4.692798768967e-22
4.658594685112e-22
4.557299177901e-22
4.512160487637e-22
4.471785166106e-22
4.291830055942e-22
4.275759653896e-22
4.206830194365e-22
4.179269960951e-22
4.119344803094e-22
3.986764268793e-22
3.922614285705e-22
3.807155598801e-22
3.783992993347e-22
3.672797481153e-22
3.544049418123e-22
3.518190515080e-22
3.395268952070e-22
3.366200996669e-22
3.322940082156e-22
3.262988560437e-22
3.251726607168e-22
3.130293710581e-22
3.093531030406e-22
3.063650177604e-22
2.919121211221e-22
2.866606466413e-22
2.805327505993e-22
2.766421288842e-22
2.742214838243e-22
2.709886249001e-22
2.659087871966e-22
2.587670295929e-22
2.536521369032e-22
2.515748124113e-22
2.479282291759e-22
2.431491903472e-22
2.354545573091e-22
2.307978308200e-22
2.239040219271e-22
2.231663888688e-22
2.195616953137e-22
2.147145659675e-22
2.086029288810e-22
2.075372783037e-22
1.984003769302e-22
1.867719520269e-22
1.840527086808e-22
1.792421807099e-22
1.768204965829e-22
1.750823384113e-22
1.683533818444e-22
1.559459305715e-22
1.538990442923e-22
1.513317603051e-22
1.484332390974e-22
1.449162720074e-22
1.412377287573e-22
1.349961227922e-22
1.328728175379e-22
1.300596265532e-22
1.294639379501e-22
1.254173926251e-22
1.235513859474e-22
1.208982203549e-22
1.195204949168e-22
1.174547222761e-22
1.146047584698e-22
1.083094246501e-22
1.072057107746e-22
1.029231404028e-22
1.003203633985e-22
9.576799741593e-23
9.277204467442e-23
9.030210677113e-23
8.718238526512e-23
8.498958440155e-23
8.387276959305e-23
7.688576174170e-23
7.313106204051e-23
7.155553810114e-23
7.018632981994e-23
6.949578097482e-23
6.728943539066e-23
6.377034805230e-23
6.179934008043e-23
5.897733286149e-23
5.802546354147e-23
5.505792995433e-23
5.399868892846e-23
5.259616623866e-23
4.995176420893e-23
4.927417674517e-23
4.794892638790e-23
4.560399638773e-23
4.242696692057e-23
4.165531916428e-23
3.963700877143e-23
3.838522639623e-23
3.739178237947e-23
3.449166202471e-23
3.289951166019e-23
3.207129727862e-23
3.043608355736e-23
2.840520702873e-23
2.734172372903e-23
2.672918183866e-23
2.524473347581e-23
2.436871979281e-23
2.402036596755e-23
2.279038920640e-23
2.217184212313e-23
2.100617938697e-23
2.004769150101e-23
1.920621415287e-23
1.751711403911e-23
1.696578823180e-23
1.633209936051e-23
1.572405137248e-23
1.547758246066e-23
1.513350248768e-23
1.485031068887e-23
1.364760616014e-23
1.273648621109e-23
1.252163512814e-23
1.219016358140e-23
1.178257378862e-23
1.135986859713e-23
1.079526753541e-23
1.051321130150e-23
9.947679984282e-24
9.731426426849e-24
8.981554179083e-24
8.970342386127e-24
8.590297807368e-24
8.518456944900e-24
7.822980181289e-24
7.267631947852e-24
7.190002674406e-24
6.815127080732e-24
6.305468473411e-24
6.042220251282e-24
5.690995961344e-24
5.453905754010e-24
5.399742901195e-24
5.217818123647e-24
4.772086835878e-24
4.577650329290e-24
4.395244334603e-24
4.217777187735e-24
3.937288862372e-24
3.893281106583e-24
3.355125364909e-24
3.195024821522e-24
3.061622700297e-24
2.905058451763e-24
2.847969415714e-24
2.597287856675e-24
2.272045173898e-24
2.178490660077e-24
2.060559037269e-24
1.850622872178e-24
1.577038628531e-24
1.305121259013e-24
1.134668996429e-24
1.122027714177e-24
1.105838828344e-24
1.020851916694e-24
9.946556119749e-25
9.146450012654e-25
8.338773298387e-25
7.048080187654e-25
6.624063556984e-25
5.841951250630e-25
5.785137869073e-25
5.251572455619e-25
4.788103287297e-25
3.902612276041e-25
3.596562362776e-25
3.029846083730e-25
2.795491133827e-25
2.415842171061e-25
1.884445927176e-25
1.878834698784e-25
1.631475209493e-25
1.546724531599e-25
1.386416128432e-25
1.327961299317e-25
1.056674116456e-25
8.306418180557e-26
8.015070420380e-26
6.236243452857e-26
5.503447417726e-26
4.764060525746e-26
3.856898588001e-26
3.451129519598e-26
2.744508915385e-26
2.326809311440e-26
1.657054478002e-26
1.253771252338e-26
9.962154335709e-27
8.608480444632e-27
6.063585654971e-27
4.224831483291e-27
2.561621720655e-27
2.103466611064e-27
1.553683066669e-27
8.161617001854e-28
7.753461432492e-28
4.216315093412e-28
2.474803606920e-28
5.349984180818e-33
2.949251442149e-33
2.922225736135e-33
2.619275862556e-33
1.866838104134e-33
1.290949335663e-33
1.211134267756e-33
1.183351058867e-33
9.157177898196e-34
7.763182131080e-34
6.290963206760e-34
5.679427620443e-34
5.365812381668e-34
4.588072534364e-34
4.170613679774e-34
4.022587423133e-34
3.327697523559e-34
3.136893960468e-34
2.429046914227e-34
2.341488875931e-34
1.934411313666e-34
1.562787901694e-34
1.398732905741e-34
1.211906014284e-34
1.075520598410e-34
8.565655435807e-35
8.032126874598e-35
7.633765714797e-35
6.799162380329e-35
6.325748533704e-35
5.692497824416e-35
5.365145587834e-35
5.061953486100e-35
4.532826903567e-35
4.398272730484e-35
4.183705065621e-35
3.978379433304e-35
3.766414377740e-35
3.621194208280e-35
3.436108028004e-35
3.274374378379e-35
3.134963097778e-35
3.038753319773e-35
2.964468319881e-35
2.717642068353e-35
2.631021201158e-35
2.443818676434e-35
2.365250026104e-35
2.306230085470e-35
2.212424929437e-35
2.092094833619e-35
2.008688910321e-35
1.850305709861e-35
1.799306225664e-35
1.731865136123e-35
1.543065021139e-35
1.459981137210e-35
1.418854039664e-35
1.389941035849e-35
1.315716636204e-35
1.217774778355e-35
1.181741577811e-35
1.149466995037e-35
1.071234028398e-35
1.032921666523e-35
9.749360079268e-36
9.380766869573e-36
8.999273359902e-36
8.649248353359e-36
8.208729630218e-36
7.913060988464e-36
7.593395801768e-36
7.264330489163e-36
7.177770168328e-36
6.710528196605e-36
6.276012204339e-36
6.238923188586e-36
6.186459757987e-36
5.931166902195e-36
5.752543223654e-36
5.588284141247e-36
5.110848204600e-36
4.947956991077e-36
4.608152620368e-36
4.453857677658e-36
4.249275264905e-36
4.140385873065e-36
3.975167729150e-36
3.748693778029e-36
3.578910335525e-36
3.420926502180e-36
3.403622073445e-36
3.134787371734e-36
3.044942816628e-36
2.959091942680e-36
2.825675023082e-36
2.748970286446e-36
2.703124171974e-36
2.562885454980e-36
2.480320245684e-36
2.340108178736e-36
2.239702307222e-36
2.160146458633e-36
2.139891423837e-36
1.886150706493e-36
1.855204318552e-36
1.794532426309e-36
1.772377115454e-36
1.717689626243e-36
1.598877006650e-36
1.523091632353e-36
1.461290960526e-36
1.410475011548e-36
1.328472793905e-36
1.289059523337e-36
1.236777190297e-36
1.203176664209e-36
1.162567588884e-36
1.111031019195e-36
1.072788571228e-36
1.042909327923e-36
1.000237038433e-36
9.822219162097e-37
9.505037863457e-37
9.429836442839e-37
8.928923362731e-37
8.849987822171e-37
8.486960487530e-37
8.339931267264e-37
7.672549438680e-37
7.262647288936e-37
6.770853596723e-37
6.558889554831e-37
6.368560853279e-37
6.042093347896e-37
5.973189983196e-37
5.851165851302e-37
5.630503675264e-37
5.357963047861e-37
5.285599770178e-37
4.995776048197e-37
4.939946562019e-37
4.787385812532e-37
4.630173513001e-37
4.338289687386e-37
4.305162510002e-37
4.097846224640e-37
3.975233032261e-37
3.877863344112e-37
3.798771586406e-37
3.750629490500e-37
3.427117070293e-37
3.346782567023e-37
3.311237701205e-37
3.268230828226e-37
3.205608878766e-37
3.128750764785e-37
2.956444783134e-37
2.853480721073e-37
2.734207899835e-37
2.708237028173e-37
2.545367894171e-37
2.446957907054e-37
2.437271712239e-37
2.393585419334e-37
2.275026539407e-37
2.265807663738e-37
2.123939323320e-37
2.069318515876e-37
1.959354550614e-37
1.944807788164e-37
1.800106534642e-37
1.761203530740e-37
1.741029395250e-37
1.697722873484e-37
1.689823466231e-37
1.575968975137e-37
1.534048600877e-37
1.529326123695e-37
1.482143602080e-37
1.396206119694e-37
1.369828841754e-37
1.358101769567e-37
1.340127436454e-37
1.269910294367e-37
1.256174583631e-37
1.186363071616e-37
1.125535691161e-37
1.094865144636e-37
1.046928972484e-37
1.020630914927e-37
9.529940905318e-38
9.127960846023e-38
9.090508722601e-38
8.626440081098e-38
8.496103901172e-38
8.250875946494e-38
7.881618375754e-38
7.414037231045e-38
7.099520404014e-38
6.856531016481e-38
6.688880821744e-38
6.379501063531e-38
6.104103154488e-38
5.913653780325e-38
5.586125990114e-38
5.435219414329e-38
5.197760848576e-38
5.084746571543e-38
4.895757706788e-38
4.662418781480e-38
4.575389255185e-38
4.339488408290e-38
4.297699466147e-38
4.122827742067e-38
3.857927316367e-38
3.651120374009e-38
3.611265849191e-38
3.365935485011e-38
3.208569915167e-38
3.174627970710e-38
3.157652245146e-38
3.006814051137e-38
2.801701691792e-38
2.695339620951e-38
2.650560776074e-38
2.344183577424e-38
2.275876319543e-38
2.166418243080e-38
2.053015505779e-38
1.976253761421e-38
1.863335770138e-38
1.722753830305e-38
1.691391962404e-38
1.651895303734e-38
1.513376194844e-38
1.399018412288e-38
1.383885749920e-38
1.293140221874e-38
1.248776120280e-38
1.174086464258e-38
1.070212884871e-38
9.972310825726e-39
9.727675048072e-39
9.270586346964e-39
8.939298325157e-39
8.102478412313e-39
7.734848508219e-39
7.417484663305e-39
6.705454623064e-39
6.495439145999e-39
6.361148042682e-39
5.960361897315e-39
5.861755670349e-39
5.462932265828e-39
5.295280259210e-39
4.881886548510e-39
4.835572965535e-39
4.615408143747e-39
4.343663753806e-39
3.840949469469e-39
3.590788680560e-39
3.424711848414e-39
3.042601811875e-39
2.992670229139e-39
2.861584752814e-39
2.773486342338e-39
2.500212223520e-39
2.452758358317e-39
2.221170271310e-39
2.142162840340e-39
2.028433708825e-39
1.845467003411e-39
1.732297072130e-39
1.677137228974e-39
1.499131499580e-39
1.353172346927e-39
1.256653378268e-39
1.149772801955e-39
1.107293525529e-39
9.688128492905e-40
9.202151142826e-40
8.916144135178e-40
8.466267903949e-40
7.817558519075e-40
7.037565038240e-40
6.444917149871e-40
5.966208361151e-40
5.813226701799e-40
5.585098350044e-40
5.457227334688e-40
5.204521734432e-40
4.699268237881e-40
4.489510101854e-40
4.272350123110e-40
4.002061267400e-40
3.649590857385e-40
3.291430736380e-40
3.180255820982e-40
2.850247360978e-40
2.688428506337e-40
2.368376695589e-40
2.237620185532e-40
2.193371325006e-40
1.972194336490e-40
1.887117984738e-40
1.804938898211e-40
1.691391847212e-40
1.644258034868e-40
1.490162740130e-40
1.475209182328e-40
1.409330885850e-40
1.236580699688e-40
1.146924103024e-40
1.080249127589e-40
1.061022378223e-40
9.674840807533e-41
8.468646892003e-41
7.638756945422e-41
7.363520029512e-41
7.100646089948e-41
6.499215644649e-41
6.401440281217e-41
6.054253512953e-41
4.476300600851e-41
4.285199490482e-41
3.668382802527e-41
3.461310334044e-41
3.253502656046e-41
3.144505758593e-41
2.822471973013e-41
2.621887905208e-41
2.378703009527e-41
1.873599137808e-41
1.423397626033e-41
1.275354569997e-41
1.170784924703e-41
1.041663411692e-41
9.841911617846e-42
9.220692076022e-42
7.126797314864e-42
6.337844551442e-42
5.306984351329e-42
4.791154170816e-42
3.928060736488e-42
2.417982307708e-42
2.293721836697e-42
1.841795671545e-42
1.743139942043e-42
1.623866797122e-42
1.227406723282e-42
9.565355718149e-43
9.437351199951e-43
8.883373089881e-43
7.729668245214e-43
6.978527684230e-43
5.577631125091e-43
4.394055782920e-43
4.052729365335e-43
3.411481469475e-43
3.226091222672e-43
2.917167061506e-43
2.507180180024e-43
2.206739092299e-43
2.046787198966e-43
1.840538073808e-43
1.792773423629e-43
1.537300421823e-43
1.449804894847e-43
1.363568124519e-43
1.241852243869e-43
1.129837523650e-43
1.052755687539e-43
9.597069197705e-44
6.994675318813e-44
6.701277582859e-44
6.406007543747e-44
5.703249907649e-44
4.896899355636e-44
4.228877573009e-44
3.626347319957e-44
2.975719628906e-44
2.391863761237e-44
2.141289690565e-44
1.863108585394e-44
1.723221689317e-44
1.686437630171e-44
1.602035198447e-44
1.510836547211e-44
1.333864239572e-44
1.320286810616e-44
1.117095428095e-44
9.394620947013e-45
9.070325359310e-45
8.671349654907e-45
7.107517172560e-45
6.744510666538e-45
6.514971474428e-45
5.926153989301e-45
5.579315680660e-45
4.746218357603e-45
4.364787332719e-45
4.161150895780e-45
4.053318903553e-45
3.723640855239e-45
3.169358291057e-45
3.098728027942e-45
2.978442953444e-45
2.699325474922e-45
2.611586358300e-45
2.541924558466e-45
2.473908545769e-45
2.358898526416e-45
2.273309991934e-45
2.181344121753e-45
2.043127794100e-45
1.841758959327e-45
1.771764923991e-45
1.732760359382e-45
1.653285088766e-45
1.601913086763e-45
1.499333473165e-45
1.475423282248e-45
1.421016571682e-45
1.372320328483e-45
1.230309974893e-45
1.201284138291e-45
1.176533314582e-45
1.141062892410e-45
1.101307367082e-45
1.037053612249e-45
9.662726316394e-46
8.968914299991e-46
8.752495271415e-46
8.562665736760e-46
7.884412570984e-46
7.575619253711e-46
7.051253229691e-46
6.778901675591e-46
6.663811267428e-46
6.191597267178e-46
5.738727577129e-46
5.626339043687e-46
5.246465213750e-46
5.144863050360e-46
4.855298621132e-46
4.674160179031e-46
4.320473796845e-46
4.232443163050e-46
4.027999279759e-46
3.887787465623e-46
3.666316992467e-46
3.458513385527e-46
3.414251193263e-46
3.242096822069e-46
3.094803533392e-46
3.031237916580e-46
2.789443517494e-46
2.703171642805e-46
2.623963133536e-46
2.601122206095e-46
2.409279699313e-46
2.272981552836e-46
2.264553925265e-46
2.234559225744e-46
2.056940436352e-46
1.957580102806e-46
1.906462669831e-46
1.856620286562e-46
1.758457849603e-46
1.675861764667e-46
1.631479738469e-46
1.581948509124e-46
1.480998705376e-46
1.478220614438e-46
1.457136855817e-46
1.364819132387e-46
1.318724927173e-46
1.289370872215e-46
1.247154069063e-46
1.195875474608e-46
1.150237012683e-46
1.109655923053e-46
1.077266282542e-46
1.045935371357e-46
1.009872152992e-46
9.342529737487e-47
9.045407920298e-47
8.843658020009e-47
8.516949521055e-47
8.102248200235e-47
7.673674617824e-47
7.350368399451e-47
7.248582833993e-47
7.071522265753e-47
6.714421640431e-47
6.352822146143e-47
6.196474047399e-47
5.947516574053e-47
5.776822261918e-47
5.336153500787e-47
5.242807274546e-47
4.946803458836e-47
4.806824542515e-47
4.690702506224e-47
4.598428038092e-47
4.410195762554e-47
4.142699888439e-47
4.020812186585e-47
3.879741200120e-47
3.642888744536e-47
3.581505814560e-47
3.340311426395e-47
3.294626339927e-47
3.082851100219e-47
2.970568860990e-47
2.886589455026e-47
2.765876725248e-47
2.659262019245e-47
2.439473528060e-47
2.378650765496e-47
2.306620663079e-47
2.191982761626e-47
2.134646433793e-47
2.061698571139e-47
1.991154727783e-47
1.937265379846e-47
1.875727691245e-47
1.863996071408e-47
1.699119704819e-47
1.619556863346e-47
1.583833018057e-47
1.524345904964e-47
1.450314313534e-47
1.366908315574e-47
1.323665075051e-47
1.215882358764e-47
1.175513358848e-47
1.155668451956e-47
1.117717653484e-47
1.087827206159e-47
1.036930806451e-47
9.700710057361e-48
9.567392326166e-48
9.164037823567e-48
8.744502446889e-48
8.418553620125e-48
7.977035959601e-48
7.500678066857e-48
7.144773927266e-48
6.986230264618e-48
6.456373503638e-48
6.124448072512e-48
5.782303321909e-48
5.718111491772e-48
5.175767719809e-48
4.767136576566e-48
4.720948310343e-48
4.385817069184e-48
4.254187524964e-48
4.046350276409e-48
3.884643483655e-48
3.605748087378e-48
3.290607023728e-48
3.050584566767e-48
2.892431788797e-48
2.780999994351e-48
2.586458361758e-48
2.447311194231e-48
2.374381919147e-48
2.303221676314e-48
2.047466272690e-48
1.875626397050e-48
1.704487697213e-48
1.538298436820e-48
1.408962294861e-48
1.241731752272e-48
1.154088428650e-48
1.001658356477e-48
9.911817229754e-49
9.365749528951e-49
7.974510813481e-49
7.349567589945e-49
6.045738963743e-49
4.789880789985e-49
4.539228148729e-49
4.144497217117e-49
3.739349158645e-49
3.199389387804e-49
2.956864767205e-49
2.501761434049e-49
2.088552805510e-49
1.752588788629e-49
9.858412864787e-50
8.728106930272e-50
3.724562359612e-50
2.154388332274e-50
