#lambda_0=1.021437419670e+00
1.000000000000e+00
1.314166931922e-01
1.314166931922e-01
4.298081641343e-02
4.298081641343e-02
3.282979680942e-02
3.282979680942e-02
3.268728537294e-02
3.268728537294e-02
2.200464832622e-02
2.200464832622e-02
1.727034724956e-02
5.648396763752e-03
5.648396763752e-03
4.314383334865e-03
4.314383334865e-03
4.295654953141e-03
4.295654953141e-03
2.891778117888e-03
2.891778117888e-03
1.847350579565e-03
1.411051469556e-03
1.411051469556e-03
1.404926211668e-03
1.404926211668e-03
1.077795558548e-03
1.073116937045e-03
1.073116937045e-03
1.068458625052e-03
9.457777499513e-04
9.457777499513e-04
7.224081334126e-04
7.224081334126e-04
7.192722193704e-04
7.192722193704e-04
4.842045479606e-04
5.248800318474e-17
3.910760093244e-17
3.820898045692e-17
3.224798712828e-17
3.086500342068e-17
3.033923795555e-17
2.572262040360e-17
1.982048929327e-17
1.914840299070e-17
1.905017743387e-17
1.844202059969e-17
1.776276788766e-17
1.611860692447e-17
1.505868157932e-17
1.435464630662e-17
1.396921101082e-17
1.229090623456e-17
1.195947060169e-17
1.136771926836e-17
1.070253965948e-17
9.944365769401e-18
8.893767897410e-18
8.747296310414e-18
7.877021561994e-18
7.290114611508e-18
6.146138752364e-18
5.661443858104e-18
5.321358537574e-18
5.078730334679e-18
5.045435091724e-18
4.600295287551e-18
4.004801536354e-18
3.974251015657e-18
3.427200345479e-18
3.097580840664e-18
2.829056781280e-18
2.638715767237e-18
2.490229844785e-18
2.110177473433e-18
1.802928606918e-18
1.735445044769e-18
1.440528165384e-18
1.310110022082e-18
1.296846625023e-18
1.268191876994e-18
1.255531961138e-18
1.096104290678e-18
1.059641429922e-18
9.961954071773e-19
9.859071362309e-19
9.344188275889e-19
8.754053589285e-19
8.539291742258e-19
8.379917761696e-19
7.922213827909e-19
7.619225733777e-19
7.217359608386e-19
6.745579717642e-19
6.296093642288e-19
5.824978398097e-19
5.689259178845e-19
5.255630061885e-19
5.036390970436e-19
4.729051354252e-19
4.569336515644e-19
4.387778785508e-19
4.124409542524e-19
3.977148563876e-19
3.933020109501e-19
3.707778644318e-19
3.579365318481e-19
3.489017845931e-19
3.293152202518e-19
3.098422739254e-19
2.981914638063e-19
2.792823113097e-19
2.726107724464e-19
2.611885430712e-19
2.502794537953e-19
2.348948960149e-19
2.290994499072e-19
2.252733724342e-19
2.164140275057e-19
2.147600079839e-19
1.962979467110e-19
1.840672407011e-19
1.733328687043e-19
1.640924506076e-19
1.591679963722e-19
1.540943605903e-19
1.507060130221e-19
1.449812662161e-19
1.375403868599e-19
1.356248497882e-19
1.330442348814e-19
1.286495678101e-19
1.259908905782e-19
1.231320585161e-19
1.182036278905e-19
1.140185895831e-19
1.104717823927e-19
1.069910627581e-19
1.045911947981e-19
1.000802058340e-19
9.829792298147e-20
9.512097917345e-20
9.436873341805e-20
8.924734435518e-20
8.776219890564e-20
8.726576822580e-20
8.542024276383e-20
8.154024340688e-20
8.073151396279e-20
7.919499116647e-20
7.675723934477e-20
7.505700082159e-20
7.379978505204e-20
7.011769863662e-20
6.945354731730e-20
6.787373493228e-20
6.643625784661e-20
6.434054868843e-20
6.217149326026e-20
6.133422799686e-20
5.869831481677e-20
5.862576077674e-20
5.725286063487e-20
5.630424160753e-20
5.458743718890e-20
5.314888505901e-20
5.145437095287e-20
5.049473376971e-20
4.823440054740e-20
4.713897009957e-20
4.639382889813e-20
4.490796515324e-20
4.356450610317e-20
4.321497179165e-20
4.133688739098e-20
3.971291869862e-20
3.900387230497e-20
3.797169677325e-20
3.703097911138e-20
3.558045853597e-20
3.491204198024e-20
3.426246757282e-20
3.350375839881e-20
3.338293199456e-20
3.248398455257e-20
3.172982328321e-20
3.115699372234e-20
2.964660919585e-20
2.955196970807e-20
2.898701501135e-20
2.829617134492e-20
2.722157692214e-20
2.697448053331e-20
2.647645728157e-20
2.610661119687e-20
2.498279286368e-20
2.390839908928e-20
2.377158345814e-20
2.346178158990e-20
2.302691008029e-20
2.251806320933e-20
2.164413859928e-20
2.040173415615e-20
2.016005010588e-20
2.003074424869e-20
1.988576469432e-20
1.946484273309e-20
1.923276462357e-20
1.889809908147e-20
1.831363359300e-20
1.815102809011e-20
1.758451877124e-20
1.739632690670e-20
1.663560536424e-20
1.612976192902e-20
1.606696160604e-20
1.549654275602e-20
1.544811393789e-20
1.491049532038e-20
1.477036239702e-20
1.419198178054e-20
1.409676999104e-20
1.404517476030e-20
1.388926363383e-20
1.366725762571e-20
1.315927355946e-20
1.277579954360e-20
1.247589625951e-20
1.229318855291e-20
1.201417116317e-20
1.171726071582e-20
1.147398061349e-20
1.142556004714e-20
1.117548968582e-20
1.106293032143e-20
1.074097087442e-20
1.058247421711e-20
1.048808726218e-20
1.036762350246e-20
9.978562390113e-21
9.748420236932e-21
9.588413964413e-21
9.381385758469e-21
9.276247739501e-21
9.116693827087e-21
8.730329485593e-21
8.641909709288e-21
8.511923851114e-21
8.275399361330e-21
8.123718275841e-21
8.075940374002e-21
7.972271307882e-21
7.790949709489e-21
7.621227012236e-21
7.448172285468e-21
7.235675580281e-21
7.124875688870e-21
6.952504237640e-21
6.917682709755e-21
6.754133737984e-21
6.732639559500e-21
6.639389234723e-21
6.509202375831e-21
6.297106737495e-21
6.140125665846e-21
6.056065198355e-21
5.972234138927e-21
5.951072555808e-21
5.828659960548e-21
5.755302598599e-21
5.558913980528e-21
5.514594709693e-21
5.502295637200e-21
5.320759746831e-21
5.204151445687e-21
5.136062896613e-21
4.957531398384e-21
4.921906144662e-21
4.867894735621e-21
4.764230083408e-21
4.571257785955e-21
4.479351806552e-21
4.429709640690e-21
4.318472585232e-21
4.298438133112e-21
4.276471401322e-21
4.178143561376e-21
4.146969206233e-21
4.047459677425e-21
3.989062259931e-21
3.939683475988e-21
3.862092420609e-21
3.850359542180e-21
3.782549912647e-21
3.715271532418e-21
3.626825454312e-21
3.535099024190e-21
3.442912859099e-21
3.398327688691e-21
3.366247768718e-21
3.261453866453e-21
3.199254822683e-21
3.162530808918e-21
3.110264587061e-21
3.074297672034e-21
2.991065700932e-21
2.934315402228e-21
2.906878279538e-21
2.890317122792e-21
2.808716931904e-21
2.743956317644e-21
2.709517320390e-21
2.708698179167e-21
2.663414192384e-21
2.621522191408e-21
2.565937656512e-21
2.518261307320e-21
2.443431359246e-21
2.415029190468e-21
2.395093215629e-21
2.354978496713e-21
2.281694223815e-21
2.243685026454e-21
2.213472492980e-21
2.175201298710e-21
2.074941348556e-21
2.066299247090e-21
2.045210291179e-21
1.991567018919e-21
1.987513752596e-21
1.975464945112e-21
1.943160591471e-21
1.923651040148e-21
1.910527807481e-21
1.866865803484e-21
1.845951085199e-21
1.804764249624e-21
1.757016085400e-21
1.742804925505e-21
1.734420056356e-21
1.719171642918e-21
1.699429353932e-21
1.679869997339e-21
1.637993592791e-21
1.610103459238e-21
1.587154486613e-21
1.562515006130e-21
1.531121058288e-21
1.512625445999e-21
1.481168320182e-21
1.465173814006e-21
1.443141890346e-21
1.419757928213e-21
1.410745816921e-21
1.380769454789e-21
1.352376249750e-21
1.341347405555e-21
1.307464712967e-21
1.287897574953e-21
1.266506345559e-21
1.248871469146e-21
1.218187826960e-21
1.164670910192e-21
1.142817700456e-21
1.127488692052e-21
1.112924436718e-21
1.082548326582e-21
1.043497875696e-21
1.030217309735e-21
1.015152631287e-21
9.969414395518e-22
9.740357928462e-22
9.636853191780e-22
9.496559709164e-22
9.223905416577e-22
9.117015740597e-22
8.973326462092e-22
8.890797003817e-22
8.842620023911e-22
8.504484768005e-22
8.422717952993e-22
8.230741705114e-22
8.188473341579e-22
8.104379275411e-22
8.017128796672e-22
7.956529463417e-22
7.869789108992e-22
7.678533926619e-22
7.656757409762e-22
7.472396837098e-22
7.300290496834e-22
7.258215481311e-22
7.214278607237e-22
7.008498926467e-22
6.941322963815e-22
6.880083402992e-22
6.787192787836e-22
6.720166565786e-22
6.665420224500e-22
6.491201939660e-22
6.281802121378e-22
6.201617931841e-22
6.048733165341e-22
5.873080392951e-22
5.726156460826e-22
5.657072846855e-22
5.625276147231e-22
5.523793984908e-22
5.473897010662e-22
5.441192791751e-22
5.391030363740e-22
5.342855785281e-22
5.265439695793e-22
5.189906727427e-22
5.115966830046e-22
5.028325302888e-22
4.949132440728e-22
4.912679523082e-22
4.870949959174e-22
4.753079396895e-22
4.720618309390e-22
4.539492749923e-22
4.304669581974e-22
4.264229279086e-22
4.227048362199e-22
4.181987426253e-22
4.092192906887e-22
4.036308325152e-22
3.997806833199e-22
3.944808813090e-22
3.854976738921e-22
3.800956494563e-22
3.677937579655e-22
3.579808083208e-22
3.565680979310e-22
3.517032058503e-22
3.449264863978e-22
3.395732243426e-22
3.334481743412e-22
3.247896037321e-22
3.210075964124e-22
3.141124956261e-22
3.058774801275e-22
2.998935009118e-22
2.968254657300e-22
2.934369289214e-22
2.822027987416e-22
2.775070347376e-22
2.740913098955e-22
2.725214145016e-22
2.644720689721e-22
2.591972567708e-22
2.572759121735e-22
2.514037724430e-22
2.457098029444e-22
2.415920439308e-22
2.391363106359e-22
2.385326816637e-22
2.328119169045e-22
2.272920745390e-22
2.247527869414e-22
2.222633592340e-22
2.190264011800e-22
2.143608840882e-22
2.123569445672e-22
2.117193496651e-22
2.056934307099e-22
2.038873126581e-22
2.019783383651e-22
1.980386862939e-22
1.891110520090e-22
1.846241910711e-22
1.800346919745e-22
1.777466734148e-22
1.763328198357e-22
1.716718648128e-22
1.706159161787e-22
1.687323456043e-22
1.653686856303e-22
1.634997421830e-22
1.585353528189e-22
1.549916224663e-22
1.521231802085e-22
1.500164921754e-22
1.454492133807e-22
1.440067964566e-22
1.403918745907e-22
1.380496651683e-22
1.379193887609e-22
1.346219258603e-22
1.310963291226e-22
1.302386965388e-22
1.288962522502e-22
1.274203786487e-22
1.261816301403e-22
1.211181189521e-22
1.186091907462e-22
1.141213141449e-22
1.125920296346e-22
1.116430278910e-22
1.096667460605e-22
1.071925134643e-22
1.042431275290e-22
1.011576306074e-22
9.978605462094e-23
9.949370963290e-23
9.658811209025e-23
9.459670018652e-23
9.395325572388e-23
9.174873715619e-23
8.950385706558e-23
8.784431110175e-23
8.734388016680e-23
8.493981419390e-23
8.348274456117e-23
7.887009934571e-23
7.823616176443e-23
7.723963945537e-23
7.451528431078e-23
7.251808357613e-23
7.248591057897e-23
7.090634266342e-23
6.846730881817e-23
6.828945561515e-23
6.456738921632e-23
6.373869949560e-23
6.274318463371e-23
6.172660027336e-23
6.034223872299e-23
5.961699815719e-23
5.906927317796e-23
5.796026008521e-23
5.580906025245e-23
5.444434666818e-23
5.286857932786e-23
5.228289014112e-23
5.199837716791e-23
5.129065971252e-23
4.985802183067e-23
4.920224025444e-23
4.774409011926e-23
4.730346217132e-23
4.569549681233e-23
4.447516103934e-23
4.332948551021e-23
4.224214811124e-23
4.098349251823e-23
3.964527612953e-23
3.924769783603e-23
3.904330674385e-23
3.771488628633e-23
3.649497069533e-23
3.554065302892e-23
3.482673950090e-23
3.413306701437e-23
3.354402175083e-23
3.301716923336e-23
3.201127220023e-23
3.163252396683e-23
3.062697960087e-23
2.948083558631e-23
2.844245037644e-23
2.672637791123e-23
2.607862193358e-23
2.574303217484e-23
2.538096494110e-23
2.378237801104e-23
2.317445257366e-23
2.255761455569e-23
2.221731749666e-23
2.124550304507e-23
2.104216918708e-23
2.083325636099e-23
2.048964077140e-23
2.010465291958e-23
1.935644632366e-23
1.878850685152e-23
1.740077059261e-23
1.710386320282e-23
1.685922118486e-23
1.589032043239e-23
1.564571086522e-23
1.521046242144e-23
1.485808693511e-23
1.460848611871e-23
1.392614507468e-23
1.346680748349e-23
1.302685631923e-23
1.245447120149e-23
1.217085635139e-23
1.196446654513e-23
1.152464973808e-23
1.123890818089e-23
1.110084421468e-23
1.080841279449e-23
1.024374017171e-23
1.018106363574e-23
1.013767350772e-23
9.778384947298e-24
9.447369717230e-24
9.117715285679e-24
9.030231839090e-24
8.763607496764e-24
8.569915438174e-24
8.385690319873e-24
7.956409699828e-24
7.723739139423e-24
7.328562080355e-24
7.241593895647e-24
7.094127444944e-24
6.799723895563e-24
6.520149104574e-24
6.196094193289e-24
6.104940287858e-24
5.919915574695e-24
5.631696664313e-24
5.505862769682e-24
5.441085592369e-24
5.113762136450e-24
4.782425802604e-24
4.705341078509e-24
4.614298074340e-24
4.384581976716e-24
4.343379046989e-24
4.061553577615e-24
3.992650376646e-24
3.698323131874e-24
3.546781545668e-24
3.491804611483e-24
3.267560679009e-24
3.152733615512e-24
3.099183929698e-24
3.048827125732e-24
2.941203753653e-24
2.835113662254e-24
2.754015576594e-24
2.563260402614e-24
2.432567560533e-24
2.408906735517e-24
2.263331571177e-24
2.219430310294e-24
2.082933423100e-24
2.001365409025e-24
1.881972595613e-24
1.760920127967e-24
1.724912245670e-24
1.627331994683e-24
1.518854246012e-24
1.485934738083e-24
1.459991287540e-24
1.377983940163e-24
1.282169498337e-24
1.216699245794e-24
1.173052928662e-24
1.148064587985e-24
1.096379937156e-24
1.079079253483e-24
1.001151501414e-24
9.563373290425e-25
8.196401225242e-25
8.016639973977e-25
6.709123599019e-25
6.327898837049e-25
6.050459372802e-25
5.692265311253e-25
4.910341482544e-25
4.589659009768e-25
4.218449552184e-25
4.050070733646e-25
3.653674815048e-25
3.500636005966e-25
3.159124866368e-25
2.937857447702e-25
2.765150389575e-25
2.365551269487e-25
2.227273878061e-25
1.871282409724e-25
1.828838883734e-25
1.493584356983e-25
1.369761688279e-25
1.188294721421e-25
1.126345157525e-25
1.026615849754e-25
8.275930459299e-26
6.917039939991e-26
6.503090024735e-26
5.333737177878e-26
4.271051771345e-26
4.082829318018e-26
2.867580591741e-26
2.479628200079e-26
1.718640472245e-26
1.014941931383e-26
7.112948453207e-27
4.903426896231e-27
4.030523123382e-27
3.151566899112e-27
1.548179373590e-27
5.115131385964e-28
1.226797913051e-31
6.414449933142e-32
5.904663411170e-32
4.778525393892e-32
4.512034823354e-32
4.270286117426e-32
4.053868087034e-32
3.491925146201e-32
3.161485333619e-32
2.598254191552e-32
1.476263781307e-32
1.107696579577e-32
7.684204886254e-33
6.258465269527e-33
6.162001325847e-33
5.305735453440e-33
4.265487041421e-33
3.299746326653e-33
2.816041073405e-33
2.015691622601e-33
1.908026995539e-33
1.348288373452e-33
1.322097670452e-33
1.281392772653e-33
1.275124930192e-33
1.145512834960e-33
1.062770048332e-33
9.448203515915e-34
8.830655468446e-34
8.051153417024e-34
7.708122582043e-34
6.640175618948e-34
6.633663499343e-34
6.361220138331e-34
5.361260133784e-34
5.076017609602e-34
5.034343404784e-34
4.822099503291e-34
4.779755556911e-34
4.732418245827e-34
4.472066191286e-34
4.451723032246e-34
4.212940926559e-34
3.993915459123e-34
3.540564206961e-34
3.315168464936e-34
3.066084037323e-34
2.988131202368e-34
2.968355898465e-34
2.663666748464e-34
2.418478711382e-34
2.404311359593e-34
2.231807820568e-34
2.075933405616e-34
2.018565525961e-34
1.884150458899e-34
1.635157915207e-34
1.291147260758e-34
1.286452451440e-34
1.209999933151e-34
1.197563895655e-34
1.111607915714e-34
1.060701487876e-34
1.053622583632e-34
9.432202869492e-35
9.375983523588e-35
9.161912640127e-35
7.748140650049e-35
7.089892229339e-35
6.356378635445e-35
6.252490179989e-35
6.088719558555e-35
5.300317679730e-35
4.843192332450e-35
3.619117623840e-35
3.571161956715e-35
3.110250751535e-35
2.925455969347e-35
2.674652167750e-35
2.650579252573e-35
2.492899518884e-35
2.485577032459e-35
2.355478271668e-35
2.344708283298e-35
2.208745510183e-35
2.087864681447e-35
1.960691548876e-35
1.887689758889e-35
1.772282796327e-35
1.647326689043e-35
1.621084835621e-35
1.560313171112e-35
1.546780334801e-35
1.544097623283e-35
1.463754516740e-35
1.405254404557e-35
1.303388554998e-35
1.226787862246e-35
1.176174890255e-35
9.955576418836e-36
9.841738990654e-36
9.392730298839e-36
8.869216130713e-36
8.422634549841e-36
8.023324706051e-36
7.612939405731e-36
7.556549299043e-36
7.295897596115e-36
6.926598355940e-36
6.422556162675e-36
6.136169261183e-36
5.913387645671e-36
5.624359694438e-36
5.339160147945e-36
5.012284389416e-36
4.712262537370e-36
4.636293891450e-36
4.520671566684e-36
4.320054124799e-36
4.045498457829e-36
3.863010354193e-36
3.784117099867e-36
3.490497147478e-36
3.403182960475e-36
3.308367177807e-36
3.201826252380e-36
3.128283404471e-36
2.861067319335e-36
2.843239738318e-36
2.729214298797e-36
2.609934848647e-36
2.495905931693e-36
2.235254131365e-36
2.169268844827e-36
2.088579468985e-36
2.080677659157e-36
2.035002112405e-36
2.004122094148e-36
1.948216600663e-36
1.795517575763e-36
1.752607332564e-36
1.692315392088e-36
1.672978853689e-36
1.596172305704e-36
1.514540775026e-36
1.395126935396e-36
1.339599595620e-36
1.315961015276e-36
1.220882143624e-36
1.199602842165e-36
1.150337906308e-36
1.106461960748e-36
1.082608608306e-36
1.039932662615e-36
1.032704196407e-36
9.715125839274e-37
9.431025187895e-37
9.231842776876e-37
8.337439952427e-37
8.053558189508e-37
7.932677370586e-37
7.441452663568e-37
7.261901874401e-37
6.828938624985e-37
6.563131830623e-37
6.246157587924e-37
5.969003864497e-37
5.740703310519e-37
5.586054216125e-37
5.420711622010e-37
5.253674655313e-37
5.092559858702e-37
4.988270746698e-37
4.775252113847e-37
4.566014434175e-37
4.510776416631e-37
4.357637699044e-37
4.056701649206e-37
3.964564150928e-37
3.823909990708e-37
3.702346520173e-37
3.656790022383e-37
3.467576961135e-37
3.427682832112e-37
3.349197326520e-37
3.205056707172e-37
3.174772534038e-37
3.062341158349e-37
2.955158527202e-37
2.898420514975e-37
2.772705999586e-37
2.748578630043e-37
2.710159546839e-37
2.665395668674e-37
2.534848340706e-37
2.459221757346e-37
2.366295038496e-37
2.277994523810e-37
2.231001713518e-37
2.217276723078e-37
2.135724800452e-37
2.079229072445e-37
2.074923484027e-37
2.001197138696e-37
1.957007419821e-37
1.889680273951e-37
1.857391082373e-37
1.809521163484e-37
1.777410137261e-37
1.749324064325e-37
1.676139143622e-37
1.594118692281e-37
1.578624046300e-37
1.548888422695e-37
1.486726021533e-37
1.418676988677e-37
1.404941057409e-37
1.394347291768e-37
1.326947701515e-37
1.286929136346e-37
1.260265195782e-37
1.247333254307e-37
1.151012494562e-37
1.122391256168e-37
1.114847356994e-37
1.105224134432e-37
1.084279409061e-37
1.060584730641e-37
1.027932243301e-37
1.009717477374e-37
1.009580230923e-37
9.937646221707e-38
9.816778464492e-38
9.650819170342e-38
9.352976035770e-38
9.288702583338e-38
9.244594126654e-38
8.877401337096e-38
8.820171442225e-38
8.606861508590e-38
8.257401478173e-38
7.936479165539e-38
7.629850869385e-38
7.596793523583e-38
7.276757472088e-38
7.162893595621e-38
7.060683523077e-38
6.855029598655e-38
6.712271233895e-38
6.551589084974e-38
6.204464639213e-38
6.120266836317e-38
5.939827385209e-38
5.834325894329e-38
5.689474019920e-38
5.669625954331e-38
5.470614055426e-38
5.363221283650e-38
5.331999706979e-38
5.195954972797e-38
5.095250202066e-38
5.039174687370e-38
4.773163752476e-38
4.684617120472e-38
4.627678430579e-38
4.408213760505e-38
4.325138848286e-38
4.235722752854e-38
4.151227644117e-38
4.107360954016e-38
4.022689620949e-38
3.798093919105e-38
3.662079922831e-38
3.610940199819e-38
3.479842437900e-38
3.466235096891e-38
3.267500538826e-38
3.135522652092e-38
3.046287271826e-38
2.987293535252e-38
2.890344134806e-38
2.817065539480e-38
2.804558207407e-38
2.661677831287e-38
2.572202773094e-38
2.500551813559e-38
2.452276286570e-38
2.362616259609e-38
2.318647105829e-38
2.298912817578e-38
2.242714054637e-38
2.158680710506e-38
2.127229861606e-38
2.096650903648e-38
2.017073336102e-38
2.003128925756e-38
1.947320289675e-38
1.917078972874e-38
1.837405338973e-38
1.694214230434e-38
1.682632333749e-38
1.626856487843e-38
1.610058680304e-38
1.568582648054e-38
1.555636529239e-38
1.499805261929e-38
1.415665802501e-38
1.386323356294e-38
1.339001658013e-38
1.311060727776e-38
1.302820581419e-38
1.261849649960e-38
1.180556106339e-38
1.155777122646e-38
1.110028074934e-38
1.104658492231e-38
1.088482218199e-38
1.057664707487e-38
1.037904334321e-38
9.849005234117e-39
9.682327219028e-39
9.480647148680e-39
9.382151061791e-39
9.254825027135e-39
8.869192037440e-39
8.720361212053e-39
8.632579567214e-39
8.120892032753e-39
8.045733125332e-39
7.715779849298e-39
7.646047894023e-39
7.346029823080e-39
7.083093321131e-39
6.644297162000e-39
6.538933417939e-39
6.062534912347e-39
5.669331541054e-39
5.572981077250e-39
5.519077103193e-39
5.288878680436e-39
5.136629207531e-39
5.050549897832e-39
4.984916129003e-39
4.680594732088e-39
4.424110215932e-39
4.326226144454e-39
4.125224720230e-39
4.047127916470e-39
3.962930065826e-39
3.837638923854e-39
3.681794103390e-39
3.640610643446e-39
3.494102276804e-39
3.316988938081e-39
3.296601890030e-39
3.070888594997e-39
3.030830844596e-39
2.903853535245e-39
2.809559767915e-39
2.724422530903e-39
2.592021628456e-39
2.554236741193e-39
2.509816564071e-39
2.462256516395e-39
2.265362340342e-39
2.146572877985e-39
2.098637840265e-39
2.020083351794e-39
1.944167710657e-39
1.880483503635e-39
1.769690725861e-39
1.721848450643e-39
1.704949050867e-39
1.684343580387e-39
1.643404038378e-39
1.597273629931e-39
1.551030539813e-39
1.456003389008e-39
1.372417940830e-39
1.321100072648e-39
1.300937914746e-39
1.270190747842e-39
1.254251761987e-39
1.169610250134e-39
1.135639719674e-39
1.129150771438e-39
1.051020550793e-39
1.032250590065e-39
9.923341250156e-40
9.418697960162e-40
9.266460137140e-40
8.672229973085e-40
8.292008140313e-40
8.092760269355e-40
7.665406400157e-40
7.553979236278e-40
6.904134414615e-40
6.745799263783e-40
6.329797432072e-40
6.072760536430e-40
5.679749992619e-40
5.401203308492e-40
5.103212323443e-40
4.936796611160e-40
4.853519501909e-40
4.554293335441e-40
4.325852279927e-40
4.175278544664e-40
3.744078421884e-40
3.624093386095e-40
3.566285931262e-40
3.375592325724e-40
3.227546373754e-40
3.166289668811e-40
2.990076785433e-40
2.874244915593e-40
2.653166771367e-40
2.536105407288e-40
2.152081804742e-40
2.100768742212e-40
2.030208284847e-40
1.920680717996e-40
1.817766375466e-40
1.719192093534e-40
1.667556331676e-40
1.596115495136e-40
1.564003744278e-40
1.481623473240e-40
1.449460107343e-40
1.374414794625e-40
1.279710421459e-40
1.198603419478e-40
1.130025224875e-40
1.027958329295e-40
8.892577982178e-41
8.747009224388e-41
8.160137067141e-41
7.938504389576e-41
7.482381660196e-41
6.383713549361e-41
5.473815388971e-41
4.907164640403e-41
4.515978787075e-41
4.401089075775e-41
3.794445824285e-41
3.516237073008e-41
2.802313129764e-41
2.436926380519e-41
1.938333468733e-41
1.820722539581e-41
1.585556957752e-41
1.483068583918e-41
1.402161129768e-41
1.354323934293e-41
1.276480847100e-41
1.121593657829e-41
1.034449787963e-41
9.735162450411e-42
8.644705687513e-42
7.461165585683e-42
6.943451660924e-42
6.139761809736e-42
5.773372717623e-42
5.630320522852e-42
5.005453684791e-42
4.371544956048e-42
4.228656643480e-42
3.716274881451e-42
3.534049973727e-42
3.371383655620e-42
2.936190994918e-42
2.760065997029e-42
2.482590833216e-42
2.338188783819e-42
2.136304891548e-42
2.084835915235e-42
1.937241182187e-42
1.707375615977e-42
1.610696042235e-42
1.435176288885e-42
1.411457625641e-42
1.240105476092e-42
1.134502736074e-42
9.898967131717e-43
9.732400897647e-43
8.847875067154e-43
8.022305073382e-43
7.918581117854e-43
7.011530500544e-43
6.608743865719e-43
5.694291831604e-43
4.775386320132e-43
4.543504825820e-43
4.080016847849e-43
3.440692169368e-43
2.954978510164e-43
2.551292632813e-43
2.089621791379e-43
1.768173039653e-43
1.644165591889e-43
1.249315127032e-43
1.143948991795e-43
9.332453272346e-44
7.974493635207e-44
7.115816903573e-44
5.508079882040e-44
4.940068007444e-44
4.749050736652e-44
3.914970506102e-44
3.751365231639e-44
3.174232912687e-44
2.837198104427e-44
2.336597467930e-44
2.147748172676e-44
2.054616922185e-44
1.914100204025e-44
1.765463418890e-44
1.424957455063e-44
1.286161937078e-44
1.099301654549e-44
9.822583786529e-45
9.402484082027e-45
7.759040876572e-45
7.450330056062e-45
6.223053778371e-45
5.946511976032e-45
5.309319610388e-45
5.232839858247e-45
4.761630403385e-45
4.477166829587e-45
3.891493038484e-45
3.694123839419e-45
3.217334972619e-45
2.942269904069e-45
2.721134476827e-45
2.374690994689e-45
2.322738155740e-45
2.192531371053e-45
1.978640998207e-45
1.770479165894e-45
1.674908890042e-45
1.567527492879e-45
1.497206631260e-45
1.384256091198e-45
1.309783734186e-45
1.277133983191e-45
1.213844277994e-45
1.123863019848e-45
9.412610318377e-46
8.792260786092e-46
8.621209969979e-46
8.193897134151e-46
7.051896973502e-46
6.782057407100e-46
6.441266590627e-46
5.403892976246e-46
5.287938512671e-46
4.880688806715e-46
4.601990783161e-46
4.151327754426e-46
3.950848041733e-46
3.759167985651e-46
3.593882589206e-46
3.080356272752e-46
2.653564139671e-46
2.276658465845e-46
1.889710727944e-46
1.840859319731e-46
1.720120134615e-46
1.588446906696e-46
1.441215891004e-46
1.354994507289e-46
1.334123899981e-46
1.081106534190e-46
9.282183227810e-47
8.555398436460e-47
8.297063359123e-47
6.937473839768e-47
6.192701428188e-47
5.271959037405e-47
4.625240095479e-47
3.873179743226e-47
3.378378757307e-47
2.915142006408e-47
2.275391075708e-47
2.135159917455e-47
1.566103558685e-47
1.363812461507e-47
1.034037487510e-47
6.323625449023e-48
5.270091998585e-48
3.143909739008e-48
2.726140593208e-48
2.147193360815e-48
1.020952775287e-48
8.783371225846e-49
5.577979522410e-49
