#lambda_0=1.021437419670e+00
1.000000000000e+00
1.314166931921e-01
1.314166931921e-01
4.298081641341e-02
4.298081641341e-02
3.282979680941e-02
3.282979680941e-02
3.268728537293e-02
3.268728537293e-02
2.200464832621e-02
2.200464832621e-02
1.727034724955e-02
5.648396763749e-03
5.648396763749e-03
4.314383334862e-03
4.314383334862e-03
4.295654953138e-03
4.295654953138e-03
2.891778117887e-03
2.891778117887e-03
1.847350579564e-03
1.411051469555e-03
1.411051469555e-03
1.404926211667e-03
1.404926211667e-03
1.077795558547e-03
1.073116937045e-03
1.073116937045e-03
1.068458625052e-03
9.457777499507e-04
9.457777499507e-04
7.224081334121e-04
7.224081334121e-04
7.192722193699e-04
7.192722193699e-04
4.842045479603e-04
1.127191247436e-16
9.665296518727e-17
6.705369761135e-17
5.769929115419e-17
5.283743295880e-17
5.009793230948e-17
4.804843620990e-17
4.733039560375e-17
4.628933453294e-17
4.392507724453e-17
3.600723572809e-17
3.502467846052e-17
3.441148473690e-17
2.795129153805e-17
2.567443570492e-17
2.427179985988e-17
1.801305609362e-17
1.749144896619e-17
1.462850257750e-17
1.260120770810e-17
1.208398149224e-17
1.202159294619e-17
1.096646542688e-17
1.069673339405e-17
9.209367499754e-18
8.135348046112e-18
7.731303035248e-18
7.434574329945e-18
7.317751548729e-18
6.830642809773e-18
6.207201571333e-18
5.570866357756e-18
5.129837482070e-18
4.891284579997e-18
4.678373396139e-18
4.077874626984e-18
3.435553605526e-18
3.166562800509e-18
2.712085244951e-18
2.330433290888e-18
2.258136303020e-18
2.067842988166e-18
1.875204963428e-18
1.809001650966e-18
1.654850491520e-18
1.509843755283e-18
1.421319859035e-18
1.312744938807e-18
1.239727047723e-18
1.159271644742e-18
1.022305022684e-18
9.593235088308e-19
8.713542122190e-19
8.484512330765e-19
8.167609075555e-19
7.320976774688e-19
6.946526513530e-19
6.418299663239e-19
6.017245458512e-19
5.770131606936e-19
5.420442709846e-19
4.571173995395e-19
4.178294747928e-19
3.961557832959e-19
3.754049195378e-19
3.555842757868e-19
3.334895547097e-19
3.307930552547e-19
3.199641747753e-19
3.169322925897e-19
2.995089988176e-19
2.824796674775e-19
2.767730275757e-19
2.618552101731e-19
2.567950209257e-19
2.462784791819e-19
2.344299128444e-19
2.295777125037e-19
2.224125553190e-19
2.055576264404e-19
2.041527015278e-19
1.971027995358e-19
1.891892586513e-19
1.828928949749e-19
1.710992619948e-19
1.680115498704e-19
1.615345396819e-19
1.559848367190e-19
1.501033736358e-19
1.447085470006e-19
1.391772191789e-19
1.342977408392e-19
1.306636646078e-19
1.287885758707e-19
1.244146898380e-19
1.165954522706e-19
1.144430690059e-19
1.083333955889e-19
1.019133961558e-19
9.939055529633e-20
9.657968063323e-20
9.162972915226e-20
9.076720265240e-20
8.903611374960e-20
8.513584461415e-20
8.363296329257e-20
8.198008494301e-20
7.967221992967e-20
7.910880077368e-20
7.736493950315e-20
7.390157976838e-20
7.053135480233e-20
6.969250626560e-20
6.683484314023e-20
6.420816806321e-20
6.202368175748e-20
6.133983235317e-20
6.043877508365e-20
5.917158621109e-20
5.781328805425e-20
5.421079620436e-20
5.391202785967e-20
5.257829945181e-20
5.210012183728e-20
5.063153862675e-20
4.919297932927e-20
4.865573637197e-20
4.686136664706e-20
4.584759890244e-20
4.525229006445e-20
4.382555072344e-20
4.317082430217e-20
4.237132802037e-20
4.022823299082e-20
3.919422876929e-20
3.876540491933e-20
3.848492412004e-20
3.713684041491e-20
3.643538532809e-20
3.504096518460e-20
3.466385517322e-20
3.305196039282e-20
3.214030104584e-20
3.066183691029e-20
3.036018265300e-20
2.985596932525e-20
2.982130146942e-20
2.889381149934e-20
2.837209936168e-20
2.816513654500e-20
2.732895954750e-20
2.692577668773e-20
2.614138716810e-20
2.567110298984e-20
2.524189215287e-20
2.495371229047e-20
2.391067736269e-20
2.319983521173e-20
2.315932364785e-20
2.282499844255e-20
2.243799750753e-20
2.184059512476e-20
2.167758123334e-20
2.137653200003e-20
2.091915922724e-20
2.077163184768e-20
2.050716210243e-20
2.005082667590e-20
1.938460260351e-20
1.884927405397e-20
1.825978551187e-20
1.807301238020e-20
1.770301038965e-20
1.765599904183e-20
1.728728396342e-20
1.700173747648e-20
1.676417412391e-20
1.628296495436e-20
1.589149103719e-20
1.568661547471e-20
1.503604359323e-20
1.470811060781e-20
1.453310226047e-20
1.415160180970e-20
1.375700499077e-20
1.346313852435e-20
1.334105143933e-20
1.316222878495e-20
1.298202563827e-20
1.274825655973e-20
1.257290762176e-20
1.237840094829e-20
1.193401312600e-20
1.182989862369e-20
1.177656084944e-20
1.158174599140e-20
1.117765436732e-20
1.105333893733e-20
1.086893418504e-20
1.070564919804e-20
1.037451986664e-20
1.031793833518e-20
1.005695429384e-20
9.867761623617e-21
9.775910504118e-21
9.621778569786e-21
9.508907011141e-21
9.417299145568e-21
9.161519774376e-21
8.921989097887e-21
8.521612923311e-21
8.393258128466e-21
8.316894467345e-21
8.090785628733e-21
7.996437132620e-21
7.974323113836e-21
7.761864331331e-21
7.578510190055e-21
7.437095797341e-21
7.208439008209e-21
7.036856803801e-21
6.995895185030e-21
6.852396312094e-21
6.823986580979e-21
6.433850596105e-21
6.325039202832e-21
6.194832684384e-21
6.073822393559e-21
5.998595486669e-21
5.900918232614e-21
5.869232345151e-21
5.637712081271e-21
5.525117857130e-21
5.485715370719e-21
5.363952838377e-21
5.342535704094e-21
5.248007777927e-21
5.110924160886e-21
4.928414685070e-21
4.814152564653e-21
4.711320892251e-21
4.648277047620e-21
4.576101270979e-21
4.497438667011e-21
4.442378082903e-21
4.359529481430e-21
4.266729880515e-21
4.210418765588e-21
4.132616768735e-21
4.011202868529e-21
3.923748774752e-21
3.789914487147e-21
3.737587520924e-21
3.671102636263e-21
3.558153046340e-21
3.459514003177e-21
3.425125209947e-21
3.384490871830e-21
3.344059646338e-21
3.281445300551e-21
3.258009500109e-21
3.152046469843e-21
3.067254907304e-21
3.007980066945e-21
2.975732322592e-21
2.951058522512e-21
2.876435945497e-21
2.800179939162e-21
2.762255708576e-21
2.704344157781e-21
2.665557763088e-21
2.638754596081e-21
2.627563358132e-21
2.599623946682e-21
2.578703004595e-21
2.542549415784e-21
2.524992813028e-21
2.472764413780e-21
2.462572869095e-21
2.417102040407e-21
2.378290155933e-21
2.371653288287e-21
2.352283173619e-21
2.256563159967e-21
2.217230498168e-21
2.190996899245e-21
2.170779051056e-21
2.124422157657e-21
2.044866531777e-21
2.016662681744e-21
2.006697577263e-21
1.961501209410e-21
1.929785072035e-21
1.906792898254e-21
1.868634092231e-21
1.821063863149e-21
1.817296958907e-21
1.756218183545e-21
1.740217751073e-21
1.710760562538e-21
1.675110167406e-21
1.656204441351e-21
1.621322339741e-21
1.614062329250e-21
1.580643845872e-21
1.534852788981e-21
1.519033198473e-21
1.515441511306e-21
1.492459637394e-21
1.454263697318e-21
1.441187020512e-21
1.428511502628e-21
1.379806404284e-21
1.374715410620e-21
1.351578522374e-21
1.332686885652e-21
1.315158274622e-21
1.309393296567e-21
1.296189481858e-21
1.263507049101e-21
1.239749287454e-21
1.210862311805e-21
1.201571560577e-21
1.179831793285e-21
1.172587763716e-21
1.138880860297e-21
1.134502910590e-21
1.107431973864e-21
1.090823145689e-21
1.070568932513e-21
1.053494346433e-21
1.040923693204e-21
1.037885060757e-21
1.025405673989e-21
1.019919494320e-21
1.006687744729e-21
9.813867729414e-22
9.784158445268e-22
9.632941874489e-22
9.465838759586e-22
9.296001091681e-22
9.103321896621e-22
8.948050860088e-22
8.916752164233e-22
8.722580463868e-22
8.588471394318e-22
8.523194264801e-22
8.480816143821e-22
8.315019955126e-22
8.214711330701e-22
7.922251380912e-22
7.785887644464e-22
7.660107624450e-22
7.522706050458e-22
7.475958475887e-22
7.379823834914e-22
7.177071596845e-22
7.136286458672e-22
6.945556902187e-22
6.782070841231e-22
6.738719177993e-22
6.701826670763e-22
6.654631878703e-22
6.534768764416e-22
6.450905080275e-22
6.411498704202e-22
6.306030939134e-22
6.201134343428e-22
6.160879379693e-22
6.017525857602e-22
5.986491461056e-22
5.828655397389e-22
5.782874498478e-22
5.646475644087e-22
5.616176827888e-22
5.514597053778e-22
5.415894481747e-22
5.330313065066e-22
5.206668419370e-22
5.175095358957e-22
5.152368573550e-22
5.037991075882e-22
4.905392195485e-22
4.791196911037e-22
4.765678254249e-22
4.713738946218e-22
4.699911529480e-22
4.595461979626e-22
4.535585672190e-22
4.480812246736e-22
4.446518686744e-22
4.411461101202e-22
4.312058874908e-22
4.184827068875e-22
4.147483846771e-22
4.086856057446e-22
4.010830570869e-22
3.941342361486e-22
3.911421875520e-22
3.872405565795e-22
3.766357946791e-22
3.705549896923e-22
3.612643406277e-22
3.541138206676e-22
3.479168004062e-22
3.344247901164e-22
3.301393611249e-22
3.256923971492e-22
3.212137467058e-22
3.162013048740e-22
3.132703573304e-22
3.052871500673e-22
2.979300797977e-22
2.958959572592e-22
2.934982429144e-22
2.925009853851e-22
2.850317735657e-22
2.811879442694e-22
2.792220942101e-22
2.704355046705e-22
2.688816118103e-22
2.664837734401e-22
2.643511050001e-22
2.589655182452e-22
2.579334185869e-22
2.529520341852e-22
2.509453617524e-22
2.410135765394e-22
2.399164567808e-22
2.360036263080e-22
2.297141976544e-22
2.273713731007e-22
2.255040322986e-22
2.194977769896e-22
2.177032612683e-22
2.130334278970e-22
2.087656360089e-22
2.058153018148e-22
2.047681618505e-22
1.999709949855e-22
1.972309749291e-22
1.953457132916e-22
1.874698462383e-22
1.846623237038e-22
1.812179702907e-22
1.809393993653e-22
1.788028602397e-22
1.781709586245e-22
1.733483637918e-22
1.727350259779e-22
1.675555395255e-22
1.632933546329e-22
1.622700288368e-22
1.596799811030e-22
1.569232797233e-22
1.513668205511e-22
1.500415667894e-22
1.471061940886e-22
1.442911437841e-22
1.408232735780e-22
1.386316841453e-22
1.345675354729e-22
1.319685367515e-22
1.310030194095e-22
1.257424345187e-22
1.239519987866e-22
1.224270867316e-22
1.211072872988e-22
1.186369562800e-22
1.169701126110e-22
1.167066882050e-22
1.116926393944e-22
1.105350566866e-22
1.085067805592e-22
1.075671081210e-22
1.037719045928e-22
1.028670357139e-22
1.000766070863e-22
9.927736950313e-23
9.785594822875e-23
9.714115334770e-23
9.554576672260e-23
9.281440744854e-23
9.221483536408e-23
9.076302937776e-23
8.905273957480e-23
8.886681447880e-23
8.677416530831e-23
8.544688559086e-23
8.323195824099e-23
8.210765526345e-23
7.904267612332e-23
7.683905039555e-23
7.386214076981e-23
7.259393119603e-23
6.946783281223e-23
6.845308507893e-23
6.638651396798e-23
6.519257939299e-23
6.392194941215e-23
6.347504173503e-23
6.068446996747e-23
5.996820916654e-23
5.946909893177e-23
5.758551337501e-23
5.622167611602e-23
5.526830392065e-23
5.495710750681e-23
5.311624596076e-23
5.213890796112e-23
5.172234894119e-23
5.058642766270e-23
4.968006794672e-23
4.867932392178e-23
4.717054570985e-23
4.576631812901e-23
4.530459077566e-23
4.459052254251e-23
4.344308007959e-23
4.301237684408e-23
4.223976332958e-23
4.089571794151e-23
3.890871462328e-23
3.850108891452e-23
3.631741637841e-23
3.585159725859e-23
3.516942259522e-23
3.454241986132e-23
3.265421017679e-23
3.234315039941e-23
3.176167324178e-23
3.069654626543e-23
2.958354343632e-23
2.866955976239e-23
2.709043592307e-23
2.659472436419e-23
2.590121877546e-23
2.497981818924e-23
2.490621213277e-23
2.355831324135e-23
2.317337561991e-23
2.296250831423e-23
2.166810010024e-23
2.155861570623e-23
2.026864934203e-23
1.936174085364e-23
1.872193721919e-23
1.824137231028e-23
1.697246430421e-23
1.685597290521e-23
1.647562450676e-23
1.588653258550e-23
1.550744827036e-23
1.503219952228e-23
1.450913923830e-23
1.444520739802e-23
1.401619803128e-23
1.297034775892e-23
1.261310038079e-23
1.206105789476e-23
1.171772500773e-23
1.084372684384e-23
1.065686999215e-23
1.046337142127e-23
1.010405794221e-23
9.814064572606e-24
9.263468182998e-24
9.022751128123e-24
8.714843031103e-24
8.439160765414e-24
8.194064221899e-24
7.928721576397e-24
7.331587255134e-24
7.071721711327e-24
6.711884427377e-24
6.260206741540e-24
6.115608032725e-24
5.786964615070e-24
5.566934056481e-24
5.503205237273e-24
5.351391998436e-24
4.870894691740e-24
4.738277305786e-24
4.468890971065e-24
4.387485860255e-24
4.156523291028e-24
4.015819008051e-24
3.885047146631e-24
3.795070434489e-24
3.621410140792e-24
3.279916409575e-24
3.181270472315e-24
2.718744803727e-24
2.466520142754e-24
2.443026605534e-24
2.337397723014e-24
2.208067876763e-24
2.004538169651e-24
1.966586276246e-24
1.838757437127e-24
1.721892056312e-24
1.620749638040e-24
1.457585994627e-24
1.393002927547e-24
1.304899682109e-24
1.130836254306e-24
1.085109844172e-24
1.056738485890e-24
9.747155663371e-25
9.406160826385e-25
8.753211538726e-25
7.508571337248e-25
7.173355151901e-25
6.742694999455e-25
6.296032692128e-25
5.788974184068e-25
5.365932084825e-25
5.156910985680e-25
5.064345461157e-25
4.848875165800e-25
4.182481452031e-25
4.059524960867e-25
3.895688559749e-25
3.842969046432e-25
3.001435552638e-25
2.943851219204e-25
2.708125663033e-25
2.659199049456e-25
2.458034155081e-25
2.123164034150e-25
1.960306559214e-25
1.880371881662e-25
1.774764324753e-25
1.477744255813e-25
1.355774048119e-25
1.266131599659e-25
1.186438610102e-25
1.104557948337e-25
1.039309960135e-25
8.719877228755e-26
8.427051377918e-26
6.831096735309e-26
6.004071819338e-26
5.632848128289e-26
4.649707113913e-26
3.483933050239e-26
3.155388978742e-26
2.646484511601e-26
2.035501002796e-26
1.716054116917e-26
1.386150745631e-26
1.166773172854e-26
7.165907451680e-27
6.306036894020e-27
4.018954505305e-27
3.386211419461e-27
1.541905426890e-27
1.244259502909e-27
1.007666974810e-27
6.051170663656e-28
4.748587244314e-28
2.692584419694e-28
1.056859124148e-29
7.488905952238e-33
4.504904368649e-33
3.065828656559e-33
2.497324924542e-33
2.297257658792e-33
1.785276652059e-33
1.375668699220e-33
1.115657024286e-33
8.859646469006e-34
6.801373716672e-34
6.309931604582e-34
5.639190927739e-34
4.653271420864e-34
4.329367900812e-34
4.054470925675e-34
3.326484953002e-34
3.238519767549e-34
2.696478965938e-34
2.203087035521e-34
1.963537218792e-34
1.871720848479e-34
1.433570931080e-34
1.394321859808e-34
1.323236499190e-34
9.493324923420e-35
8.365343553359e-35
7.586100852370e-35
6.593247617420e-35
5.327974400803e-35
4.713266397653e-35
4.549851446748e-35
3.974978589976e-35
3.928612559028e-35
3.444373133595e-35
3.379139766199e-35
2.753436614382e-35
2.645145678035e-35
2.624362490679e-35
2.421213165007e-35
2.356595834467e-35
2.226846028608e-35
2.210322875889e-35
2.043423926189e-35
1.928275868319e-35
1.704883005898e-35
1.678322782443e-35
1.580763589420e-35
1.523240861729e-35
1.427261372021e-35
1.341980735676e-35
1.260213726017e-35
1.178723115761e-35
1.111888867361e-35
1.076531515260e-35
1.035090165398e-35
9.926451830355e-36
9.408086516059e-36
9.340147781596e-36
8.262980180498e-36
8.101061683425e-36
7.888504841482e-36
7.855051408601e-36
7.315524582580e-36
7.039154211827e-36
6.697580518552e-36
6.536858397346e-36
6.129763110773e-36
5.691738947506e-36
5.485577289437e-36
5.415145223850e-36
5.267356008527e-36
5.206957622716e-36
4.695312612740e-36
4.590018776567e-36
4.467493492528e-36
4.239904288795e-36
4.182572147548e-36
4.036726315886e-36
3.878790387236e-36
3.724617940143e-36
3.586478502407e-36
3.530103652360e-36
3.503324714164e-36
3.364342606135e-36
3.315694571819e-36
3.146215298404e-36
3.042742882060e-36
3.019303663921e-36
2.938454430265e-36
2.889813012897e-36
2.754990477363e-36
2.688149412820e-36
2.528996543283e-36
2.466623425394e-36
2.331057243449e-36
2.145008281483e-36
2.115214083716e-36
2.086726289154e-36
1.986075342595e-36
1.894928756931e-36
1.779323587205e-36
1.764193123667e-36
1.735858995290e-36
1.715368288529e-36
1.542746610061e-36
1.504467557969e-36
1.475388222082e-36
1.383715448682e-36
1.306918344174e-36
1.270446610084e-36
1.246744437388e-36
1.223476254381e-36
1.181420714297e-36
1.150238380426e-36
1.106560155157e-36
1.046582209968e-36
1.039131498607e-36
9.762877916856e-37
9.497299214290e-37
9.363337200606e-37
8.969701543673e-37
8.685637257047e-37
8.453505913454e-37
8.079265346154e-37
7.577461024466e-37
7.252304106310e-37
7.104527211260e-37
7.000161210322e-37
6.355865670711e-37
6.165721714069e-37
5.998264489642e-37
5.890548038996e-37
5.528223528519e-37
5.310159852146e-37
5.075645199908e-37
4.834327600680e-37
4.752378779082e-37
4.638545179135e-37
4.456823206305e-37
4.376020160648e-37
4.224251692070e-37
4.125998568715e-37
4.058827678954e-37
3.890754646804e-37
3.781939733554e-37
3.750411506181e-37
3.539266770980e-37
3.453795731926e-37
3.369639977451e-37
3.347387213379e-37
3.333014728889e-37
3.168538659836e-37
3.112220328697e-37
2.942068531779e-37
2.858841812693e-37
2.750586474768e-37
2.627362932323e-37
2.496143545632e-37
2.474603454604e-37
2.397862346491e-37
2.333138410599e-37
2.283162329171e-37
2.241062947160e-37
2.206586071751e-37
2.132279253469e-37
2.084828221046e-37
2.078390240813e-37
1.998679328337e-37
1.978893383995e-37
1.924686745940e-37
1.917546415861e-37
1.883850211641e-37
1.788822258442e-37
1.765667710415e-37
1.723880779288e-37
1.688323075487e-37
1.621856952949e-37
1.570355834624e-37
1.529869550563e-37
1.492559811389e-37
1.478522714694e-37
1.439605472141e-37
1.418799213941e-37
1.375921991391e-37
1.373809942470e-37
1.328408708106e-37
1.298812303781e-37
1.258447268974e-37
1.247444558415e-37
1.226320309753e-37
1.215178588064e-37
1.186154525839e-37
1.164602134931e-37
1.139941178622e-37
1.109483803502e-37
1.078923758305e-37
1.009488148139e-37
9.585592429775e-38
9.460808787098e-38
9.113316523104e-38
9.035606000600e-38
8.871485424409e-38
8.863064730558e-38
8.436100676734e-38
8.294273070640e-38
7.878271894102e-38
7.785133232442e-38
7.629829293744e-38
7.585365347861e-38
7.325121140531e-38
7.121581474990e-38
7.098539950233e-38
6.755738938621e-38
6.568878232879e-38
6.456977953211e-38
6.316257027450e-38
5.865661172225e-38
5.787798079476e-38
5.643372105284e-38
5.582167371023e-38
5.439258190268e-38
5.324822891484e-38
5.194365192317e-38
5.156999749203e-38
5.005680676030e-38
4.876367202874e-38
4.780651635713e-38
4.614642577192e-38
4.579580907751e-38
4.506598452354e-38
4.332636149999e-38
4.101340540889e-38
4.064674642871e-38
3.997942362686e-38
3.845341655981e-38
3.756255428868e-38
3.649334640511e-38
3.577180404698e-38
3.388143620956e-38
3.286871922255e-38
3.206018238751e-38
3.072472234405e-38
2.956564739795e-38
2.876770994650e-38
2.775468335463e-38
2.746969547781e-38
2.568977646161e-38
2.541673462795e-38
2.391881979377e-38
2.322005165220e-38
2.290416648256e-38
2.279170638627e-38
2.159115011413e-38
2.113071530062e-38
2.092416155414e-38
1.966873308855e-38
1.921366891442e-38
1.808895266537e-38
1.801335044166e-38
1.717565089655e-38
1.653426948043e-38
1.640203898032e-38
1.530307790884e-38
1.488965380945e-38
1.430751570352e-38
1.403343290116e-38
1.323758105802e-38
1.285833163037e-38
1.242587457551e-38
1.189928554433e-38
1.157091957089e-38
1.113399441961e-38
1.044366407411e-38
9.925660656906e-39
9.679476926002e-39
9.545920832473e-39
9.135569320552e-39
8.976701020080e-39
8.592361206617e-39
8.343523894083e-39
7.903913527685e-39
7.604759511021e-39
7.522117608539e-39
6.983944253544e-39
6.556669280961e-39
6.486000277532e-39
6.336428315925e-39
6.108212136234e-39
5.858681568322e-39
5.716511125357e-39
5.489297907960e-39
5.298601010393e-39
5.217156024402e-39
5.116376957661e-39
4.844043024044e-39
4.645326022111e-39
4.386278308915e-39
4.236590077044e-39
4.123472674845e-39
3.924102860702e-39
3.819536511741e-39
3.653976180685e-39
3.551271041120e-39
3.436447260182e-39
3.360417530551e-39
3.142968187062e-39
3.046482259018e-39
2.957181571133e-39
2.831047432870e-39
2.794689222140e-39
2.699944914618e-39
2.587778597467e-39
2.550945820578e-39
2.486012462763e-39
2.351251583684e-39
2.341472373528e-39
2.252191973260e-39
2.190688786056e-39
2.098522884740e-39
2.044621720365e-39
1.897998619028e-39
1.826460195541e-39
1.779120705874e-39
1.752794539842e-39
1.615912149375e-39
1.552429924677e-39
1.510069360073e-39
1.471569022146e-39
1.466999396666e-39
1.355065395845e-39
1.302830435632e-39
1.294364731171e-39
1.240795723024e-39
1.129221808497e-39
1.070310180430e-39
1.007862959150e-39
9.694922286949e-40
9.445861331301e-40
8.422660486997e-40
8.284343251509e-40
7.934984400875e-40
7.535097076735e-40
7.007091336024e-40
6.437335196841e-40
5.954766343493e-40
5.782399794782e-40
5.258547232483e-40
4.988414336068e-40
4.518645118651e-40
4.267437322965e-40
4.235866064160e-40
3.634903358497e-40
3.412081575202e-40
3.310748991001e-40
3.081610612989e-40
2.952313716119e-40
2.812484456646e-40
2.766995352782e-40
2.724810021615e-40
2.673028947924e-40
2.547483926732e-40
2.360202241029e-40
2.212004137232e-40
2.061502944698e-40
2.017221015763e-40
1.916409923508e-40
1.865602635006e-40
1.770612229826e-40
1.684356004988e-40
1.595945773480e-40
1.530854147898e-40
1.482703355446e-40
1.427817942332e-40
1.385312249755e-40
1.323908228282e-40
1.262686412254e-40
1.215294498433e-40
1.167891598884e-40
1.118659986279e-40
1.073599619937e-40
9.683733334529e-41
9.352839400790e-41
9.214378014512e-41
8.944182624495e-41
8.491065671524e-41
7.921638062779e-41
7.481782441158e-41
7.382951677563e-41
6.929001546458e-41
6.478398116471e-41
6.239058475532e-41
6.017092438192e-41
5.845060199230e-41
5.658558234709e-41
5.432368892303e-41
5.140676566609e-41
5.041086440173e-41
4.897637003953e-41
4.731259141468e-41
4.598399187961e-41
4.279774898586e-41
4.072686961264e-41
3.980478785579e-41
3.755146396444e-41
3.713986828047e-41
3.458802704641e-41
3.278705121767e-41
3.118677950387e-41
2.936506702356e-41
2.715959172112e-41
2.506030110055e-41
2.338805439123e-41
2.312691864969e-41
2.062871397832e-41
1.971016156844e-41
1.952029641946e-41
1.784853904077e-41
1.687243720715e-41
1.600908770362e-41
1.512356349745e-41
1.451958432948e-41
1.407032703698e-41
1.303806338384e-41
1.258998193291e-41
1.167280963464e-41
1.113074481023e-41
1.077967719347e-41
1.018237871942e-41
9.565855145448e-42
9.061843741547e-42
8.815527042641e-42
8.005308400142e-42
7.323272650203e-42
6.846388743028e-42
6.510347149814e-42
6.128369454696e-42
5.695981354787e-42
5.312014215752e-42
5.212349894603e-42
5.019316334740e-42
4.900778549746e-42
4.613884064332e-42
4.326372702015e-42
4.148188234137e-42
4.067820957460e-42
3.963852255065e-42
3.634566505967e-42
3.376954055566e-42
3.075721112834e-42
2.774432142834e-42
2.644582335085e-42
2.401391275962e-42
2.324470499892e-42
2.057572905837e-42
1.910332377858e-42
1.812858976632e-42
1.668981386091e-42
1.589404994190e-42
1.402916562488e-42
1.081309350691e-42
9.984532889301e-43
9.479611874057e-43
8.035804491361e-43
7.824027201105e-43
6.910635914436e-43
6.262605917743e-43
6.235214466475e-43
5.823712972648e-43
5.232747132177e-43
5.127070042223e-43
4.490188747720e-43
4.160865070628e-43
3.865669863840e-43
3.792016458075e-43
3.378629352940e-43
3.186373725341e-43
3.094669961083e-43
2.674197113303e-43
2.393194561778e-43
2.184024369801e-43
1.987217060121e-43
1.927780199521e-43
1.778855480531e-43
1.492167627712e-43
1.167418590918e-43
9.906674075348e-44
9.306627394912e-44
7.850761103696e-44
7.268572266385e-44
6.645804523269e-44
6.103291554126e-44
5.440294291543e-44
3.879069993755e-44
3.364982029166e-44
2.849011321419e-44
2.193454695486e-44
2.044964709254e-44
1.976108893215e-44
1.762738353533e-44
1.603670729144e-44
1.516969910784e-44
1.439438838110e-44
1.372999061240e-44
1.301900566778e-44
1.138404340287e-44
9.936772025066e-45
9.620835698634e-45
7.817122870386e-45
7.422864244632e-45
6.745378430867e-45
6.442849306235e-45
6.244618685208e-45
5.728183120686e-45
5.408610143593e-45
5.019170614967e-45
4.560646108266e-45
3.891012441808e-45
3.759004246320e-45
3.353921779685e-45
3.293505065899e-45
3.112592757440e-45
2.943158916282e-45
2.656434652099e-45
2.537329936531e-45
2.414985159577e-45
2.244947086728e-45
2.132387577023e-45
1.979542806625e-45
1.969181560355e-45
1.835669340523e-45
1.662240598192e-45
1.535124749828e-45
1.490743776798e-45
1.382412328237e-45
1.251613015244e-45
1.164121138530e-45
1.139754958520e-45
9.946439572351e-46
9.161366983795e-46
7.776243557995e-46
7.025049626075e-46
6.061810593273e-46
5.838139541640e-46
4.993140263433e-46
4.596407796226e-46
4.064930261231e-46
3.868710207057e-46
3.583775127576e-46
3.144600709373e-46
2.889383071342e-46
2.653274145630e-46
2.624322408235e-46
2.269698741931e-46
2.018326207924e-46
1.835075897201e-46
1.703716933266e-46
1.586658593026e-46
1.521976339897e-46
1.339790937144e-46
1.249893603159e-46
1.192639300242e-46
1.142893379795e-46
1.022104003355e-46
8.494467791164e-47
7.388963865175e-47
7.060875433342e-47
6.199817121193e-47
5.347344132327e-47
4.898941685210e-47
4.368623939774e-47
3.913062626287e-47
3.579985922889e-47
3.265887537241e-47
2.739931343691e-47
2.609544013525e-47
2.368860469612e-47
2.207453577236e-47
1.979404019782e-47
1.629939456951e-47
1.460777000958e-47
1.405388377999e-47
1.192330225469e-47
1.074270510939e-47
9.346457829141e-48
7.202772396548e-48
6.788365821510e-48
6.247156091360e-48
4.782576385978e-48
4.532957352514e-48
3.468032050143e-48
2.473337233419e-48
2.239472724995e-48
1.984353054723e-48
1.463105672883e-48
8.555401419236e-49
3.135438712652e-49
5.294387371405e-50
#lambda_0=1.021437419670e+00
1.000000000000e+00
1.314166931921e-01
1.314166931921e-01
4.298081641342e-02
4.298081641342e-02
3.282979680941e-02
3.282979680941e-02
3.268728537293e-02
3.268728537293e-02
2.200464832621e-02
2.200464832621e-02
1.727034724955e-02
5.648396763749e-03
5.648396763749e-03
4.314383334863e-03
4.314383334863e-03
4.295654953138e-03
4.295654953138e-03
2.891778117887e-03
2.891778117887e-03
1.847350579564e-03
1.411051469555e-03
1.411051469555e-03
1.404926211667e-03
1.404926211667e-03
1.077795558547e-03
1.073116937045e-03
1.073116937045e-03
1.068458625052e-03
9.457777499507e-04
9.457777499507e-04
7.224081334122e-04
7.224081334122e-04
7.192722193699e-04
7.192722193699e-04
4.842045479603e-04
4.277026680552e-17
4.086588185529e-17
3.941782029096e-17
3.201611153598e-17
3.150093971872e-17
3.123644402951e-17
2.669193905963e-17
2.622472929563e-17
2.500476622325e-17
2.077935470375e-17
2.073459804966e-17
2.060999020616e-17
1.790947390314e-17
1.712780325109e-17
1.631849355170e-17
1.479704912987e-17
1.465767269558e-17
1.398093475429e-17
1.381044851086e-17
1.121915074347e-17
1.097539062673e-17
1.042549494494e-17
9.883948568740e-18
9.091143494850e-18
8.844173066966e-18
8.516344411311e-18
8.119828324931e-18
7.345253724919e-18
7.065648706377e-18
6.302167027398e-18
6.189610656126e-18
5.204661346069e-18
5.020954388587e-18
4.695612654215e-18
4.365428420553e-18
4.056846361171e-18
3.719368515893e-18
3.587191424103e-18
3.003041173330e-18
2.743155202437e-18
2.421326677803e-18
2.399043463466e-18
2.275863163476e-18
2.087459480941e-18
1.894543684181e-18
1.811133300166e-18
1.707842578872e-18
1.610556311778e-18
1.539557586165e-18
1.495931365406e-18
1.370310705722e-18
1.325138724456e-18
1.276075693454e-18
1.240393556092e-18
1.161536571530e-18
1.140612068595e-18
1.101506738307e-18
1.047139289164e-18
1.026948787689e-18
9.496557448921e-19
8.749864709137e-19
8.342870103207e-19
8.119440921068e-19
7.815957856009e-19
7.164967241241e-19
6.972228293986e-19
6.595465729274e-19
6.289232481194e-19
6.017348129052e-19
5.521883234033e-19
5.329014566437e-19
4.925814391531e-19
4.569076703118e-19
4.429162419740e-19
4.146164691579e-19
4.074996605606e-19
3.971247136190e-19
3.877439657201e-19
3.783709909763e-19
3.574799095702e-19
3.467433763856e-19
3.422936370207e-19
3.290085751391e-19
3.255396816687e-19
3.042279292012e-19
2.946480576200e-19
2.903418443041e-19
2.831969946520e-19
2.756028619819e-19
2.683666906525e-19
2.495138941287e-19
2.458675397139e-19
2.391537870843e-19
2.358037875926e-19
2.284849003329e-19
2.274499265175e-19
2.202229187757e-19
2.192908237310e-19
2.160764438577e-19
2.093192691525e-19
2.064613513577e-19
2.056615136861e-19
1.998772956867e-19
1.970067537107e-19
1.958406333377e-19
1.893839800446e-19
1.867960906301e-19
1.849944335557e-19
1.777789114848e-19
1.760672078308e-19
1.723976022137e-19
1.657783518421e-19
1.646131263566e-19
1.542569466746e-19
1.521891395470e-19
1.439396467482e-19
1.431560961848e-19
1.401686571940e-19
1.368252687298e-19
1.309779000621e-19
1.303328950251e-19
1.293168840060e-19
1.257654304074e-19
1.240692455543e-19
1.222368267932e-19
1.185176054135e-19
1.170085646035e-19
1.137007629509e-19
1.119808410359e-19
1.081788641249e-19
1.065963074464e-19
1.050248450358e-19
1.034839322618e-19
1.013850262399e-19
1.003712580674e-19
9.848278153278e-20
9.294806951541e-20
9.109609585127e-20
8.717462284314e-20
8.636783120559e-20
8.516239755359e-20
8.304841989631e-20
8.065843107844e-20
7.900247015945e-20
7.866160062430e-20
7.778267362886e-20
7.691397792338e-20
7.449684162459e-20
7.375549977755e-20
7.240870803193e-20
7.230766601794e-20
6.977613094533e-20
6.880266463413e-20
6.727883658573e-20
6.633205204242e-20
6.480070542152e-20
6.344513942894e-20
6.097090454292e-20
6.034105154760e-20
5.928885501417e-20
5.827158345736e-20
5.733605514711e-20
5.514234622071e-20
5.489669980904e-20
5.409073008080e-20
5.280674947263e-20
5.191350850281e-20
5.150506597348e-20
5.043533444362e-20
4.940578815288e-20
4.934996426322e-20
4.879192306263e-20
4.815814139719e-20
4.755989555969e-20
4.736390431817e-20
4.559478543679e-20
4.527192185518e-20
4.495980721070e-20
4.380428509324e-20
4.350946604765e-20
4.292819108800e-20
4.263318487928e-20
4.208188884893e-20
4.115206171108e-20
4.017979105374e-20
3.963928903498e-20
3.892546542475e-20
3.809515804752e-20
3.769970945760e-20
3.703920440477e-20
3.578004423923e-20
3.549452169216e-20
3.500344761773e-20
3.405790725451e-20
3.358259214594e-20
3.231357135394e-20
3.172068079365e-20
3.132740580994e-20
3.123305283036e-20
3.046046691934e-20
2.962238518307e-20
2.911226050432e-20
2.854447614709e-20
2.758029885844e-20
2.721087130480e-20
2.656574870771e-20
2.627325466766e-20
2.589574606262e-20
2.550700266450e-20
2.510251081105e-20
2.463647328792e-20
2.435427057594e-20
2.409422784888e-20
2.335000377198e-20
2.318267296121e-20
2.301438227091e-20
2.217160460125e-20
2.189067086018e-20
2.179435615228e-20
2.159674922070e-20
2.140916494899e-20
2.080365804843e-20
2.064833235743e-20
2.014943708231e-20
1.929688681605e-20
1.897081023206e-20
1.888636021091e-20
1.868724186686e-20
1.842116845124e-20
1.816041430557e-20
1.805793675009e-20
1.780560234614e-20
1.731430559222e-20
1.714167163789e-20
1.689391690533e-20
1.660994564500e-20
1.640250694370e-20
1.605159136237e-20
1.580087540184e-20
1.546892997032e-20
1.541858008819e-20
1.499060063311e-20
1.493781713095e-20
1.483388749466e-20
1.456406464693e-20
1.408188557838e-20
1.381648050884e-20
1.354357129312e-20
1.340792693596e-20
1.285951389219e-20
1.279796240172e-20
1.272148501490e-20
1.211151493256e-20
1.198262416589e-20
1.159004245713e-20
1.132647967596e-20
1.126067490513e-20
1.105045676734e-20
1.052716293902e-20
1.044183919257e-20
1.019718503974e-20
1.010772024547e-20
9.714875530552e-21
9.500917610594e-21
9.392184896298e-21
9.256800253789e-21
9.130521665167e-21
8.870500070274e-21
8.813136320324e-21
8.738999133118e-21
8.543570182747e-21
8.408793460648e-21
8.173286945270e-21
7.972325837345e-21
7.855151607326e-21
7.614815308504e-21
7.509540189147e-21
7.472066651971e-21
7.438529434548e-21
7.309458567248e-21
7.215145664150e-21
7.107303781370e-21
7.058393649105e-21
6.812001918571e-21
6.745125088783e-21
6.468200150700e-21
6.303784982907e-21
6.268938475002e-21
6.235770683904e-21
6.109423727364e-21
6.027765907008e-21
6.003269134458e-21
5.940055352970e-21
5.827428597300e-21
5.684895829366e-21
5.622914080420e-21
5.613050450385e-21
5.428836834385e-21
5.297592619573e-21
5.238846325188e-21
5.194832882548e-21
5.113463289799e-21
5.002192652447e-21
4.963463396333e-21
4.911441575258e-21
4.811275462542e-21
4.730553262720e-21
4.678429336711e-21
4.562275568901e-21
4.452329608223e-21
4.421617474158e-21
4.355510586971e-21
4.287162865605e-21
4.237716588994e-21
4.216318998427e-21
4.088264539412e-21
3.997903310868e-21
3.917216940474e-21
3.868327581270e-21
3.772247268394e-21
3.769241736282e-21
3.718813523834e-21
3.699157693446e-21
3.577211991574e-21
3.529621111927e-21
3.459568096579e-21
3.410142817701e-21
3.346191061716e-21
3.332487202411e-21
3.250510652946e-21
3.217596118788e-21
3.165379726474e-21
3.070264057610e-21
3.052600187282e-21
2.987764781177e-21
2.939223097837e-21
2.902564429858e-21
2.809229129873e-21
2.791442923229e-21
2.757304761639e-21
2.688992453998e-21
2.660779569217e-21
2.642997297532e-21
2.605321335948e-21
2.535473770145e-21
2.514165273918e-21
2.498675399209e-21
2.443652510356e-21
2.404437849391e-21
2.399774622620e-21
2.339281365472e-21
2.332157431882e-21
2.321959556345e-21
2.276710187796e-21
2.246382367602e-21
2.224764942544e-21
2.199350251950e-21
2.180024127550e-21
2.163592444548e-21
2.144378684063e-21
2.118710930601e-21
2.090337076208e-21
2.042776386506e-21
2.014546310539e-21
1.972811615327e-21
1.930708705226e-21
1.899870691126e-21
1.867407499475e-21
1.840516061476e-21
1.835273686303e-21
1.799887835572e-21
1.778312280705e-21
1.770790505238e-21
1.746771824560e-21
1.726135649164e-21
1.703748812823e-21
1.695925555195e-21
1.649027374027e-21
1.613068784165e-21
1.602782890485e-21
1.573880107291e-21
1.556491740523e-21
1.549953292768e-21
1.524980232547e-21
1.515106394571e-21
1.471034377966e-21
1.447437441673e-21
1.414199630780e-21
1.405030307212e-21
1.389327480182e-21
1.375842096221e-21
1.365144982946e-21
1.354081340051e-21
1.349506144928e-21
1.326786543099e-21
1.310681910479e-21
1.308227922133e-21
1.301266743432e-21
1.280133488838e-21
1.261274480739e-21
1.250924198117e-21
1.217021939309e-21
1.181612929772e-21
1.164877602132e-21
1.144665387279e-21
1.129446642828e-21
1.114242424686e-21
1.104875363559e-21
1.095650691236e-21
1.072200637334e-21
1.059903519316e-21
1.046305216949e-21
1.033588165571e-21
1.017230261374e-21
9.791309360467e-22
9.742617951516e-22
9.494859784743e-22
9.306306079403e-22
9.225901704560e-22
9.161466039886e-22
9.147473942303e-22
8.931000496875e-22
8.786863771890e-22
8.453135238400e-22
8.374084013216e-22
8.258568337702e-22
7.892924725919e-22
7.837235974865e-22
7.735824344605e-22
7.618443920153e-22
7.591180344198e-22
7.529403877926e-22
7.388028206769e-22
7.256660534181e-22
7.202595439057e-22
7.147430189256e-22
7.118316660991e-22
7.021380357490e-22
6.863550757869e-22
6.794405539813e-22
6.733179798954e-22
6.689675767554e-22
6.585692215644e-22
6.500462399512e-22
6.398356550649e-22
6.267660941822e-22
6.145173289152e-22
6.034648756089e-22
5.953878557689e-22
5.793945771319e-22
5.735933241115e-22
5.688983442224e-22
5.419435551706e-22
5.396988390843e-22
5.325229555757e-22
5.251623993927e-22
5.116267887355e-22
5.058507984408e-22
5.003864830207e-22
4.873348562421e-22
4.807225914783e-22
4.787260710868e-22
4.706273302300e-22
4.597661143130e-22
4.453668025995e-22
4.369576514625e-22
4.341764248693e-22
4.329470850709e-22
4.193457302554e-22
4.159187470314e-22
4.109494737213e-22
4.026029782347e-22
3.980531312268e-22
3.928147320045e-22
3.821306754573e-22
3.795083726454e-22
3.682810093217e-22
3.626363716500e-22
3.552560995499e-22
3.526658805678e-22
3.495708757281e-22
3.414308750144e-22
3.382917836174e-22
3.318983269188e-22
3.191826396135e-22
3.185095705916e-22
3.149899025206e-22
3.004838496501e-22
2.981828461962e-22
2.936574497364e-22
2.869254486895e-22
2.792142836238e-22
2.742483001819e-22
2.721899394436e-22
2.664210760260e-22
2.597114710072e-22
2.530262360371e-22
2.458905997114e-22
2.424309189788e-22
2.378474429049e-22
2.316713685390e-22
2.302704139518e-22
2.278844001639e-22
2.238834611166e-22
2.229220606624e-22
2.173837531959e-22
2.134865137372e-22
2.061873356792e-22
2.037982284380e-22
1.970306182809e-22
1.939793580705e-22
1.891688797173e-22
1.865968119851e-22
1.745768420123e-22
1.741154116019e-22
1.653454652686e-22
1.594906141546e-22
1.535105027083e-22
1.489629613807e-22
1.456513258453e-22
1.429011800319e-22
1.403748174463e-22
1.372234110350e-22
1.359097667257e-22
1.310790796919e-22
1.295533175371e-22
1.290072646795e-22
1.256532874044e-22
1.178872623557e-22
1.106943759576e-22
1.076337865234e-22
1.060726284866e-22
1.036269290483e-22
9.967142218654e-23
9.603943868359e-23
9.243043198467e-23
8.496331875097e-23
8.374925713211e-23
8.039431913426e-23
7.794084257568e-23
7.607686833642e-23
7.465017186039e-23
7.336545888478e-23
7.034117498573e-23
6.867564348920e-23
6.787628790805e-23
6.180478423751e-23
6.005231289757e-23
5.872367789659e-23
5.555497769534e-23
5.438944255568e-23
4.984746163557e-23
4.938152005014e-23
4.907291169315e-23
4.786380659554e-23
4.764167563135e-23
4.564510393885e-23
4.362982845508e-23
4.202728443987e-23
4.129182111430e-23
3.914255687817e-23
3.803607990608e-23
3.666740300062e-23
3.460333401773e-23
3.322186211004e-23
3.142056553321e-23
3.119362740678e-23
2.968057724842e-23
2.860292052230e-23
2.761335277059e-23
2.645717246705e-23
2.561698402289e-23
2.389931546650e-23
2.327430073081e-23
2.171442552503e-23
2.014512273827e-23
1.993043188372e-23
1.900748453530e-23
1.732651486300e-23
1.669504055646e-23
1.614002473952e-23
1.504760009060e-23
1.467212833208e-23
1.430752161870e-23
1.312845146859e-23
1.260155921825e-23
1.238485010148e-23
1.189590410264e-23
1.038790182944e-23
9.518180424617e-24
9.061739153692e-24
8.834674403997e-24
8.390401069782e-24
7.211448982346e-24
6.974050142239e-24
6.635143030309e-24
5.882991094382e-24
5.750516059817e-24
5.346242308839e-24
4.993746192386e-24
4.652322566896e-24
4.315494504709e-24
4.206783630031e-24
3.897553112132e-24
3.719155192115e-24
3.589538570690e-24
3.457066396219e-24
3.149963795937e-24
3.029076382249e-24
2.816921797903e-24
2.774532435620e-24
2.672881569372e-24
2.423338623357e-24
2.378670364859e-24
2.053426874846e-24
1.978914275170e-24
1.906828049994e-24
1.806011705031e-24
1.669104156908e-24
1.489425565302e-24
1.353401515735e-24
1.167549987399e-24
1.089260444577e-24
1.046269356964e-24
9.985813155724e-25
9.348154405759e-25
8.336355401433e-25
8.111070476306e-25
6.981035971015e-25
6.604935022505e-25
6.318708533167e-25
5.491014305341e-25
5.254004306091e-25
4.981707176061e-25
4.584259161176e-25
4.129159909794e-25
3.780490592938e-25
3.133129945880e-25
2.609166338654e-25
2.461496286727e-25
2.057986110109e-25
1.968800560859e-25
1.781696226748e-25
1.347163259054e-25
1.165261181661e-25
1.102841764326e-25
9.297336743062e-26
8.181463161107e-26
6.584974554449e-26
6.013692834048e-26
4.731646579715e-26
4.217511562239e-26
3.401055838860e-26
2.101540622935e-26
1.835620265703e-26
1.405923669040e-26
8.556730046080e-27
5.672650526708e-27
3.943430993792e-27
2.408549242275e-27
9.742440700923e-28
3.129851820027e-28
2.610655388449e-28
6.005008463846e-31
1.842033006660e-31
1.472863403485e-31
2.616361426347e-32
9.249702997560e-33
8.808643659634e-33
7.917480365586e-33
7.169437466555e-33
5.723669275576e-33
4.934480040381e-33
4.573153077409e-33
3.837056282897e-33
2.346011654532e-33
2.045868475632e-33
1.985636846336e-33
1.773729272767e-33
1.626227761350e-33
1.380872215418e-33
1.242027547446e-33
9.974747139255e-34
9.243178997988e-34
8.723669589367e-34
7.184103504029e-34
7.077541492578e-34
6.724704984958e-34
6.306322689533e-34
5.952256829588e-34
5.932067584857e-34
4.951703168047e-34
4.676061525712e-34
4.630839720892e-34
4.064942882025e-34
3.705028717108e-34
3.081423086212e-34
2.927842555761e-34
2.641484506453e-34
2.451071196979e-34
2.398778947082e-34
2.151926967492e-34
2.065981184720e-34
1.709364294108e-34
1.569509867875e-34
1.437291697682e-34
1.335111896820e-34
1.328358970545e-34
1.073595675261e-34
1.060172938852e-34
8.620918116079e-35
8.519386992351e-35
8.092404425545e-35
7.551078972074e-35
6.687544327205e-35
6.504105831751e-35
5.903696181621e-35
5.623606896143e-35
5.534488201833e-35
5.006029497403e-35
5.003688467977e-35
4.730659387303e-35
4.635914698892e-35
4.290192917983e-35
4.207199193705e-35
4.061436098871e-35
3.982144875832e-35
3.895733053110e-35
3.681795739077e-35
3.570683059230e-35
3.164338838295e-35
3.100143145534e-35
2.908733279737e-35
2.734260554002e-35
2.711283767765e-35
2.601342318774e-35
2.395394526907e-35
2.263681016343e-35
2.244250129926e-35
2.145413630679e-35
2.095926306516e-35
2.038443237509e-35
1.938043756086e-35
1.876598576915e-35
1.800786015854e-35
1.675891854416e-35
1.642913843150e-35
1.592486177592e-35
1.577229269131e-35
1.564631404363e-35
1.438081708421e-35
1.404257186975e-35
1.385771773833e-35
1.289692225014e-35
1.236958368893e-35
1.201723189805e-35
1.174567517734e-35
1.149452866618e-35
1.072055692602e-35
1.044639034617e-35
1.028468326297e-35
1.021207668824e-35
9.929809204209e-36
9.842417234473e-36
9.122493522490e-36
8.875878172863e-36
8.602026896787e-36
8.350193327090e-36
8.183363577758e-36
7.584232453812e-36
7.400392825850e-36
7.209139876055e-36
6.831886800511e-36
6.561463320136e-36
6.518302214793e-36
6.386685240857e-36
6.248877178416e-36
6.109292773280e-36
6.001040935745e-36
5.889791426245e-36
5.649322702382e-36
5.601881497811e-36
5.537314157100e-36
5.207604802680e-36
4.940324048424e-36
4.619661265329e-36
4.559259823238e-36
4.464491962847e-36
4.386988271091e-36
4.228261536410e-36
4.053643888242e-36
3.951318070526e-36
3.915115581897e-36
3.793627012018e-36
3.756556498350e-36
3.645465236987e-36
3.527612618365e-36
3.483964525931e-36
3.364441243260e-36
3.312696693229e-36
3.305283511463e-36
2.981350364484e-36
2.943902014301e-36
2.837228977761e-36
2.786878884948e-36
2.653204877334e-36
2.588137732004e-36
2.563429447972e-36
2.511052399113e-36
2.441240746878e-36
2.369409184809e-36
2.274667017523e-36
2.237814269508e-36
2.181320014275e-36
2.114186367655e-36
2.079181737654e-36
2.020350259605e-36
1.982977195257e-36
1.958303740158e-36
1.936718540644e-36
1.924055469715e-36
1.895162929333e-36
1.832079262556e-36
1.799811975772e-36
1.734162113137e-36
1.714284850575e-36
1.709850486998e-36
1.616531874579e-36
1.589008803732e-36
1.556356838367e-36
1.550575240768e-36
1.525907264691e-36
1.511714638585e-36
1.483404305559e-36
1.455951142516e-36
1.431915496784e-36
1.413012893371e-36
1.311064345613e-36
1.309405527155e-36
1.296227460322e-36
1.267758738235e-36
1.220700159686e-36
1.209956778360e-36
1.194507853736e-36
1.159425621875e-36
1.156211972840e-36
1.116053224958e-36
1.080865488370e-36
1.071329940264e-36
1.052393652485e-36
1.008318581805e-36
9.683737192650e-37
9.555326441830e-37
9.299177715897e-37
9.047941933874e-37
8.942644172198e-37
8.708652862715e-37
8.482897716475e-37
8.356882914455e-37
8.073075482621e-37
7.945575737186e-37
7.693171279342e-37
7.501248740416e-37
7.360665336321e-37
7.270892434377e-37
7.133642322078e-37
7.077337960603e-37
6.943550524197e-37
6.738144728051e-37
6.551153055764e-37
6.450757323382e-37
6.293874789761e-37
6.127681850416e-37
6.044428510440e-37
5.920419477082e-37
5.695536553083e-37
5.518844906204e-37
5.322635810606e-37
5.279644976659e-37
5.023126368262e-37
4.920162952413e-37
4.861139855744e-37
4.721715723917e-37
4.606782617696e-37
4.520766308352e-37
4.335522576393e-37
4.243930998978e-37
4.192703575218e-37
4.097352563096e-37
4.031726990301e-37
3.973642207105e-37
3.860560918918e-37
3.778275308604e-37
3.733193694102e-37
3.648170878298e-37
3.517823699294e-37
3.410922563417e-37
3.321952981905e-37
3.281022074437e-37
3.242600508306e-37
3.155092049141e-37
3.123422708829e-37
3.018941576638e-37
2.983725374345e-37
2.892426123574e-37
2.791478669327e-37
2.725711910764e-37
2.711493155592e-37
2.648636992644e-37
2.614301948370e-37
2.545406833457e-37
2.516961075737e-37
2.433641569406e-37
2.403161337516e-37
2.396535400383e-37
2.331615091340e-37
2.321219988896e-37
2.268848184330e-37
2.184958609833e-37
2.159864787252e-37
2.115255562094e-37
2.066880181805e-37
2.025390088499e-37
1.997868511797e-37
1.932724683821e-37
1.901769833815e-37
1.864087585820e-37
1.825271207149e-37
1.755376545976e-37
1.691757421864e-37
1.659470779837e-37
1.613175821902e-37
1.566820556788e-37
1.549215031059e-37
1.521485128907e-37
1.430985718979e-37
1.409383210318e-37
1.363927540077e-37
1.348233007698e-37
1.326024724019e-37
1.312906925393e-37
1.285478274675e-37
1.268994921625e-37
1.216961742712e-37
1.188664144662e-37
1.161817105424e-37
1.118549045097e-37
1.114634277032e-37
1.078146480983e-37
1.039383818220e-37
1.036526240284e-37
1.022591125524e-37
1.007653976155e-37
9.811364791853e-38
9.624039523216e-38
9.292668185451e-38
8.655529522220e-38
8.496059069887e-38
8.386939241911e-38
8.172471469284e-38
8.075880761034e-38
7.896791574927e-38
7.854504378660e-38
7.610021514133e-38
7.421178399354e-38
7.275193188147e-38
7.219552251624e-38
6.968801938078e-38
6.840679628164e-38
6.759183180270e-38
6.512067579573e-38
6.407233332164e-38
6.183853658249e-38
6.029619657915e-38
5.955505305767e-38
5.874256091341e-38
5.700648542024e-38
5.534569180866e-38
5.355185547190e-38
5.242160873542e-38
5.153531438858e-38
4.992970686143e-38
4.749970106438e-38
4.721648843247e-38
4.605664222795e-38
4.464898372729e-38
4.357708871948e-38
4.305409306526e-38
4.189794622592e-38
4.096056535413e-38
4.033727452884e-38
3.963520432160e-38
3.880985784632e-38
3.783432006190e-38
3.632215171005e-38
3.587275306487e-38
3.527723374200e-38
3.439789850728e-38
3.322614153152e-38
3.212113808090e-38
3.103767121989e-38
3.009965213097e-38
2.958639910017e-38
2.831465234546e-38
2.810421640575e-38
2.578125992414e-38
2.516783426393e-38
2.463396168216e-38
2.412916797802e-38
2.378494829863e-38
2.321714917068e-38
2.231916969351e-38
2.174063953458e-38
2.111552614311e-38
2.014319799064e-38
1.892561630947e-38
1.854668613844e-38
1.787972697188e-38
1.758901481697e-38
1.714096273265e-38
1.658658987135e-38
1.648938663864e-38
1.636931821120e-38
1.535894161570e-38
1.464682287689e-38
1.402806173791e-38
1.329528097390e-38
1.282528538875e-38
1.202326154601e-38
1.143472896250e-38
1.098298012887e-38
1.078013673190e-38
1.060201843354e-38
1.039529770982e-38
9.526360741400e-39
9.462724096828e-39
9.169674700278e-39
8.833176817319e-39
8.629291522867e-39
8.338144030478e-39
8.009283878649e-39
7.757445280133e-39
7.486618839388e-39
6.904993695252e-39
6.682465842528e-39
6.457378056256e-39
6.409060455326e-39
6.147143643665e-39
5.952556163044e-39
5.722636607085e-39
5.412361952569e-39
5.248139016685e-39
5.015927020314e-39
4.942326581399e-39
4.747203011036e-39
4.535818406506e-39
4.367480892485e-39
4.335536801392e-39
4.088365591988e-39
3.963858020410e-39
3.742197556846e-39
3.633040883357e-39
3.430690068921e-39
3.324690602911e-39
3.217658188782e-39
3.060461989953e-39
2.985070418859e-39
2.956361107184e-39
2.821773081764e-39
2.613862852239e-39
2.500444934928e-39
2.327891219656e-39
2.176419804330e-39
2.135613193841e-39
2.014027375515e-39
1.986146201583e-39
1.908376393102e-39
1.839741173456e-39
1.795801474953e-39
1.743406154406e-39
1.597171517661e-39
1.525030878631e-39
1.500443740884e-39
1.413597529857e-39
1.312287011388e-39
1.266328328105e-39
1.212758458974e-39
1.118670994135e-39
1.062184700677e-39
9.848476910939e-40
9.589753973141e-40
8.775649379227e-40
7.990764581709e-40
7.888416281946e-40
7.438206726375e-40
7.094274272401e-40
6.872815967172e-40
6.466158751085e-40
6.314404104768e-40
5.643414341494e-40
5.386132581994e-40
4.892480888626e-40
4.741345558185e-40
4.542616923824e-40
4.316320321587e-40
4.250487979638e-40
3.971924184409e-40
3.783321409442e-40
3.672182589330e-40
3.636126790179e-40
3.404384474062e-40
3.050973293955e-40
2.895684287452e-40
2.767995906016e-40
2.625221701249e-40
2.450006732973e-40
2.378160939637e-40
2.135437260600e-40
2.013062489638e-40
1.943776537276e-40
1.730512106672e-40
1.689148762711e-40
1.546783697466e-40
1.460853004589e-40
1.421048448587e-40
1.384708438022e-40
1.274756239939e-40
1.197727365029e-40
1.129401493856e-40
1.085399286077e-40
9.799045390733e-41
9.263133299987e-41
8.805890847882e-41
7.777465609316e-41
7.595902422027e-41
7.166206756978e-41
6.752191983445e-41
5.880206753060e-41
5.083578265954e-41
4.755750452855e-41
4.511966446881e-41
4.100922874292e-41
3.637112366012e-41
3.384028737402e-41
3.333107863429e-41
3.022455928193e-41
2.827585195774e-41
2.499293874613e-41
2.445460832241e-41
2.285334830666e-41
2.033290954473e-41
1.979490545336e-41
1.669692611013e-41
1.511743637143e-41
1.389375178277e-41
1.275845220897e-41
1.213670981172e-41
1.097833822085e-41
1.030929663327e-41
8.764706926144e-42
7.690543727862e-42
6.878005113338e-42
6.426278102453e-42
5.221727779364e-42
4.628724783279e-42
3.726368449358e-42
3.488763533576e-42
2.889405003517e-42
2.426970594986e-42
2.226271695339e-42
1.699905104947e-42
1.352012980866e-42
1.227468275714e-42
1.047656078468e-42
9.248455699326e-43
8.142232232024e-43
7.153669910490e-43
5.834279888232e-43
4.213093411456e-43
3.910495701187e-43
3.361554719691e-43
3.313606540683e-43
2.811986111603e-43
1.758062884482e-43
1.720175008743e-43
1.382883284354e-43
1.114149104974e-43
9.666070827172e-44
8.286471746018e-44
7.234716089573e-44
5.059001880153e-44
4.511526900879e-44
4.110627653664e-44
2.581234504938e-44
2.454562584161e-44
2.006408757615e-44
1.808276809008e-44
1.502736651816e-44
1.046305547740e-44
9.238650096903e-45
8.821421245549e-45
7.787503356821e-45
7.297353704765e-45
6.629189485154e-45
6.278391830352e-45
5.337393146957e-45
4.908326402322e-45
4.384942249789e-45
3.753222240476e-45
3.467506145028e-45
3.293626902553e-45
2.922249766322e-45
2.846286737925e-45
2.663281606807e-45
2.518185827008e-45
2.345249309707e-45
2.216482472620e-45
2.113656839809e-45
1.803357980155e-45
1.639021387568e-45
1.587613205523e-45
1.553315249223e-45
1.402646562998e-45
1.337110501973e-45
1.158391748300e-45
9.657403190364e-46
9.043780380157e-46
8.257917426050e-46
7.510038159917e-46
6.646908920226e-46
6.131009082131e-46
5.870673288148e-46
5.550124310693e-46
5.181798166569e-46
4.645962484855e-46
4.482343935113e-46
3.714944311087e-46
3.476422732974e-46
3.189618927088e-46
2.934998958609e-46
2.691505970967e-46
2.374542212241e-46
2.159105593886e-46
2.073168724049e-46
1.722775722107e-46
1.389841482710e-46
1.302427732871e-46
1.067876223768e-46
9.182448809840e-47
7.938055109064e-47
5.866421358879e-47
4.748701190560e-47
4.420911997785e-47
3.577205221626e-47
2.938692678798e-47
2.469617253187e-47
1.439227644410e-47
7.975123205652e-48
3.834199299105e-48
4.784524674074e-49
