#lambda_0=3.113752237999e-01
1.000000000000e+00
9.349760829174e-01
9.349760829174e-01
9.103998500982e-01
8.773664627614e-01
8.322248725249e-01
8.322248725249e-01
7.881103486902e-01
7.688094718633e-01
7.687977076958e-01
7.687977076958e-01
7.537668081708e-01
6.839589942611e-01
6.804384204772e-01
6.745024611940e-01
6.745024611940e-01
6.706572063741e-01
6.696137904140e-01
6.184079967002e-01
6.184079967002e-01
5.967630503247e-01
5.907347341605e-01
5.746863390824e-01
5.230608403937e-01
5.215003876024e-01
5.215003876024e-01
5.116343612594e-01
5.051540874494e-01
5.051540874494e-01
4.687101589921e-01
4.611849052863e-01
4.611849052863e-01
4.601333335557e-01
4.407108303666e-01
4.365777377045e-01
4.349986227313e-01
4.349986227313e-01
4.261549414191e-01
3.989864945518e-01
3.989864945518e-01
3.697381423616e-01
3.653717161518e-01
3.653717161518e-01
3.641142861027e-01
3.641142861027e-01
3.580348343921e-01
3.376424818415e-01
3.315611226455e-01
3.252311417733e-01
3.234085659501e-01
3.234085659501e-01
3.219754186198e-01
3.189432069328e-01
3.183315171845e-01
2.987633714072e-01
2.481251752312e-01
2.409733014022e-01
2.409733014022e-01
2.338196155905e-01
2.006784178631e-01
2.002919216342e-01
2.002919216342e-01
1.959684738551e-01
1.512620292539e-01
1.461550321292e-01
1.461550321292e-01
1.425044267449e-01
1.285173422345e-01
1.284319863098e-01
1.247367516855e-01
1.247367516855e-01
1.162662911633e-01
1.162662911633e-01
1.141319546285e-01
1.084431824594e-01
1.065202862748e-01
1.065202862748e-01
1.054815566822e-01
1.042614284793e-01
1.016499612877e-01
1.005817789615e-01
9.999993446836e-02
9.999993446836e-02
9.274638504813e-02
9.274638504813e-02
9.010155523236e-02
8.966451252585e-02
8.681177259695e-02
8.681177259695e-02
8.609811283111e-02
8.482762565116e-02
8.409821012037e-02
8.405276942974e-02
8.296113861607e-02
8.296113861607e-02
8.260049598545e-02
8.117574982334e-02
8.117574982334e-02
8.086062189917e-02
7.727264795252e-02
7.551161174464e-02
7.349364695952e-02
7.349364695952e-02
7.088699925639e-02
6.971246519235e-02
6.971246519235e-02
6.863869261358e-02
6.852358971245e-02
6.674583043146e-02
6.646451619586e-02
6.646451619586e-02
6.610952562499e-02
6.486398229561e-02
6.403814773511e-02
6.379379667593e-02
6.224539240543e-02
6.224539240543e-02
6.136066631202e-02
6.123108919000e-02
6.063038372655e-02
6.063038372655e-02
6.055252593388e-02
5.980976769991e-02
5.878523470126e-02
5.718178718603e-02
5.701729130089e-02
5.679901275142e-02
5.633702668602e-02
5.633702668602e-02
5.549990374687e-02
5.549990374686e-02
5.489605548065e-02
5.460343470198e-02
5.460343470198e-02
5.454895882147e-02
5.400233381834e-02
5.400233381834e-02
5.359554323091e-02
5.196871494845e-02
5.190385006234e-02
5.167008378770e-02
5.167008378770e-02
5.148264929133e-02
5.104837343789e-02
5.086435596661e-02
5.086435596661e-02
5.069421823021e-02
5.014522611010e-02
4.970714806730e-02
4.970714806730e-02
4.955790710841e-02
4.813380943603e-02
4.800192749716e-02
4.800192749716e-02
4.731745581724e-02
4.695168023805e-02
4.675822874695e-02
4.675822874695e-02
4.652991406539e-02
4.652991406539e-02
4.639666068378e-02
4.476805433634e-02
4.461601586642e-02
4.461601586642e-02
4.451126843144e-02
4.437182120019e-02
4.398826106849e-02
4.376345969543e-02
4.376345969543e-02
4.306625915014e-02
4.302429743727e-02
4.302274841224e-02
4.279436347634e-02
4.261364553454e-02
4.261364553454e-02
4.260453410268e-02
4.232245708678e-02
4.232245708678e-02
4.193466202702e-02
4.062885070518e-02
4.062885070518e-02
4.059823210512e-02
4.055871779487e-02
4.022234562621e-02
3.988777134437e-02
3.988777134437e-02
3.962297390491e-02
3.962297390491e-02
3.936335765917e-02
3.918950214588e-02
3.866237525753e-02
3.866237525753e-02
3.861249828516e-02
3.858429650336e-02
3.782126012159e-02
3.781931247876e-02
3.763219212052e-02
3.723754465376e-02
3.723754465376e-02
3.716110314978e-02
3.654969284070e-02
3.642965852516e-02
3.642965852516e-02
3.625423884533e-02
3.610796814464e-02
3.576167487125e-02
3.576167487125e-02
3.573549235595e-02
3.564878829565e-02
3.545353667014e-02
3.529743838795e-02
3.529743838795e-02
3.512551629798e-02
3.499938284155e-02
3.499938284155e-02
3.457127116645e-02
3.433108619460e-02
3.407322695021e-02
3.407322695021e-02
3.389710917286e-02
3.379778800677e-02
3.379778800677e-02
3.364459271397e-02
3.364311448990e-02
3.355198454630e-02
3.345177916768e-02
3.345177916768e-02
3.314931576115e-02
3.310518433702e-02
3.310518433702e-02
3.260105515221e-02
3.253380940044e-02
3.253380940044e-02
3.237025673474e-02
3.233507027315e-02
3.223845927217e-02
3.201532507342e-02
3.201532507341e-02
3.194063657906e-02
3.181111747489e-02
3.173320280871e-02
3.173320280871e-02
3.155531931259e-02
3.138506983233e-02
3.132391775442e-02
3.132391775442e-02
3.110523687589e-02
3.100357655735e-02
3.092033295687e-02
3.092033295687e-02
3.079147110869e-02
3.068005429785e-02
3.068005429785e-02
3.035726482702e-02
3.025626459888e-02
3.015888141629e-02
3.015888141628e-02
3.001390423161e-02
2.979571586763e-02
2.979571586763e-02
2.947961442858e-02
2.947170152518e-02
2.947170152517e-02
2.917919566631e-02
2.912005492243e-02
2.910749672413e-02
2.903015023380e-02
2.903015023380e-02
2.872246840810e-02
2.860292549433e-02
2.852140062270e-02
2.850571721400e-02
2.850571721400e-02
2.847091860345e-02
2.843804524716e-02
2.835604394506e-02
2.815752144444e-02
2.815752144444e-02
2.799727932105e-02
2.781381451652e-02
2.775685819788e-02
2.775685819788e-02
2.760043395369e-02
2.760043395369e-02
2.749085449477e-02
2.749085449477e-02
2.747030631707e-02
2.742271670486e-02
2.722479840737e-02
2.722479840737e-02
2.721430943855e-02
2.680369421361e-02
2.672646282480e-02
2.672646282480e-02
2.671097850225e-02
2.667699659402e-02
2.665718534239e-02
2.646247747305e-02
2.646247747305e-02
2.644821057294e-02
2.626193760338e-02
2.617206122512e-02
2.617206122512e-02
2.589775069725e-02
2.589775069725e-02
2.585931604963e-02
2.572392343169e-02
2.562063539781e-02
2.558690506834e-02
2.558690506834e-02
2.551629856494e-02
2.539119667708e-02
2.539119667708e-02
2.515224003048e-02
2.501470129045e-02
2.490388524179e-02
2.485193226306e-02
2.485193226306e-02
2.480255961505e-02
2.471549356213e-02
2.471100731194e-02
2.469874338851e-02
2.469874338851e-02
2.459050275070e-02
2.458954316036e-02
2.458834558145e-02
2.447880663778e-02
2.447880663778e-02
2.413567467589e-02
2.407573822851e-02
2.407099359797e-02
2.389867706541e-02
2.376050081778e-02
2.376050081778e-02
2.363815342203e-02
2.358502586647e-02
2.358502586647e-02
2.344929468191e-02
2.335895722526e-02
2.324349864373e-02
2.324349864373e-02
2.311565918998e-02
2.311565918998e-02
2.301505102690e-02
2.295908495677e-02
2.287835503324e-02
2.283686993630e-02
2.277922082043e-02
2.277922082043e-02
2.243308849308e-02
2.237724877615e-02
2.224187987330e-02
2.218919390922e-02
2.218919390922e-02
2.216104556977e-02
2.201311299705e-02
2.201311299705e-02
2.185917851909e-02
2.169330888728e-02
2.169330888728e-02
2.163563358091e-02
2.156302252597e-02
2.139866217101e-02
2.139866217101e-02
2.138280636172e-02
2.123050549305e-02
2.114033447775e-02
2.109536111613e-02
2.104767677262e-02
2.104767677262e-02
2.103330114152e-02
2.089646101411e-02
2.089646101411e-02
2.082722403386e-02
2.079083028976e-02
2.074519292629e-02
2.048086944814e-02
2.048086944814e-02
2.046647311736e-02
2.046647311736e-02
2.037898470380e-02
2.022151746012e-02
2.015281945535e-02
2.011956523730e-02
2.011956523730e-02
2.009339396745e-02
1.989602414612e-02
1.978928862076e-02
1.972943616501e-02
1.965965378713e-02
1.965965378713e-02
1.946308134284e-02
1.946308134284e-02
1.943591084634e-02
1.941366725426e-02
1.938045619148e-02
1.926931572133e-02
1.926931572133e-02
1.903349143158e-02
1.901629916198e-02
1.898666217933e-02
1.898666217933e-02
1.890004381898e-02
1.875092948495e-02
1.875092948495e-02
1.870102082157e-02
1.862749271323e-02
1.862749271323e-02
1.859325115138e-02
1.858560333864e-02
1.836141992493e-02
1.836141992493e-02
1.826605417882e-02
1.816127075861e-02
1.810965849456e-02
1.796111876741e-02
1.796111876741e-02
1.787519407933e-02
1.777467208322e-02
1.777467208322e-02
1.775673099984e-02
1.774755282087e-02
1.764232554023e-02
1.756793899736e-02
1.731169475906e-02
1.729807614229e-02
1.729807614229e-02
1.729201423570e-02
1.728706854027e-02
1.726363438730e-02
1.719448418415e-02
1.719448418415e-02
1.705694180196e-02
1.702080489413e-02
1.692837101897e-02
1.692837101897e-02
1.686084994544e-02
1.686084994544e-02
1.677934221898e-02
1.672556268492e-02
1.672556268492e-02
1.663403036120e-02
1.659387945801e-02
1.659339881456e-02
1.659339881456e-02
1.650792077387e-02
1.642878663150e-02
1.642878663150e-02
1.638060295621e-02
1.624931315611e-02
1.624931315611e-02
1.619112538408e-02
1.608845478901e-02
1.602737775929e-02
1.602454091483e-02
1.596190983644e-02
1.587299640080e-02
1.583516397186e-02
1.575879521834e-02
1.575879521834e-02
1.573512153280e-02
1.559798335803e-02
1.559798335803e-02
1.555149307868e-02
1.548254289424e-02
1.547866363031e-02
1.547866363031e-02
1.538972622547e-02
1.538972622547e-02
1.537780381557e-02
1.525093409363e-02
1.525093409363e-02
1.519984289057e-02
1.517588429831e-02
1.517588429831e-02
1.510381749206e-02
1.507337956550e-02
1.505977719612e-02
1.495230812248e-02
1.495230812248e-02
1.479138447793e-02
1.472873086141e-02
1.472873086141e-02
1.464100990699e-02
1.464100990699e-02
1.460906162618e-02
1.448198639812e-02
1.448198639812e-02
1.444870989245e-02
1.440770569801e-02
1.439809078583e-02
1.438285931304e-02
1.429320844571e-02
1.427289369633e-02
1.427289369633e-02
1.417108946251e-02
1.413879225288e-02
1.412979728011e-02
1.410312686248e-02
1.403547531652e-02
1.403547531652e-02
1.397180626877e-02
1.397180626877e-02
1.394500305421e-02
1.370700852537e-02
1.370700852537e-02
1.367294320747e-02
1.366664932897e-02
1.366406173715e-02
1.363888674709e-02
1.350580309257e-02
1.345327554563e-02
1.345327554563e-02
1.339956765518e-02
1.331881084824e-02
1.331765772161e-02
1.331765772161e-02
1.328580979271e-02
1.325556570715e-02
1.325556570715e-02
1.322059174586e-02
1.312241690775e-02
1.312241690775e-02
1.302803048808e-02
1.301496075279e-02
1.292005658923e-02
1.292005658923e-02
1.291919235029e-02
1.284916195748e-02
1.281472972359e-02
1.281472972359e-02
1.279339757665e-02
1.269579746396e-02
1.266784703779e-02
1.266784703779e-02
1.259785679672e-02
1.259785679672e-02
1.259701789982e-02
1.254049991692e-02
1.248494549517e-02
1.243333343284e-02
1.241992402692e-02
1.239345672044e-02
1.239345672044e-02
1.226090806667e-02
1.225628050635e-02
1.225216836423e-02
1.224505515832e-02
1.223335855917e-02
1.223335855917e-02
1.215506095787e-02
1.215506095787e-02
1.206696861973e-02
1.199547668168e-02
1.199309186643e-02
1.198451553090e-02
1.198451553090e-02
1.192996698733e-02
1.191436597280e-02
1.187196218166e-02
1.187196218166e-02
1.186255815775e-02
1.185394059746e-02
1.172339786895e-02
1.172339786895e-02
1.170247777773e-02
1.170095166040e-02
1.170095166040e-02
1.151667972049e-02
1.151667972049e-02
1.150263866467e-02
1.149749751630e-02
1.148696819171e-02
1.140489177186e-02
1.135302184101e-02
1.135302184101e-02
1.130412451043e-02
1.127457655028e-02
1.127457655028e-02
1.122665390910e-02
1.114146034945e-02
1.114146034945e-02
1.112202761594e-02
1.110796056998e-02
1.110562140962e-02
1.107049421948e-02
1.107049421948e-02
1.096135110192e-02
1.096135110192e-02
1.095473032687e-02
1.093601016653e-02
1.085375925920e-02
1.082703616695e-02
1.078993592581e-02
1.075916232236e-02
1.075916232236e-02
1.072195132004e-02
1.070649236445e-02
1.066389802417e-02
1.066389802417e-02
1.055277680449e-02
1.054940758287e-02
1.054940758287e-02
1.049307006236e-02
1.048995545415e-02
1.048995545415e-02
1.044812601428e-02
1.043476528381e-02
1.041966914992e-02
1.041966914992e-02
1.040140470605e-02
1.032621932518e-02
1.026071628702e-02
1.024735717474e-02
1.024068863797e-02
1.024068863797e-02
1.022182685327e-02
1.016789637618e-02
1.016789637618e-02
1.015300634745e-02
1.005684776842e-02
1.005684776842e-02
1.004943027410e-02
9.943257838581e-03
9.924403651406e-03
9.894214067388e-03
9.839539903857e-03
9.839539903857e-03
9.811666652639e-03
9.811666652639e-03
9.802946042051e-03
9.795985867641e-03
9.795985867641e-03
9.788806928767e-03
9.763172394363e-03
9.734848806234e-03
9.727867474754e-03
9.707317768076e-03
9.685505128384e-03
9.685505128384e-03
9.653752588320e-03
9.650926402526e-03
9.650926402526e-03
9.539302824624e-03
9.539302824624e-03
9.458154824642e-03
9.458154824642e-03
9.447942044176e-03
9.375559810833e-03
9.366087496468e-03
9.326515566355e-03
9.275554785418e-03
9.261925678784e-03
9.261925678784e-03
9.230302769426e-03
9.197879664450e-03
9.140385934346e-03
9.127613129910e-03
9.127613129910e-03
9.122468357675e-03
9.070391340050e-03
9.070391340050e-03
9.059022227258e-03
9.034973161887e-03
9.004987674816e-03
8.946156590328e-03
8.946156590328e-03
8.844087475079e-03
8.844087475079e-03
8.836696802388e-03
8.814402834043e-03
8.805302630650e-03
8.805302630650e-03
8.793951737251e-03
8.684233793654e-03
8.668293118730e-03
8.668293118730e-03
8.655986999724e-03
8.648010410529e-03
8.617709116388e-03
8.566315633707e-03
8.546946515437e-03
8.481039611201e-03
8.481039611201e-03
8.456757989792e-03
8.448557898374e-03
8.427108456711e-03
8.419794996386e-03
8.419794996386e-03
8.341138016159e-03
8.325856226021e-03
8.318864795398e-03
8.318864795398e-03
8.275973332494e-03
8.268006780842e-03
8.268006780841e-03
8.266612620110e-03
8.233488917660e-03
8.222868300018e-03
8.222868300018e-03
8.209648475069e-03
8.176734559833e-03
8.153670568126e-03
8.121499223450e-03
8.121499223450e-03
8.066479017122e-03
8.066479017122e-03
8.033083474769e-03
8.003078925839e-03
8.003078925839e-03
7.977729934509e-03
7.900916100391e-03
7.881743871147e-03
7.873488778089e-03
7.873488778089e-03
7.854388131279e-03
7.836238313027e-03
7.771313767246e-03
7.759741957547e-03
7.759741957547e-03
7.737929379912e-03
7.737929379912e-03
7.733990349289e-03
7.704254046207e-03
7.661695686948e-03
7.649378392437e-03
7.629605459747e-03
7.611616057246e-03
7.611616057246e-03
7.573435555828e-03
7.573435555828e-03
7.551488593354e-03
7.531845912384e-03
7.505182141798e-03
7.505182141798e-03
7.471981414058e-03
7.456644218186e-03
7.456644218185e-03
7.432566606730e-03
7.432315740593e-03
7.388411578593e-03
7.377347816878e-03
7.377347816878e-03
7.369298247918e-03
7.342248950824e-03
7.335503319734e-03
7.335503319734e-03
7.300732711813e-03
7.300167767482e-03
7.263491828858e-03
7.244441678653e-03
7.244441678653e-03
7.211614239433e-03
7.211614239433e-03
7.150661958203e-03
7.150661958203e-03
7.097187760259e-03
7.097187760259e-03
7.060203977801e-03
7.052627297391e-03
7.044268893046e-03
7.040696166241e-03
7.027983647529e-03
7.017461126080e-03
7.017461126080e-03
6.997745655268e-03
6.943037768097e-03
6.939440864726e-03
6.888385120654e-03
6.888385120654e-03
6.870406806339e-03
6.868534620268e-03
6.864171564822e-03
6.864171564822e-03
6.831996686051e-03
6.814967466250e-03
6.765311387109e-03
6.761031921663e-03
6.724758266338e-03
6.719167845664e-03
6.719167845664e-03
6.705010098060e-03
6.697155313933e-03
6.697155313933e-03
6.674233398075e-03
6.657513908811e-03
6.657513908811e-03
6.635480867963e-03
6.596622966601e-03
6.573820651513e-03
6.573820651513e-03
6.553583393468e-03
6.541377513351e-03
6.536244429052e-03
6.536244429052e-03
6.530871363881e-03
6.484645955306e-03
6.484645955306e-03
6.458981588420e-03
6.438179753050e-03
6.435101409263e-03
6.430743773340e-03
6.430743773339e-03
6.398615969411e-03
6.356694762538e-03
6.356694762538e-03
6.356450357412e-03
6.317851902680e-03
6.315287947375e-03
6.306083500722e-03
6.280681682946e-03
6.280681682946e-03
6.244684842363e-03
6.244684842363e-03
6.236533349127e-03
6.195137973226e-03
6.189971099760e-03
6.170409048340e-03
6.170409048340e-03
6.167150757645e-03
6.154015988844e-03
6.106627185159e-03
6.104675064408e-03
6.094772873957e-03
6.078528601968e-03
6.078528601968e-03
6.049502817884e-03
6.045140568077e-03
6.025692207771e-03
6.025692207771e-03
6.025679667145e-03
6.017188482179e-03
5.983801068935e-03
5.983801068935e-03
5.961405494260e-03
5.959790296194e-03
5.937478570059e-03
5.934134623647e-03
5.921737003245e-03
5.920947245658e-03
5.920947245658e-03
5.885469218375e-03
5.885469218375e-03
5.865385798895e-03
5.859622866917e-03
5.859622866917e-03
5.831459450402e-03
5.790513938676e-03
5.790513938676e-03
5.769057297752e-03
5.753665991578e-03
5.735969207421e-03
5.735969207421e-03
5.727551419030e-03
5.727551419030e-03
5.708274779441e-03
5.708274779441e-03
5.707461183516e-03
5.656749794614e-03
5.637500489821e-03
5.637500489821e-03
5.635651025404e-03
5.614184721613e-03
5.613539352040e-03
5.608502449688e-03
5.583835046693e-03
5.554029941461e-03
5.554029941461e-03
5.524494161699e-03
5.519078058831e-03
5.519078058830e-03
5.501147163694e-03
5.495323327839e-03
5.493383969052e-03
5.466867176567e-03
5.465678205980e-03
5.465678205980e-03
5.452857229890e-03
5.397770915735e-03
5.397770915735e-03
5.378544422754e-03
5.378544422754e-03
5.354676866841e-03
5.335116772622e-03
5.335082173920e-03
5.322819223669e-03
5.322819223669e-03
5.293496301106e-03
5.289226233079e-03
5.288670139806e-03
5.288670139806e-03
5.285496726120e-03
5.273308261485e-03
5.256826109475e-03
5.256826109475e-03
5.252321814166e-03
5.206279742441e-03
5.196061083664e-03
5.193812428609e-03
5.193812428609e-03
5.166340995962e-03
5.166340995962e-03
5.161599410014e-03
5.146821633016e-03
5.128402483413e-03
5.128402483413e-03
5.124427381111e-03
5.055417753840e-03
5.038442021538e-03
5.034623500665e-03
5.034623500665e-03
5.029834096741e-03
5.024700263949e-03
5.024700263949e-03
5.019190751529e-03
4.986452225229e-03
4.986452225229e-03
4.970567057189e-03
4.964743505956e-03
4.948155283164e-03
4.948155283164e-03
4.947320810446e-03
4.919798425198e-03
4.914964496900e-03
4.902974866237e-03
4.879851319098e-03
4.879851319098e-03
4.853319145041e-03
4.831154349019e-03
4.831154349019e-03
4.822365043150e-03
4.815403604033e-03
4.806647139987e-03
4.801217506543e-03
4.801217506543e-03
4.778720331409e-03
4.778720331409e-03
4.763652206016e-03
4.745469220739e-03
4.732481345652e-03
4.730249393968e-03
4.724021133150e-03
4.712720348761e-03
4.688898900135e-03
4.688898900135e-03
4.676440490159e-03
4.672363859084e-03
4.669542148258e-03
4.653010846480e-03
4.653010846480e-03
4.646305495386e-03
4.646305495386e-03
4.636800853120e-03
4.628745949868e-03
4.628745949868e-03
4.626200148757e-03
4.611290870246e-03
4.611290870246e-03
4.585270295207e-03
4.578344400927e-03
4.575236044591e-03
4.565992709552e-03
4.565992709552e-03
4.560877887340e-03
4.532210807270e-03
4.532210807269e-03
4.517931945863e-03
4.517293088751e-03
4.500215407560e-03
4.500215407560e-03
4.485903678962e-03
4.485328425522e-03
4.467608525139e-03
4.467608525139e-03
4.465562745542e-03
4.458500638885e-03
4.450515326184e-03
4.448903942885e-03
4.448903942885e-03
4.428926495865e-03
4.425680401837e-03
4.401787027050e-03
4.401787027049e-03
4.381564498012e-03
4.381564498012e-03
4.378339103659e-03
4.362647345589e-03
4.362620415939e-03
4.344618414248e-03
4.333756656523e-03
4.333756656523e-03
4.329936155309e-03
4.328636004336e-03
4.294888290318e-03
4.294888290318e-03
4.278550771120e-03
4.278550771120e-03
4.270809819793e-03
4.249984954877e-03
4.245365533299e-03
4.245365533299e-03
4.238495499488e-03
4.218675804507e-03
4.211519940556e-03
4.211245062970e-03
4.211245062970e-03
4.203401268638e-03
4.203401268638e-03
4.203399656416e-03
4.201246250087e-03
4.183618046700e-03
4.183618046700e-03
4.167295842287e-03
4.147671582095e-03
4.137371847813e-03
4.137371847813e-03
4.120622284458e-03
4.109329008543e-03
4.104638519484e-03
4.099998724195e-03
4.092507354129e-03
4.092507354128e-03
4.076880596187e-03
4.076880596187e-03
4.074776340047e-03
4.063263257505e-03
4.063263257505e-03
4.054542578465e-03
4.038138663040e-03
4.013989396791e-03
4.013989396791e-03
4.001341840989e-03
3.996195913523e-03
3.996195913523e-03
3.989454689971e-03
3.980638262757e-03
3.965213343294e-03
3.965213343293e-03
3.960300876912e-03
3.935675086538e-03
3.927392742981e-03
3.912015793485e-03
3.912015793484e-03
3.895768657818e-03
3.893021817544e-03
3.893021817544e-03
3.888162463005e-03
3.882509516992e-03
3.876182845257e-03
3.862832693941e-03
3.862319480378e-03
3.862319480378e-03
3.835499503215e-03
3.835499503215e-03
3.821412468520e-03
3.792580206736e-03
3.792160250004e-03
3.792160250004e-03
3.791359547202e-03
3.778781368339e-03
3.771178893658e-03
3.771178893658e-03
3.769225032548e-03
3.753475818128e-03
3.753475818128e-03
3.743911239836e-03
3.738571990696e-03
3.736530885055e-03
3.736530885055e-03
3.731114739175e-03
3.717456241355e-03
3.717456241355e-03
3.715653683412e-03
3.712900600068e-03
3.700504139514e-03
3.700504139514e-03
3.697333901482e-03
3.684479244063e-03
3.674678339021e-03
3.668368675487e-03
3.664940171699e-03
3.660832333597e-03
3.660832333597e-03
3.647289926338e-03
3.645851145787e-03
3.626066638694e-03
3.613733079530e-03
3.611007245581e-03
3.611007245581e-03
3.610967208200e-03
3.592341207666e-03
3.582258810467e-03
3.582258810467e-03
3.569661911183e-03
3.569661911183e-03
3.565347581606e-03
3.562323623736e-03
3.551462167601e-03
3.544408312880e-03
3.532987142556e-03
3.532987142556e-03
3.518345443698e-03
3.518345443698e-03
3.517043012172e-03
3.511631005838e-03
3.498770130226e-03
3.496454135661e-03
3.487259054529e-03
3.487259054529e-03
3.486995269578e-03
3.466533547812e-03
3.466533547812e-03
3.446723393450e-03
3.442671667781e-03
3.442671667781e-03
3.437070228233e-03
3.408892765573e-03
3.404899848878e-03
3.404060772475e-03
3.401727062183e-03
3.401727062183e-03
3.381509089838e-03
3.377575825752e-03
3.377575825752e-03
3.361874640430e-03
3.358326006613e-03
3.358326006613e-03
3.337822923740e-03
3.333623896816e-03
3.333623896816e-03
3.329518771850e-03
3.312043459821e-03
3.312043459821e-03
3.302975249875e-03
3.297662603519e-03
3.285106521712e-03
3.283406850261e-03
3.281870463294e-03
3.281870463294e-03
3.279542854394e-03
3.267046085748e-03
3.267046085748e-03
3.267008283178e-03
3.248290482972e-03
3.248290482972e-03
3.244476045689e-03
3.241963117309e-03
3.239660850970e-03
3.226557795165e-03
3.226557795165e-03
3.223756227939e-03
3.215721892525e-03
3.215721892525e-03
3.203860494939e-03
3.198894021417e-03
3.190782498837e-03
3.190782498837e-03
3.175476403263e-03
3.173570250682e-03
3.165314092877e-03
3.165314092877e-03
3.147418593870e-03
3.142367180803e-03
3.142367180803e-03
3.141677969717e-03
3.137115941725e-03
3.130928712015e-03
3.125226038319e-03
3.125226038319e-03
3.122081951699e-03
3.111676292985e-03
3.108993036729e-03
3.089266828368e-03
3.089266828367e-03
3.078700590407e-03
3.075352880841e-03
3.072395104494e-03
3.072395104494e-03
3.067900764193e-03
3.062367057178e-03
3.060596556735e-03
3.044393723320e-03
3.030406805525e-03
3.030406805525e-03
3.013242901917e-03
3.012662965038e-03
3.010702342168e-03
3.010702342168e-03
2.993600545363e-03
2.993600545363e-03
2.990060029556e-03
2.990060029556e-03
2.988653947481e-03
2.983502346612e-03
2.981806239034e-03
2.981806239034e-03
2.981340443759e-03
2.966358803715e-03
2.955108921656e-03
2.948369376958e-03
2.948320513952e-03
2.948320513952e-03
2.928708739126e-03
2.917125501421e-03
2.917125501421e-03
2.899021651393e-03
2.899021651393e-03
2.897828451984e-03
2.893336414147e-03
2.891809484558e-03
2.880452498044e-03
2.879288740941e-03
2.879288740941e-03
2.876401230498e-03
2.852068200650e-03
2.845758315647e-03
2.845356810110e-03
2.845356810110e-03
2.839420251292e-03
2.835793736446e-03
2.835793736446e-03
2.835705044514e-03
2.819730704928e-03
2.807848984740e-03
2.807848984740e-03
2.799119404749e-03
2.795398160378e-03
2.773047518329e-03
2.769405008153e-03
2.769405008152e-03
2.765153673074e-03
2.761250141428e-03
2.754618979433e-03
2.753776573971e-03
2.753776573971e-03
2.752097036153e-03
2.747621797679e-03
2.742793873178e-03
2.739420701258e-03
2.734058288392e-03
2.730445428988e-03
2.730445428988e-03
2.717824118400e-03
2.711680966582e-03
2.711680966582e-03
2.710674805978e-03
2.707940379681e-03
2.703709815484e-03
2.703709815484e-03
2.689434735624e-03
2.687347792041e-03
2.685871336883e-03
2.685871336883e-03
2.673444478490e-03
2.648314480923e-03
2.648314480923e-03
2.641637734480e-03
2.637852668335e-03
2.637852668335e-03
2.637782361292e-03
2.635584698017e-03
2.626784641953e-03
2.621210223903e-03
2.621210223903e-03
2.617597895753e-03
2.615712879874e-03
2.615712879874e-03
2.607557812150e-03
2.598232238264e-03
2.590518535476e-03
2.586213978228e-03
2.586213978228e-03
2.584199138567e-03
2.573611044701e-03
2.573487964807e-03
2.573487964807e-03
2.571977048334e-03
2.562432653056e-03
2.545479538179e-03
2.545479538179e-03
2.545176874321e-03
2.543978288392e-03
2.543978288392e-03
2.541247166329e-03
2.534012792835e-03
2.534012792835e-03
2.525970024412e-03
2.521231337639e-03
2.521231337639e-03
2.509561977251e-03
2.505716946546e-03
2.505716946546e-03
2.488835262637e-03
2.488835262637e-03
2.483355449326e-03
2.472706426467e-03
2.460824324742e-03
2.453406921980e-03
2.452865245128e-03
2.452628460856e-03
2.452628460856e-03
2.446034490744e-03
2.446034490744e-03
2.437836757978e-03
2.436933251825e-03
2.429528502534e-03
2.429528502534e-03
2.427430150543e-03
2.423746156615e-03
2.421246786185e-03
2.414694016244e-03
2.409165679034e-03
2.409165679034e-03
2.408045034156e-03
2.401742639565e-03
2.394320481850e-03
2.389085192143e-03
2.389085192143e-03
2.385481499991e-03
2.385481499991e-03
2.380826664877e-03
2.380826664877e-03
2.375888556807e-03
2.374367362674e-03
2.368495697747e-03
2.368495697747e-03
2.365039872797e-03
2.356919736960e-03
2.349458879391e-03
2.347662890479e-03
2.346420728205e-03
2.340979143852e-03
2.339892990564e-03
2.339892990564e-03
2.333772901533e-03
2.333772901533e-03
2.333488540887e-03
2.333130991375e-03
2.318142658291e-03
2.315678954020e-03
2.315678954020e-03
2.313116537475e-03
2.313108251589e-03
2.306160096545e-03
2.303036425529e-03
2.303036425529e-03
2.294189559452e-03
2.290249024714e-03
2.287522904763e-03
2.287522904763e-03
2.285666532142e-03
2.283696641717e-03
2.261737875297e-03
2.261737875297e-03
2.259075902285e-03
2.247042781791e-03
2.242336478458e-03
2.236564719743e-03
2.231421596305e-03
2.231421596305e-03
2.227169165821e-03
2.226417128747e-03
2.226417128747e-03
2.226205992233e-03
2.222864837497e-03
2.221103895926e-03
2.214432030490e-03
2.214432030490e-03
2.206323300317e-03
2.205106180530e-03
2.205106180530e-03
2.199472184815e-03
2.180460628417e-03
2.180460628417e-03
2.180209314372e-03
2.177354066851e-03
2.175918518036e-03
2.173652815227e-03
2.169527404039e-03
2.160838096257e-03
2.160838096257e-03
2.154698525679e-03
2.154698525679e-03
2.150466055439e-03
2.141230923972e-03
2.138115904117e-03
2.137492396562e-03
2.137492396562e-03
2.132543604581e-03
2.128846948457e-03
2.128520007808e-03
2.128520007808e-03
2.126741389305e-03
2.123111132056e-03
2.123111132056e-03
2.114640162949e-03
2.111918747047e-03
2.111918747047e-03
2.104877931511e-03
2.102127952280e-03
2.078409113649e-03
2.072476832226e-03
2.072476832226e-03
2.072444551933e-03
2.071791044262e-03
2.067299234098e-03
2.063510959860e-03
2.056791530862e-03
2.045338506858e-03
2.045338506858e-03
2.044106829505e-03
2.042204632525e-03
2.042204632525e-03
2.039448648383e-03
2.026820786895e-03
2.026820786895e-03
2.022966660799e-03
2.022966660799e-03
2.022448377408e-03
2.021710948319e-03
2.019524175346e-03
2.018432261097e-03
2.013406036440e-03
2.013406036440e-03
2.000643809126e-03
2.000643809126e-03
1.998270058319e-03
1.995684774276e-03
1.993216457174e-03
1.987822504203e-03
1.983112457333e-03
1.983112457333e-03
1.980232578076e-03
1.975009420938e-03
1.968696034624e-03
1.965954636295e-03
1.964199457668e-03
1.963369018883e-03
1.963369018883e-03
1.957155684500e-03
1.957155684500e-03
1.948624042841e-03
1.943587394340e-03
1.943587394340e-03
1.942247918420e-03
1.933002071685e-03
1.931727676230e-03
1.931727676230e-03
1.920587974927e-03
1.919936960261e-03
1.919936960261e-03
1.918201021169e-03
1.914265194318e-03
1.912652201554e-03
1.912652201554e-03
1.907325257083e-03
1.907325257083e-03
1.897473570227e-03
1.896348833385e-03
1.896348833385e-03
1.890127182453e-03
1.887657812762e-03
1.881178482290e-03
1.880063645095e-03
1.875674238207e-03
1.875674238207e-03
1.872219645765e-03
1.871529402226e-03
1.866995943340e-03
1.865772379729e-03
1.859941410283e-03
1.849081942236e-03
1.849081942236e-03
1.840160970432e-03
1.838004338930e-03
1.838004338930e-03
1.836467575646e-03
1.836119381100e-03
1.836119381100e-03
1.835038583056e-03
1.831898226343e-03
1.825890894194e-03
1.820779475557e-03
1.810343077900e-03
1.809294017057e-03
1.807689333367e-03
1.804762785232e-03
1.804762785232e-03
1.798814978888e-03
1.795885200591e-03
1.793737415906e-03
1.793737415906e-03
1.792275824458e-03
1.792275824458e-03
1.782142311314e-03
1.781820504582e-03
1.770224393294e-03
1.768252374966e-03
1.768252374966e-03
1.767589156237e-03
1.762601381964e-03
1.760424957158e-03
1.752987477468e-03
1.752987477468e-03
1.750610254277e-03
1.746689146139e-03
1.746689146139e-03
1.742921988422e-03
1.742921988422e-03
1.740737549409e-03
1.736070839187e-03
1.736070839187e-03
1.731366998303e-03
1.730161155588e-03
1.727290713339e-03
1.727290713339e-03
1.726802503171e-03
1.722615055135e-03
1.719314183916e-03
1.717573466604e-03
1.717573466604e-03
1.711246867897e-03
1.711246867897e-03
1.701707580592e-03
1.701057882117e-03
1.694088714870e-03
1.691388885575e-03
1.691388885575e-03
1.689128287756e-03
1.686558013441e-03
1.686558013441e-03
1.683022407175e-03
1.683022407175e-03
1.681614339709e-03
1.677763995408e-03
1.674931313969e-03
1.673514697574e-03
1.673514697574e-03
1.664701801908e-03
1.664301804683e-03
1.658728874254e-03
1.657089699224e-03
1.648278962368e-03
1.648278962368e-03
1.643458299323e-03
1.641585202243e-03
1.641585202243e-03
1.636155764581e-03
1.627945346554e-03
1.626913373680e-03
1.626913373680e-03
1.620471711095e-03
1.620471711095e-03
1.619435051671e-03
1.618949796788e-03
1.617022730936e-03
1.614415889229e-03
1.613346930555e-03
1.613346930555e-03
1.607467874189e-03
1.605897958080e-03
1.605897958080e-03
1.602290701281e-03
1.597915294205e-03
1.596057803794e-03
1.596057803794e-03
1.594132894351e-03
1.587539259221e-03
1.583353513332e-03
1.582009698313e-03
1.582009698313e-03
1.579925237371e-03
1.577800677018e-03
1.571688508701e-03
1.566522469038e-03
1.566291470681e-03
1.566291470681e-03
1.565805781975e-03
1.565663869543e-03
1.563628955926e-03
1.563628955926e-03
1.558516564858e-03
1.556599220145e-03
1.552426751479e-03
1.549506546537e-03
1.549506546537e-03
1.547673283486e-03
1.547029932804e-03
1.546134689002e-03
1.546134689002e-03
1.540943247339e-03
1.539405781751e-03
1.539405781751e-03
1.531911652637e-03
1.521021893820e-03
1.519837510537e-03
1.519837510537e-03
1.518138676420e-03
1.510255281384e-03
1.505754308399e-03
1.505626895678e-03
1.504233025903e-03
1.504233025903e-03
1.502587326580e-03
1.500191434971e-03
1.500191434971e-03
1.495404430372e-03
1.490934426789e-03
1.490934426789e-03
1.487218075507e-03
1.486730908121e-03
1.477361387096e-03
1.475369446504e-03
1.475369446504e-03
1.475159459941e-03
1.472750543417e-03
1.472016451765e-03
1.469513927889e-03
1.469513927889e-03
1.466442493815e-03
1.465003450454e-03
1.457350836404e-03
1.457350836404e-03
1.456278426788e-03
1.451679124271e-03
1.450647974319e-03
1.450647974319e-03
1.449857463714e-03
1.447219767944e-03
1.447128238055e-03
1.447128238055e-03
1.445009790589e-03
1.436487947969e-03
1.435342825981e-03
1.435342825981e-03
1.424954847602e-03
1.424375816589e-03
1.424375816589e-03
1.417424208772e-03
1.417424208772e-03
1.416502851825e-03
1.411659809642e-03
1.409010000294e-03
1.409010000294e-03
1.406994632167e-03
1.405781483586e-03
1.403830807360e-03
1.402300391788e-03
1.397625695385e-03
1.392558379542e-03
1.392558379542e-03
1.390412442783e-03
1.388378476497e-03
1.385800634318e-03
1.385800634318e-03
1.380338038811e-03
1.380338038811e-03
1.376900434749e-03
1.375024900620e-03
1.373828966526e-03
1.371225318401e-03
1.366007118922e-03
1.365758211427e-03
1.365758211427e-03
1.362307018452e-03
1.362307018452e-03
1.359427933755e-03
1.355333964178e-03
1.355333964178e-03
1.351535803634e-03
1.347041880779e-03
1.343700093322e-03
1.342016098368e-03
1.342016098368e-03
1.340528386996e-03
1.340528386996e-03
1.339461170708e-03
1.334804908436e-03
1.334270890489e-03
1.334270890489e-03
1.332711990526e-03
1.332711990526e-03
1.328678574336e-03
1.328678574336e-03
1.325713465839e-03
1.323200617260e-03
1.322670075076e-03
1.318700916560e-03
1.317353418429e-03
1.317353418429e-03
1.313968107815e-03
1.310348101426e-03
1.310220912581e-03
1.309092747979e-03
1.302673055548e-03
1.300767030300e-03
1.299211584984e-03
1.299211584984e-03
1.291191749345e-03
1.291082063988e-03
1.288524402007e-03
1.288524402007e-03
1.288511833680e-03
1.286287935056e-03
1.283543480500e-03
1.282952278922e-03
1.282952278922e-03
1.278548677456e-03
1.273126577520e-03
1.273126577520e-03
1.271997261751e-03
1.268853949763e-03
1.268723767496e-03
1.267362985239e-03
1.264550966620e-03
1.264550966620e-03
1.260886506610e-03
1.260886506610e-03
1.257007114072e-03
1.253575735629e-03
1.253054093422e-03
1.251898288212e-03
1.251898288212e-03
1.238896611276e-03
1.238588879370e-03
1.236277780297e-03
1.236277780297e-03
1.236131194690e-03
1.234651232557e-03
1.232265582235e-03
1.232265582235e-03
1.231954210632e-03
1.231527905146e-03
1.230358281388e-03
1.230358281388e-03
1.227921173290e-03
1.227921173290e-03
1.222103844026e-03
1.219837152116e-03
1.218759097212e-03
1.218590673576e-03
1.218590673576e-03
1.214270584627e-03
1.208168031503e-03
1.208168031503e-03
1.205642291656e-03
1.202866341821e-03
1.199902777206e-03
1.199902777206e-03
1.197922996482e-03
1.197751777306e-03
1.197751777306e-03
1.193904629613e-03
1.190480333690e-03
1.187420383013e-03
1.184813836039e-03
1.184813836039e-03
1.182955174882e-03
1.180674619379e-03
1.179226693383e-03
1.179226693383e-03
1.179143873993e-03
1.177346485688e-03
1.171774779129e-03
1.169597815196e-03
1.168634413704e-03
1.163217607844e-03
1.163217607844e-03
1.159558662296e-03
1.158445391798e-03
1.157940163289e-03
1.157940163289e-03
1.154282638488e-03
1.152366383382e-03
1.151698128680e-03
1.149794825884e-03
1.149794825884e-03
1.149053465843e-03
1.138188268555e-03
1.138188268555e-03
1.137388076633e-03
1.136564846899e-03
1.131730522086e-03
1.131730522086e-03
1.130093961705e-03
1.129977871452e-03
1.127461930440e-03
1.127461930440e-03
1.127189885368e-03
1.124939300620e-03
1.124939300620e-03
1.124805769639e-03
1.123432553325e-03
1.121303460526e-03
1.121303460526e-03
1.114064575657e-03
1.112556704257e-03
1.112556704257e-03
1.110289104719e-03
1.106223269154e-03
1.105454006833e-03
1.101944178587e-03
1.101944178587e-03
1.101663032606e-03
1.100184146305e-03
1.099333077611e-03
1.097107010193e-03
1.097107010193e-03
1.093352645795e-03
1.090265347679e-03
1.090265347679e-03
1.088959626884e-03
1.086297178211e-03
1.084839035897e-03
1.084328609388e-03
1.083817052302e-03
1.081959090644e-03
1.081959090644e-03
1.081524229869e-03
1.076643535036e-03
1.076643535036e-03
1.076352033920e-03
1.074751652853e-03
1.073549825250e-03
1.068184564791e-03
1.068184564791e-03
1.064441937889e-03
1.064441937889e-03
1.062025674692e-03
1.062025674692e-03
1.058799138397e-03
1.055632411900e-03
1.055436207762e-03
1.055026869750e-03
1.054752667569e-03
1.053943816400e-03
1.053943816400e-03
1.050537159282e-03
1.048487746867e-03
1.048487746867e-03
1.042009426816e-03
1.042009426816e-03
1.040218195817e-03
1.037296064000e-03
1.037296064000e-03
1.036418976952e-03
1.036023841598e-03
1.034263389919e-03
1.034263389919e-03
1.034002295303e-03
1.033473269171e-03
1.032540417386e-03
1.028965808207e-03
1.024958663839e-03
1.024958663839e-03
1.023363496378e-03
1.022993796998e-03
1.022993796998e-03
1.021284290287e-03
1.020068645426e-03
1.019910863764e-03
1.018391432907e-03
1.013799985947e-03
1.013799985947e-03
1.009227013763e-03
1.007484892978e-03
1.006454437781e-03
1.004044127120e-03
1.003943972187e-03
1.003943972187e-03
1.002600499911e-03
1.002600499911e-03
9.938431668435e-04
9.914891609848e-04
9.914891609848e-04
9.912293295473e-04
9.881777311277e-04
9.867059844629e-04
9.867059844629e-04
9.862836445885e-04
9.860290776931e-04
9.853860831325e-04
9.824263784996e-04
9.824249373810e-04
9.824249373810e-04
9.776090228005e-04
9.776090228004e-04
9.767936664307e-04
9.735780259120e-04
9.670844462249e-04
9.670844462249e-04
9.664953913787e-04
9.638507291267e-04
9.623494215168e-04
9.618710547861e-04
9.604267039412e-04
9.602350973298e-04
9.602350973297e-04
9.597935232582e-04
9.583405294757e-04
9.561189238315e-04
9.561189238315e-04
9.524844373853e-04
9.510532861889e-04
9.510532861889e-04
9.482621057759e-04
9.479964005294e-04
9.479964005294e-04
9.458657386011e-04
9.458657386011e-04
9.438245743152e-04
9.438245743152e-04
9.429472169168e-04
9.427678533924e-04
9.409616288751e-04
9.390082836983e-04
9.351538719428e-04
9.343238576875e-04
9.338575466613e-04
9.338575466613e-04
9.297643751048e-04
9.268976484700e-04
9.268976484700e-04
9.243416855892e-04
9.214459296724e-04
9.197699570014e-04
9.197699570014e-04
9.179347916193e-04
9.179347916193e-04
9.132887507434e-04
9.107726036811e-04
9.090100367632e-04
9.089457310456e-04
9.078536465667e-04
9.067360376769e-04
9.060795970422e-04
9.060795970422e-04
9.031391691082e-04
9.012758336053e-04
9.012758336053e-04
9.001708794412e-04
9.001708794412e-04
8.988436461569e-04
8.959822282324e-04
8.956598981301e-04
8.938087152024e-04
8.937282156613e-04
8.937282156613e-04
8.907795705281e-04
8.904491931680e-04
8.886421482077e-04
8.867861339750e-04
8.867861339750e-04
8.855940549294e-04
8.826487433820e-04
8.797022520810e-04
8.797022520810e-04
8.777455554590e-04
8.744922876319e-04
8.742920744684e-04
8.742920744684e-04
8.676399217907e-04
8.676399217907e-04
8.668181649861e-04
8.666827463054e-04
8.661613284970e-04
8.661613284970e-04
8.646175915726e-04
8.635815065976e-04
8.633659131721e-04
8.633659131721e-04
8.621527138906e-04
8.604747664573e-04
8.604747664573e-04
8.602635715518e-04
8.594825665458e-04
8.508279849567e-04
8.497957889809e-04
8.497957889808e-04
8.486809640050e-04
8.472474906846e-04
8.462392626706e-04
8.459586260860e-04
8.459586260860e-04
8.441575128320e-04
8.404009395281e-04
8.403532157886e-04
8.400313973992e-04
8.400313973992e-04
8.380998557082e-04
8.348528004543e-04
8.342035749160e-04
8.342035749160e-04
8.339784404880e-04
8.335313346571e-04
8.307650798940e-04
8.307650798940e-04
8.274932573761e-04
8.274932573761e-04
8.267049031399e-04
8.226137435153e-04
8.199885544850e-04
8.199885544850e-04
8.171229747613e-04
8.150005038874e-04
8.150005038874e-04
8.147400015445e-04
8.139760198109e-04
8.131590702785e-04
8.131590702785e-04
8.121938502686e-04
8.118502251336e-04
8.102687814993e-04
8.102687814993e-04
8.092065501774e-04
8.075256461685e-04
8.072737115607e-04
8.053200020313e-04
8.053200020312e-04
8.019950748129e-04
8.019950748128e-04
8.013319611024e-04
7.998884971768e-04
7.986995851549e-04
7.972751171568e-04
7.966937109597e-04
7.957885184137e-04
7.941214928779e-04
7.941214928779e-04
7.893836494165e-04
7.893836494165e-04
7.879334995335e-04
7.879334995335e-04
7.874438387129e-04
7.851161113672e-04
7.851161113672e-04
7.827535363594e-04
7.816643455288e-04
7.816643455288e-04
7.807970063347e-04
7.803419055751e-04
7.801501045192e-04
7.783545521429e-04
7.732079414247e-04
7.722357894422e-04
7.720156533487e-04
7.691964069900e-04
7.691964069899e-04
7.683898839341e-04
7.638595382185e-04
7.638595382185e-04
7.613644977715e-04
7.609745095583e-04
7.602434818328e-04
7.596461975155e-04
7.596461975155e-04
7.590134223277e-04
7.587379469066e-04
7.578627591667e-04
7.578627591667e-04
7.570008663866e-04
7.541259671364e-04
7.541259671364e-04
7.475856775662e-04
7.471371706417e-04
7.471371706417e-04
7.465769499758e-04
7.438938095354e-04
7.438938095354e-04
7.438446131058e-04
7.428143975424e-04
7.428143975424e-04
7.418500869256e-04
7.411891118266e-04
7.397042173775e-04
7.395608333840e-04
7.358742215175e-04
7.345121848165e-04
7.345121848165e-04
7.317962236280e-04
7.308385671166e-04
7.303632385801e-04
7.303632385801e-04
7.296118936680e-04
7.295732881670e-04
7.295732881670e-04
7.284647373594e-04
7.264587659430e-04
7.234597722834e-04
7.234597722834e-04
7.220742310305e-04
7.205975140379e-04
7.204168581111e-04
7.204168581111e-04
7.187791203799e-04
7.156651757727e-04
7.153070689065e-04
7.136459553285e-04
7.130053729972e-04
7.130053729972e-04
7.115135804072e-04
7.090947482946e-04
7.090947482946e-04
7.066282251988e-04
7.040792232339e-04
7.040560896676e-04
7.040273011301e-04
7.040273011301e-04
7.039237215490e-04
7.014407085884e-04
7.014407085884e-04
6.963144400814e-04
6.963144400814e-04
6.953373794813e-04
6.945606024346e-04
6.937863007012e-04
6.890387508839e-04
6.890387508839e-04
6.876429114671e-04
6.865889097108e-04
6.858220459393e-04
6.836759951093e-04
6.836759951093e-04
6.832398026239e-04
6.807329473005e-04
6.807329473004e-04
6.782710408299e-04
6.779250259091e-04
6.775927679407e-04
6.751690175673e-04
6.751690175673e-04
6.743973124512e-04
6.731085916261e-04
6.722505105983e-04
6.717069631267e-04
6.705128571072e-04
6.702835755111e-04
6.702835755111e-04
6.693038931759e-04
6.675144602080e-04
6.663626434523e-04
6.663626434523e-04
6.637453141346e-04
6.623304433027e-04
6.618233028926e-04
6.618233028926e-04
6.616841893697e-04
6.602302087490e-04
6.600739148828e-04
6.600739148828e-04
6.582795689657e-04
6.558875953201e-04
6.558139868204e-04
6.558139868204e-04
6.538126142651e-04
6.511699921839e-04
6.506214833982e-04
6.496724692744e-04
6.496724692744e-04
6.461289045866e-04
6.428385536669e-04
6.418259693442e-04
6.418259693442e-04
6.405069128006e-04
6.388450914037e-04
6.388450914037e-04
6.371656157453e-04
6.371656157453e-04
6.363026301255e-04
6.356901458446e-04
6.352054010898e-04
6.352054010898e-04
6.350331950965e-04
6.340450574505e-04
6.340450574505e-04
6.322559301502e-04
6.314144700498e-04
6.288971170023e-04
6.288971170023e-04
6.265227352191e-04
6.263159969252e-04
6.254246859877e-04
6.254246859877e-04
6.240861308714e-04
6.235840703455e-04
6.234872577923e-04
6.234872577923e-04
6.227280257462e-04
6.227280257462e-04
6.187058695726e-04
6.183920729783e-04
6.183920729783e-04
6.171615826351e-04
6.154397768888e-04
6.142267169953e-04
6.142267169953e-04
6.133702994899e-04
6.120595785674e-04
6.119934625604e-04
6.119934625604e-04
6.096505225447e-04
6.086420675864e-04
6.082401428814e-04
6.066572505205e-04
6.066572505205e-04
6.059726068001e-04
6.031253121839e-04
6.013077395226e-04
6.013077395226e-04
6.010777647143e-04
6.004233104828e-04
5.999523184814e-04
5.986002867297e-04
5.984018717180e-04
5.984018717180e-04
5.971012493895e-04
5.958601787874e-04
5.938175581501e-04
5.938175581501e-04
5.937777403170e-04
5.932261453971e-04
5.922655729807e-04
5.922655729807e-04
5.912970843579e-04
5.909849270629e-04
5.909849270629e-04
5.893517332422e-04
5.880571497921e-04
5.880571497921e-04
5.842683502702e-04
5.842683502702e-04
5.839223265639e-04
5.836134186478e-04
5.833852709446e-04
5.810153658751e-04
5.802237040899e-04
5.802237040899e-04
5.791214421861e-04
5.770854049907e-04
5.766554551944e-04
5.763115522737e-04
5.763115522736e-04
5.755940556485e-04
5.755940556485e-04
5.729956421089e-04
5.719881119344e-04
5.719881119344e-04
5.718270793411e-04
5.717739365631e-04
5.682279752332e-04
5.666673193872e-04
5.666673193872e-04
5.654454063850e-04
5.638275529998e-04
5.636745339657e-04
5.621560187929e-04
5.621560187929e-04
5.618673967059e-04
5.607912801267e-04
5.604862499464e-04
5.600089992234e-04
5.600089992234e-04
5.577041122250e-04
5.575776373602e-04
5.551005748013e-04
5.550691820501e-04
5.550691820501e-04
5.540993495624e-04
5.540993495624e-04
5.538779361655e-04
5.502064934153e-04
5.500105560318e-04
5.495480645573e-04
5.495480645573e-04
5.489058135553e-04
5.489058135553e-04
5.482505745871e-04
5.481682783522e-04
5.456555941467e-04
5.433466827730e-04
5.429440151616e-04
5.423161398190e-04
5.423161398190e-04
5.413499295888e-04
5.403946135234e-04
5.403946135234e-04
5.399495886378e-04
5.361514861951e-04
5.361514861951e-04
5.360956824252e-04
5.339937511831e-04
5.337889099881e-04
5.337889099881e-04
5.328187809398e-04
5.315096170440e-04
5.315096170440e-04
5.313928796162e-04
5.312602324952e-04
5.310673049913e-04
5.285205147528e-04
5.277217212500e-04
5.262433093765e-04
5.261339907567e-04
5.261339907567e-04
5.258026275769e-04
5.253179556197e-04
5.253179556197e-04
5.247194652097e-04
5.228390435520e-04
5.228390435520e-04
5.208455818887e-04
5.208455818887e-04
5.194936038274e-04
5.189221544342e-04
5.154106582544e-04
5.149816772857e-04
5.149816772857e-04
5.143418467071e-04
5.141574039417e-04
5.117339485161e-04
5.117339485161e-04
5.108060684586e-04
5.103998640087e-04
5.090519285716e-04
5.079304868570e-04
5.077480522438e-04
5.077480522438e-04
5.057783597061e-04
5.054330184677e-04
5.054330184677e-04
5.047866367243e-04
5.045890650323e-04
5.045890650323e-04
5.012876702866e-04
5.003522167891e-04
5.003522167890e-04
5.002193709761e-04
4.993752908533e-04
4.978725595439e-04
4.962227783219e-04
4.962227783219e-04
4.945084577645e-04
4.937503717247e-04
4.928272893789e-04
4.922971113207e-04
4.922971113207e-04
4.909152744175e-04
4.909102736969e-04
4.895360222542e-04
4.890354187640e-04
4.890354187640e-04
4.864129584688e-04
4.861294230354e-04
4.861294230354e-04
4.860016131473e-04
4.840419591378e-04
4.840419591378e-04
4.840217590510e-04
4.831881647841e-04
4.825060620489e-04
4.797307161804e-04
4.793331313647e-04
4.790443014286e-04
4.790443014286e-04
4.780671490813e-04
4.780671490813e-04
4.767553648649e-04
4.763623815011e-04
4.763623815011e-04
4.732372890089e-04
4.732372890089e-04
4.726906281398e-04
4.719158352374e-04
4.717495496411e-04
4.715717205621e-04
4.715717205621e-04
4.696370150786e-04
4.688043299357e-04
4.688043299357e-04
4.669112360241e-04
4.664493398395e-04
4.664493398395e-04
4.661478158539e-04
4.640616654985e-04
4.615014311907e-04
4.614761232208e-04
4.607735198133e-04
4.602580528580e-04
4.602580528580e-04
4.594082621352e-04
4.593562119660e-04
4.593562119660e-04
4.589367954163e-04
4.586594522144e-04
4.552032773941e-04
4.552032773941e-04
4.547546497066e-04
4.540732209548e-04
4.535094667550e-04
4.532744742801e-04
4.509085771082e-04
4.509085771082e-04
4.508657696449e-04
4.485396188541e-04
4.476481003186e-04
4.476481003186e-04
4.457936111758e-04
4.457936111758e-04
4.457402148890e-04
4.445819065910e-04
4.445819065910e-04
4.437670383885e-04
4.431745146140e-04
4.427254542848e-04
4.406116147997e-04
4.405145311824e-04
4.405145311824e-04
4.397687940488e-04
4.394998035311e-04
4.380990526348e-04
4.372418011012e-04
4.372418011012e-04
4.365779165388e-04
4.351797860258e-04
4.351797860258e-04
4.339048880539e-04
4.335492452130e-04
4.335492452130e-04
4.313685429294e-04
4.291708177808e-04
4.290970558513e-04
4.279277756002e-04
4.267249524547e-04
4.267179806951e-04
4.267179806951e-04
4.256280889764e-04
4.256280889764e-04
4.250389075908e-04
4.250389075908e-04
4.250213000301e-04
4.249973239788e-04
4.217526923637e-04
4.209596924972e-04
4.198679677234e-04
4.198679677234e-04
4.195048934287e-04
4.192710798705e-04
4.192710798705e-04
4.182614160248e-04
4.172740393445e-04
4.168097077436e-04
4.164781990023e-04
4.160628633453e-04
4.160628633453e-04
4.148555441862e-04
4.143109265165e-04
4.135442981548e-04
4.133720957579e-04
4.133720957579e-04
4.129288924072e-04
4.129288924071e-04
4.095017956055e-04
4.086029800701e-04
4.085981171766e-04
4.071116666714e-04
4.067138105555e-04
4.067138105555e-04
4.066708108275e-04
4.063759511571e-04
4.052360791325e-04
4.052360791325e-04
4.032272209089e-04
4.024926065107e-04
4.021881092135e-04
4.021881092135e-04
4.017827779180e-04
4.010411799299e-04
4.010411799299e-04
4.007431762533e-04
4.004956731201e-04
4.004956731201e-04
4.004599548767e-04
3.994651856222e-04
3.966667610160e-04
3.965404728544e-04
3.950573901592e-04
3.950573901592e-04
3.947870856473e-04
3.934118595331e-04
3.934118595331e-04
3.924731809940e-04
3.923272669785e-04
3.895380818399e-04
3.895380818399e-04
3.886018807721e-04
3.886018807721e-04
3.885469673886e-04
3.880343594921e-04
3.876814886734e-04
3.873771057180e-04
3.873771057180e-04
3.867953649606e-04
3.865532629998e-04
3.859385740605e-04
3.859385740605e-04
3.857996977578e-04
3.842475776340e-04
3.828657270290e-04
3.828636056969e-04
3.808868926117e-04
3.808868926117e-04
3.796280838720e-04
3.796280838720e-04
3.795903651411e-04
3.787774496448e-04
3.787774496448e-04
3.787205725342e-04
3.781934347871e-04
3.769921349877e-04
3.766520246812e-04
3.766520246812e-04
3.750542488210e-04
3.737538415849e-04
3.737538415849e-04
3.730551297971e-04
3.721198990149e-04
3.717184235927e-04
3.716470350555e-04
3.716470350555e-04
3.714810529073e-04
3.707431167426e-04
3.699467303346e-04
3.699467303346e-04
3.692385651173e-04
3.681572899489e-04
3.680875818556e-04
3.675500369726e-04
3.675500369726e-04
3.673544967432e-04
3.661874558285e-04
3.638671768705e-04
3.637551341223e-04
3.637551341223e-04
3.635152280343e-04
3.632568002009e-04
3.626447474097e-04
3.624680955495e-04
3.611751261608e-04
3.611751261608e-04
3.593976977710e-04
3.593647362424e-04
3.592821388359e-04
3.580262444130e-04
3.580262444130e-04
3.572013519271e-04
3.555564249023e-04
3.555564249023e-04
3.546968058803e-04
3.545655209863e-04
3.544079458822e-04
3.544079458822e-04
3.540030345201e-04
3.530992118398e-04
3.529250216600e-04
3.523382680912e-04
3.523382680912e-04
3.518699710853e-04
3.501429966333e-04
3.501429966333e-04
3.487775930847e-04
3.485802713456e-04
3.484055713527e-04
3.484055713527e-04
3.468141035836e-04
3.459457934799e-04
3.459457934799e-04
3.459009649901e-04
3.449558882267e-04
3.449558882267e-04
3.441381154581e-04
3.440923494553e-04
3.440923494553e-04
3.430345389236e-04
3.425238235291e-04
3.419817816980e-04
3.395970011112e-04
3.394096559859e-04
3.394096559859e-04
3.391604604840e-04
3.391604604840e-04
3.389240612321e-04
3.388472987306e-04
3.388472987306e-04
3.368683395693e-04
3.357154383923e-04
3.356729435867e-04
3.356729435867e-04
3.336680102432e-04
3.334230618857e-04
3.332784279579e-04
3.332784279579e-04
3.320739983595e-04
3.320522436663e-04
3.304463046529e-04
3.304463046529e-04
3.295186330478e-04
3.285905807908e-04
3.282928277430e-04
3.282928277430e-04
3.269385619452e-04
3.268516325499e-04
3.264875919348e-04
3.258188606780e-04
3.258188606780e-04
3.246719965343e-04
3.242998090083e-04
3.242998090083e-04
3.237511498342e-04
3.231280729336e-04
3.227104320502e-04
3.227104320502e-04
3.218533109733e-04
3.214293390008e-04
3.214293390008e-04
3.214013772717e-04
3.206574139113e-04
3.204158182051e-04
3.193495777655e-04
3.193495777655e-04
3.192241684731e-04
3.185420571869e-04
3.179010175937e-04
3.179010175937e-04
3.176926347247e-04
3.176072036373e-04
3.159278448155e-04
3.151249248537e-04
3.143817057886e-04
3.143817057886e-04
3.135267212299e-04
3.135267212299e-04
3.124512924204e-04
3.118841762850e-04
3.109104381389e-04
3.109104381389e-04
3.103372810278e-04
3.100947133557e-04
3.100631883084e-04
3.100631883084e-04
3.076574085748e-04
3.067448816544e-04
3.067448816544e-04
3.066382760031e-04
3.064437711296e-04
3.062400177388e-04
3.062400177388e-04
3.036701085122e-04
3.033527109877e-04
3.033527109877e-04
3.030374170740e-04
3.029975600810e-04
3.023680047961e-04
3.023680047961e-04
3.020687364548e-04
3.003053925185e-04
3.003053925185e-04
2.999935735734e-04
2.998569048103e-04
2.995350640605e-04
2.984015939555e-04
2.979789122779e-04
2.979789122779e-04
2.971995473918e-04
2.971169591623e-04
2.971169591623e-04
2.962126432669e-04
2.952914195042e-04
2.950376877729e-04
2.950235799094e-04
2.950235799094e-04
2.944408202446e-04
2.931926089955e-04
2.925435497280e-04
2.915775775363e-04
2.908413491150e-04
2.906122095969e-04
2.898692258607e-04
2.898692258607e-04
2.889449303404e-04
2.888097763785e-04
2.888097763785e-04
2.879109503167e-04
2.876050899024e-04
2.876050899024e-04
2.864234524036e-04
2.864234524036e-04
2.860355132247e-04
2.856901259132e-04
2.856465745419e-04
2.855850746386e-04
2.837141887890e-04
2.837141887890e-04
2.815799903204e-04
2.815799903204e-04
2.813846427219e-04
2.807132320094e-04
2.801802502861e-04
2.800625528034e-04
2.791518955108e-04
2.791518955108e-04
2.786309806094e-04
2.779437846330e-04
2.778173151044e-04
2.778173151044e-04
2.775858639367e-04
2.772084290897e-04
2.763629446632e-04
2.763629446632e-04
2.756886706089e-04
2.755144856186e-04
2.755144856186e-04
2.750659189305e-04
2.738267552206e-04
2.737574011715e-04
2.737574011715e-04
2.733468402551e-04
2.731212347209e-04
2.731212347209e-04
2.730633353254e-04
2.720023835523e-04
2.707090094426e-04
2.700106657382e-04
2.694711301197e-04
2.693841697347e-04
2.692479532466e-04
2.692479532466e-04
2.682530057612e-04
2.681815597237e-04
2.681815597237e-04
2.673750760285e-04
2.673750760285e-04
2.672605699732e-04
2.656369477289e-04
2.656050448730e-04
2.656050448730e-04
2.654282777635e-04
2.648659588355e-04
2.642082269694e-04
2.632464294290e-04
2.632464294290e-04
2.628865327968e-04
2.626762302552e-04
2.614840171233e-04
2.605359901012e-04
2.605359901012e-04
2.602540379418e-04
2.602540379418e-04
2.596339939723e-04
2.594652698442e-04
2.578845104498e-04
2.574759374485e-04
2.571127775073e-04
2.571127775073e-04
2.562090037011e-04
2.562090037011e-04
2.558175710086e-04
2.557360411126e-04
2.542288540327e-04
2.542288540327e-04
2.532456304729e-04
2.529968746677e-04
2.529968746677e-04
2.520612298300e-04
2.513342828646e-04
2.508827954687e-04
2.502820934321e-04
2.497218456730e-04
2.494514133620e-04
2.493796137394e-04
2.493796137394e-04
2.491415257198e-04
2.488716678462e-04
2.488716678462e-04
2.485943540363e-04
2.484621305149e-04
2.478331400606e-04
2.478331400606e-04
2.467597191354e-04
2.463322852337e-04
2.454688865230e-04
2.454688865230e-04
2.450321223333e-04
2.447052020364e-04
2.443122339517e-04
2.443122339517e-04
2.438242083762e-04
2.436495774473e-04
2.430102165598e-04
2.419997140255e-04
2.419997140255e-04
2.411489665581e-04
2.409913665776e-04
2.409610265505e-04
2.409610265505e-04
2.394857498184e-04
2.393796374308e-04
2.391953355326e-04
2.391953355326e-04
2.387913782925e-04
2.384316086640e-04
2.376943010054e-04
2.376943010054e-04
2.372566909448e-04
2.369794348568e-04
2.369342305261e-04
2.361498699108e-04
2.361498699108e-04
2.350739788085e-04
2.333840247433e-04
2.324276996348e-04
2.324276996348e-04
2.323245377570e-04
2.322900788691e-04
2.321757070612e-04
2.319289105106e-04
2.319289105106e-04
2.315601565994e-04
2.313618199731e-04
2.309036158557e-04
2.306033476215e-04
2.306033476215e-04
2.289427371966e-04
2.286967984500e-04
2.286967984500e-04
2.279530327422e-04
2.279530327422e-04
2.272112461326e-04
2.269822730652e-04
2.267135723971e-04
2.267135723971e-04
2.264058484321e-04
2.261790252551e-04
2.259724870795e-04
2.259724870795e-04
2.254471187911e-04
2.238355477638e-04
2.233054989274e-04
2.231392977267e-04
2.231392977267e-04
2.230693037794e-04
2.220760032148e-04
2.220760032148e-04
2.215132488822e-04
2.215132488822e-04
2.199475584195e-04
2.193827348074e-04
2.193827348074e-04
2.192624691780e-04
2.190039525553e-04
2.187256853340e-04
2.187256853340e-04
2.170340398875e-04
2.170340398875e-04
2.169905535114e-04
2.169863325566e-04
2.168934965504e-04
2.167377088212e-04
2.157868956480e-04
2.157868956480e-04
2.147618453407e-04
2.140649739802e-04
2.140649739802e-04
2.136879317207e-04
2.135560978564e-04
2.125597791494e-04
2.122348123280e-04
2.115920687139e-04
2.115920687139e-04
2.111151965317e-04
2.111151965317e-04
2.108884194984e-04
2.106025703140e-04
2.106025703140e-04
2.105891532869e-04
2.096216249017e-04
2.095468119444e-04
2.095468119444e-04
2.085442285559e-04
2.083280989924e-04
2.079443297402e-04
2.073692227723e-04
2.072750948051e-04
2.072750948051e-04
2.071451538068e-04
2.063718569797e-04
2.063118192662e-04
2.063118192662e-04
2.058244637753e-04
2.058244637753e-04
2.049520503483e-04
2.047660736377e-04
2.045848990564e-04
2.044658144154e-04
2.041146825275e-04
2.041146825275e-04
2.026614137758e-04
2.015171151972e-04
2.015171151972e-04
2.013968223939e-04
2.013469328580e-04
2.013469328580e-04
2.005593378892e-04
1.997890602025e-04
1.997345465529e-04
1.996806283762e-04
1.995930440613e-04
1.995930440613e-04
1.988447852170e-04
1.986905462290e-04
1.986905462290e-04
1.981410088636e-04
1.978151043856e-04
1.969618133038e-04
1.969618133038e-04
1.966474559332e-04
1.960216848506e-04
1.956242359617e-04
1.956242359617e-04
1.948614114255e-04
1.945309461200e-04
1.944223077456e-04
1.933096149913e-04
1.932855581925e-04
1.932238873552e-04
1.932238873552e-04
1.922949134276e-04
1.922949134276e-04
1.922085771995e-04
1.917627914708e-04
1.913652457236e-04
1.913170207176e-04
1.904085455945e-04
1.904085455945e-04
1.896713113151e-04
1.896713113151e-04
1.893568826119e-04
1.890690430848e-04
1.886886136559e-04
1.882831235026e-04
1.881230335223e-04
1.881230335223e-04
1.877228961007e-04
1.877228961007e-04
1.872069891767e-04
1.870373449834e-04
1.870373449834e-04
1.862991366219e-04
1.862513717634e-04
1.862513717634e-04
1.860895935515e-04
1.855097485558e-04
1.850686746604e-04
1.846992620771e-04
1.840523292317e-04
1.840523292317e-04
1.831917525777e-04
1.828755591788e-04
1.828273013871e-04
1.823310976683e-04
1.823310976683e-04
1.818603910934e-04
1.818603910934e-04
1.816304885373e-04
1.814888550838e-04
1.814888550838e-04
1.813427755480e-04
1.805955361138e-04
1.803333395368e-04
1.799396338799e-04
1.790246930482e-04
1.790246930482e-04
1.789823180683e-04
1.775798126109e-04
1.775214737984e-04
1.775214737984e-04
1.768892264591e-04
1.768484190735e-04
1.767888934637e-04
1.766831359237e-04
1.765946233762e-04
1.765946233762e-04
1.756129508214e-04
1.756129508214e-04
1.754639161717e-04
1.752475579291e-04
1.746757153771e-04
1.746757153771e-04
1.743422739676e-04
1.741056285828e-04
1.738493822351e-04
1.733145925776e-04
1.732663438686e-04
1.732663438686e-04
1.731931862579e-04
1.725178759824e-04
1.725178759824e-04
1.715867387375e-04
1.715796542615e-04
1.712653870271e-04
1.708795436804e-04
1.708795436804e-04
1.705715409788e-04
1.705715409788e-04
1.705661222339e-04
1.701656989246e-04
1.701656989246e-04
1.697604328156e-04
1.697358379345e-04
1.692376262640e-04
1.681012550699e-04
1.681012550699e-04
1.676314069401e-04
1.671215886944e-04
1.671215886944e-04
1.668571890456e-04
1.660471338482e-04
1.657351944790e-04
1.656079737515e-04
1.655619427918e-04
1.655619427918e-04
1.651034337744e-04
1.646882306084e-04
1.646636921980e-04
1.646636921980e-04
1.644709134977e-04
1.633090579806e-04
1.630279509027e-04
1.630279509027e-04
1.620119382684e-04
1.616310153197e-04
1.613101513290e-04
1.613101513290e-04
1.605634166575e-04
1.599184175833e-04
1.599184175833e-04
1.596705913593e-04
1.595878793121e-04
1.591054327511e-04
1.591054327511e-04
1.585980208523e-04
1.584021586312e-04
1.582017591643e-04
1.581486659713e-04
1.578563806509e-04
1.574558241033e-04
1.574558241033e-04
1.571468376989e-04
1.571468376989e-04
1.567516403042e-04
1.562844867105e-04
1.561792869227e-04
1.560080550745e-04
1.560080550745e-04
1.559239565736e-04
1.557117683838e-04
1.544942637358e-04
1.544942637358e-04
1.541119165610e-04
1.541119165610e-04
1.540002125637e-04
1.535089992971e-04
1.534841342446e-04
1.534841342446e-04
1.523468178046e-04
1.516961322034e-04
1.513441319870e-04
1.508234315448e-04
1.508234315448e-04
1.502819826973e-04
1.501269010268e-04
1.501269010268e-04
1.498440645018e-04
1.494055772038e-04
1.494055772038e-04
1.490184147924e-04
1.482955673898e-04
1.480357325409e-04
1.477094995701e-04
1.477094995701e-04
1.474017119872e-04
1.469323559857e-04
1.466300813215e-04
1.459622453251e-04
1.459622453251e-04
1.457745284028e-04
1.454022188861e-04
1.454022188861e-04
1.452969395631e-04
1.449170396655e-04
1.448654601697e-04
1.448654601697e-04
1.443205360880e-04
1.438106762637e-04
1.434697266182e-04
1.434697266182e-04
1.431902476823e-04
1.431253442237e-04
1.422329154092e-04
1.421522649315e-04
1.421522649315e-04
1.420035085180e-04
1.415359183988e-04
1.415359183988e-04
1.407579028356e-04
1.405745826564e-04
1.405280525929e-04
1.400246169693e-04
1.400207009830e-04
1.400207009830e-04
1.396185263411e-04
1.395178821809e-04
1.386853459066e-04
1.386176840503e-04
1.385743442954e-04
1.385743442954e-04
1.385017565262e-04
1.379048202964e-04
1.379048202964e-04
1.378334398124e-04
1.376955016203e-04
1.372307994082e-04
1.370615663866e-04
1.370615663866e-04
1.362164145666e-04
1.360673871447e-04
1.360673871447e-04
1.359495702583e-04
1.355613362341e-04
1.350205868990e-04
1.350205868990e-04
1.346089789210e-04
1.342600316375e-04
1.338654563102e-04
1.338654563102e-04
1.335498307961e-04
1.335092865008e-04
1.333227736976e-04
1.333227736976e-04
1.326815733633e-04
1.326815733633e-04
1.324702644345e-04
1.323492285881e-04
1.318074980299e-04
1.312924867710e-04
1.312924867710e-04
1.312063660038e-04
1.306183590622e-04
1.306183590622e-04
1.304483369509e-04
1.304483369509e-04
1.302647410814e-04
1.299684838090e-04
1.298777984708e-04
1.292818753212e-04
1.292818753212e-04
1.285459133271e-04
1.285459133271e-04
1.283931571674e-04
1.282765184270e-04
1.273438467088e-04
1.267937150184e-04
1.267937150184e-04
1.267903419037e-04
1.264015009766e-04
1.262313212872e-04
1.262313212872e-04
1.257897335640e-04
1.256039317705e-04
1.256039317705e-04
1.254012993311e-04
1.247469806827e-04
1.244831980131e-04
1.240172348821e-04
1.240172348821e-04
1.238562984019e-04
1.235962739201e-04
1.234716943101e-04
1.229989492413e-04
1.229989492413e-04
1.227249491253e-04
1.225169506958e-04
1.225169506958e-04
1.223142184651e-04
1.218083524536e-04
1.216880830331e-04
1.216880830331e-04
1.211386655443e-04
1.209751767713e-04
1.209176698664e-04
1.209176698664e-04
1.208031110060e-04
1.204951663468e-04
1.202635642241e-04
1.197201347908e-04
1.195244559624e-04
1.195244559624e-04
1.194885444920e-04
1.190406945810e-04
1.190406945810e-04
1.189676998156e-04
1.189193145599e-04
1.187461591062e-04
1.180529115394e-04
1.175893515596e-04
1.175893515596e-04
1.172323571256e-04
1.172323571256e-04
1.169689189212e-04
1.168368575710e-04
1.161390574345e-04
1.160267741539e-04
1.160267741539e-04
1.156200275474e-04
1.152559812665e-04
1.149990753682e-04
1.149600090846e-04
1.149600090846e-04
1.147997219804e-04
1.142676405687e-04
1.139308785246e-04
1.139308785246e-04
1.129809510118e-04
1.129809510118e-04
1.129320113017e-04
1.127784574728e-04
1.127182310378e-04
1.121870764997e-04
1.121870764996e-04
1.121709341985e-04
1.115986373874e-04
1.115181380303e-04
1.110865762721e-04
1.110614949408e-04
1.110614949408e-04
1.106927823448e-04
1.106927823448e-04
1.106416795282e-04
1.099934451288e-04
1.093745392248e-04
1.093436002408e-04
1.093349103911e-04
1.093349103911e-04
1.087089805636e-04
1.087089805636e-04
1.080305381244e-04
1.078852998575e-04
1.078726394938e-04
1.076500130088e-04
1.075112788599e-04
1.075112788599e-04
1.069028531685e-04
1.068039759422e-04
1.068039759422e-04
1.065396610881e-04
1.064512022576e-04
1.064512022576e-04
1.060452148479e-04
1.059396738805e-04
1.059145378453e-04
1.051810736882e-04
1.050455374787e-04
1.050455374787e-04
1.047652154253e-04
1.046341039291e-04
1.045640907503e-04
1.045640907503e-04
1.045384967521e-04
1.044813574864e-04
1.038051510532e-04
1.037889466148e-04
1.037889466148e-04
1.036131441506e-04
1.035586541163e-04
1.030061718614e-04
1.025569692665e-04
1.025569692665e-04
1.021249921031e-04
1.020398281575e-04
1.018628262789e-04
1.018628262789e-04
1.017919110853e-04
1.016895960444e-04
1.011484901631e-04
1.011484901631e-04
1.010297967323e-04
1.005253532752e-04
1.004234918104e-04
1.003398476155e-04
1.003398476155e-04
9.999370628788e-05
9.963693005502e-05
9.961663596975e-05
9.961663596974e-05
9.920479448949e-05
9.885620541143e-05
9.885620541143e-05
9.842853800763e-05
9.842853800763e-05
9.820668626743e-05
9.803153032638e-05
9.783974191242e-05
9.770962654462e-05
9.750317490023e-05
9.750317490023e-05
9.727476864631e-05
9.682507367158e-05
9.651308205102e-05
9.651308205102e-05
9.637805780233e-05
9.586905031645e-05
9.586905031645e-05
9.525488500495e-05
9.507231138511e-05
9.470333468428e-05
9.470333468428e-05
9.427545379500e-05
9.404438057448e-05
9.404438057447e-05
9.394463255436e-05
9.365397865207e-05
9.365397865206e-05
9.341992902649e-05
9.308154415072e-05
9.308154415072e-05
9.287692674847e-05
9.279725044299e-05
9.229412124194e-05
9.196259630345e-05
9.196259630345e-05
9.175715585255e-05
9.162975330988e-05
9.162975330988e-05
9.133256660258e-05
9.104054006503e-05
9.096157780436e-05
9.077907674104e-05
9.057510489365e-05
9.057510489365e-05
9.009940755117e-05
8.965411890743e-05
8.955218672356e-05
8.955218672356e-05
8.937045114001e-05
8.934548833572e-05
8.869308459557e-05
8.869308459557e-05
8.861894368271e-05
8.811998316557e-05
8.786357078928e-05
8.786357078928e-05
8.749504270180e-05
8.749504270180e-05
8.698341736758e-05
8.694743674655e-05
8.694743674655e-05
8.692552788865e-05
8.691709783385e-05
8.688114505593e-05
8.656388672947e-05
8.637169543614e-05
8.637169543614e-05
8.606185613406e-05
8.568633386718e-05
8.540367023631e-05
8.511897112018e-05
8.511897112018e-05
8.509267418257e-05
8.509267418257e-05
8.488750056152e-05
8.461260185994e-05
8.461260185994e-05
8.435424069022e-05
8.433145885843e-05
8.433145885842e-05
8.427850897774e-05
8.414156641440e-05
8.405608364529e-05
8.405608364529e-05
8.349903322179e-05
8.333456849578e-05
8.327257651232e-05
8.308939380224e-05
8.304579146671e-05
8.297703394152e-05
8.297703394152e-05
8.294920209565e-05
8.280333031646e-05
8.280333031646e-05
8.159854686794e-05
8.157093039151e-05
8.145481494504e-05
8.144383144500e-05
8.144383144500e-05
8.103298201680e-05
8.103298201680e-05
8.059689078139e-05
8.034917003531e-05
8.001610150859e-05
8.001610150859e-05
7.982622458129e-05
7.953980292708e-05
7.951498053523e-05
7.951498053523e-05
7.940766263271e-05
7.937817087522e-05
7.875802011596e-05
7.875802011596e-05
7.868807391460e-05
7.837791739236e-05
7.796089294037e-05
7.766409834791e-05
7.729663942973e-05
7.729663942973e-05
7.720984629115e-05
7.720984629115e-05
7.697548123506e-05
7.691901322353e-05
7.691901322353e-05
7.670211402369e-05
7.664710120847e-05
7.623943886103e-05
7.614385118404e-05
7.598333765098e-05
7.572367610048e-05
7.547396730643e-05
7.535658879011e-05
7.528670555699e-05
7.528670555699e-05
7.517578600423e-05
7.504410927185e-05
7.494756292766e-05
7.494756292766e-05
7.464843206587e-05
7.464843206587e-05
7.408098362726e-05
7.408098362726e-05
7.400124040189e-05
7.392181961324e-05
7.392181961324e-05
7.331394354110e-05
7.310964493432e-05
7.310964493432e-05
7.289921122263e-05
7.288642746800e-05
7.282461511312e-05
7.218315858460e-05
7.218315858460e-05
7.194156505519e-05
7.178856515418e-05
7.176543213609e-05
7.176543213609e-05
7.141931015328e-05
7.102005440773e-05
7.102005440772e-05
7.089779289844e-05
7.089779289844e-05
7.081045256906e-05
7.067004991015e-05
7.052821226779e-05
7.030623228367e-05
7.023028873396e-05
7.001857503065e-05
7.001857503065e-05
6.977029888863e-05
6.976117620033e-05
6.919172785234e-05
6.864335839738e-05
6.864335839738e-05
6.829776586420e-05
6.828388874654e-05
6.828388874654e-05
6.828172025088e-05
6.763101653740e-05
6.760210696432e-05
6.760210696432e-05
6.715781677768e-05
6.705782507873e-05
6.693492819491e-05
6.692339317689e-05
6.642202218964e-05
6.642202218964e-05
6.624859212396e-05
6.624859212396e-05
6.608625426715e-05
6.561027660151e-05
6.557662404849e-05
6.553030336570e-05
6.553030336570e-05
6.517631350915e-05
6.489780313743e-05
6.489780313743e-05
6.463688039686e-05
6.447790616790e-05
6.433179953815e-05
6.422823271151e-05
6.422823271151e-05
6.397446116792e-05
6.372656335895e-05
6.359924380700e-05
6.322644721790e-05
6.313338140652e-05
6.313338140652e-05
6.286072625438e-05
6.284422857480e-05
6.284422857480e-05
6.280104460991e-05
6.230182143205e-05
6.224296814729e-05
6.224296814729e-05
6.193758134538e-05
6.193758134537e-05
6.157463607885e-05
6.153487563531e-05
6.153487563531e-05
6.139548493299e-05
6.138048120871e-05
6.131334014813e-05
6.100001448379e-05
6.100001448379e-05
6.082862182442e-05
6.049727286395e-05
6.046834459125e-05
6.046834459125e-05
6.037168109439e-05
6.034175374568e-05
6.020043078571e-05
6.020043078571e-05
6.016255201700e-05
6.005022606580e-05
5.928568146122e-05
5.924351236559e-05
5.924351236559e-05
5.912654709190e-05
5.889206831177e-05
5.826108512901e-05
5.826108512901e-05
5.796315581705e-05
5.790692834248e-05
5.783435900362e-05
5.766532953042e-05
5.766532953042e-05
5.750352341893e-05
5.750352341892e-05
5.747869524382e-05
5.731266141694e-05
5.708367561399e-05
5.708367561399e-05
5.700601600933e-05
5.681598023879e-05
5.679873815761e-05
5.679873815761e-05
5.663111253308e-05
5.592791645361e-05
5.588154565868e-05
5.556588162999e-05
5.555156081124e-05
5.555156081124e-05
5.525782675037e-05
5.520462841927e-05
5.497962204601e-05
5.497962204601e-05
5.488968896978e-05
5.488968896978e-05
5.465820610046e-05
5.461236901357e-05
5.420896400341e-05
5.420896400341e-05
5.412158870613e-05
5.379482913539e-05
5.364159439215e-05
5.364159439215e-05
5.357808629764e-05
5.349549161540e-05
5.280705334465e-05
5.263673594138e-05
5.263673594138e-05
5.262316028221e-05
5.213053603105e-05
5.195924078429e-05
5.195924078429e-05
5.194166071926e-05
5.172987764447e-05
5.172987764447e-05
5.170576541937e-05
5.149865347879e-05
5.120026833339e-05
5.120026833339e-05
5.109737073087e-05
5.080784193470e-05
5.080784193470e-05
5.043759916208e-05
5.033977697231e-05
5.028852647814e-05
4.998872237899e-05
4.998872237899e-05
4.984718126404e-05
4.976603749169e-05
4.958430578938e-05
4.958430578938e-05
4.944159522279e-05
4.938025927094e-05
4.938025927094e-05
4.922199957599e-05
4.920178374629e-05
4.920178374629e-05
4.896236553796e-05
4.849517821713e-05
4.830141310321e-05
4.830141310321e-05
4.799754224087e-05
4.785625493556e-05
4.785625493556e-05
4.758520698183e-05
4.754679488609e-05
4.754679488609e-05
4.744007474931e-05
4.727041509069e-05
4.712186562059e-05
4.712186562059e-05
4.684645857002e-05
4.676281155145e-05
4.653803664848e-05
4.652754366615e-05
4.640011930093e-05
4.640011930093e-05
4.620598187873e-05
4.620598187873e-05
4.611381279519e-05
4.570537606300e-05
4.567317993317e-05
4.556178223548e-05
4.556178223548e-05
4.553465017117e-05
4.533177350686e-05
4.533177350686e-05
4.521900762642e-05
4.516302523279e-05
4.486528562572e-05
4.486424936072e-05
4.486424936072e-05
4.486230732483e-05
4.434016154008e-05
4.432121213862e-05
4.394462393548e-05
4.394462393547e-05
4.393075088316e-05
4.354753545428e-05
4.354753545428e-05
4.344758304339e-05
4.342740369168e-05
4.336463508177e-05
4.316727144828e-05
4.305681656763e-05
4.265190710770e-05
4.251173775815e-05
4.251173775815e-05
4.240251760585e-05
4.232996667275e-05
4.232996667275e-05
4.188104838453e-05
4.168747921287e-05
4.157900636741e-05
4.157900636741e-05
4.125199062073e-05
4.125199062073e-05
4.124097238743e-05
4.100319288862e-05
4.093413686424e-05
4.093413686424e-05
4.070695648482e-05
4.053796788473e-05
4.053796788472e-05
4.050786229677e-05
4.047406736516e-05
4.022922614818e-05
4.008098800677e-05
4.008098800677e-05
3.994869809792e-05
3.989242908701e-05
3.988941975420e-05
3.981197238648e-05
3.967732625617e-05
3.967732625617e-05
3.924436534145e-05
3.924436534145e-05
3.914490031486e-05
3.901939070251e-05
3.893889996267e-05
3.893889996266e-05
3.862047615906e-05
3.855324543947e-05
3.828759034000e-05
3.828759034000e-05
3.828602775948e-05
3.823543389394e-05
3.812553622389e-05
3.795384347311e-05
3.795384347311e-05
3.787083250875e-05
3.732685865203e-05
3.732307440975e-05
3.732307440975e-05
3.692852135116e-05
3.692852135116e-05
3.688665855696e-05
3.677182130645e-05
3.677182130645e-05
3.659885740754e-05
3.628442484539e-05
3.600188452454e-05
3.596830542928e-05
3.593144268439e-05
3.593144268439e-05
3.564319083704e-05
3.562262151685e-05
3.562262151685e-05
3.546804615463e-05
3.545940387725e-05
3.535915649790e-05
3.535915649790e-05
3.526713152902e-05
3.516046095800e-05
3.470033588483e-05
3.470033588483e-05
3.453123413866e-05
3.439273110886e-05
3.439273110886e-05
3.431502741516e-05
3.415608661868e-05
3.408964937975e-05
3.368497079504e-05
3.368497079504e-05
3.368201761035e-05
3.346175600018e-05
3.343319629757e-05
3.324207311149e-05
3.299935603408e-05
3.299935603408e-05
3.293368568721e-05
3.255996124767e-05
3.255996124767e-05
3.255716273055e-05
3.239092322301e-05
3.229479102803e-05
3.203812088899e-05
3.203812088899e-05
3.184217936199e-05
3.170305520105e-05
3.166809643576e-05
3.160269248725e-05
3.160269248725e-05
3.143790100833e-05
3.134722483245e-05
3.126293733259e-05
3.126293733259e-05
3.105513025754e-05
3.105513025754e-05
3.102929921299e-05
3.075438000240e-05
3.075438000240e-05
3.073356189131e-05
3.072692252589e-05
3.047515619421e-05
3.031873974875e-05
3.031873974875e-05
2.981882343460e-05
2.981882343460e-05
2.971182133655e-05
2.969372550216e-05
2.967005413443e-05
2.963852343797e-05
2.928728457963e-05
2.928728457963e-05
2.905984214205e-05
2.899491199446e-05
2.899188364254e-05
2.898484268773e-05
2.898484268773e-05
2.865569406204e-05
2.865569406204e-05
2.836839187850e-05
2.833503099873e-05
2.833503099873e-05
2.816621185271e-05
2.776285093528e-05
2.776285093528e-05
2.767361035908e-05
2.759968973602e-05
2.758747552830e-05
2.748465142215e-05
2.715852744948e-05
2.708217462792e-05
2.695408687241e-05
2.689985427706e-05
2.689985427706e-05
2.656223697221e-05
2.636032515835e-05
2.636032515835e-05
2.633609919232e-05
2.627275483205e-05
2.614578430636e-05
2.608744124516e-05
2.573123764826e-05
2.572661168419e-05
2.572661168419e-05
2.564240129425e-05
2.564240129425e-05
2.540239820454e-05
2.534801731669e-05
2.508126952741e-05
2.506234681333e-05
2.506234681333e-05
2.500269112901e-05
2.486847946518e-05
2.486847946518e-05
2.481276692350e-05
2.438804652145e-05
2.428958039933e-05
2.428958039933e-05
2.416050993124e-05
2.405590467240e-05
2.362436782968e-05
2.354218416604e-05
2.354218416604e-05
2.346169671743e-05
2.323196865914e-05
2.323196865914e-05
2.303154139469e-05
2.300203503251e-05
2.300203503251e-05
2.290707863282e-05
2.280137101119e-05
2.269989041318e-05
2.269989041318e-05
2.248023534989e-05
2.244382665353e-05
2.242933389447e-05
2.242933389447e-05
2.216326049551e-05
2.206409839694e-05
2.202516287284e-05
2.202516287284e-05
2.196192959700e-05
2.196192959700e-05
2.175732237592e-05
2.168328124903e-05
2.146460825104e-05
2.140355269207e-05
2.135102589486e-05
2.131615807927e-05
2.131615807927e-05
2.128915260309e-05
2.104953242690e-05
2.085756065319e-05
2.082179104497e-05
2.082179104497e-05
2.079359383572e-05
2.037030382772e-05
2.036251484522e-05
2.036251484522e-05
2.021000003152e-05
2.011544620999e-05
2.011544620999e-05
2.008104736068e-05
1.976491865872e-05
1.955943895508e-05
1.955943895508e-05
1.953772937415e-05
1.934244958869e-05
1.934244958869e-05
1.933463282695e-05
1.915904358583e-05
1.915343660811e-05
1.899095003651e-05
1.896523680030e-05
1.896523680030e-05
1.868332715810e-05
1.859192776400e-05
1.859192776400e-05
1.857468797961e-05
1.820002171627e-05
1.804314597263e-05
1.804314597263e-05
1.785055842891e-05
1.781361174356e-05
1.771625254053e-05
1.766128279838e-05
1.763372294173e-05
1.763372294173e-05
1.751239054033e-05
1.740857770177e-05
1.727550892876e-05
1.727550892876e-05
1.686141740509e-05
1.686141740509e-05
1.650996926304e-05
1.647536101354e-05
1.647536101354e-05
1.638447792514e-05
1.638447792514e-05
1.629939477773e-05
1.601063760521e-05
1.591094740477e-05
1.591094740477e-05
1.583919707648e-05
1.580499570156e-05
1.567757799337e-05
1.554651570638e-05
1.550925969601e-05
1.540409282825e-05
1.521269002693e-05
1.521269002693e-05
1.509003529568e-05
1.509003529568e-05
1.487301558563e-05
1.483033715857e-05
1.472690688502e-05
1.461120288080e-05
1.461120288080e-05
1.437755942990e-05
1.432153419465e-05
1.432153419465e-05
1.423337110500e-05
1.412594579431e-05
1.370920444701e-05
1.370618231558e-05
1.366561914988e-05
1.366561914988e-05
1.356602480949e-05
1.356602480949e-05
1.337681228685e-05
1.335823032400e-05
1.286041217342e-05
1.282105090875e-05
1.282105090875e-05
1.270396570270e-05
1.254271396811e-05
1.230418505827e-05
1.230418505827e-05
1.221402544906e-05
1.214504246028e-05
1.214504246028e-05
1.199582740460e-05
1.199582740460e-05
1.192537615237e-05
1.181779247662e-05
1.168862093468e-05
1.166762192558e-05
1.158645979733e-05
1.154375228961e-05
1.146153895997e-05
1.146153895997e-05
1.129744543825e-05
1.129744543825e-05
1.116864829648e-05
1.086395965510e-05
1.086395965510e-05
1.055454663356e-05
1.054765611309e-05
1.054765611309e-05
1.025923524099e-05
1.022846207910e-05
1.020628656094e-05
1.013733180738e-05
1.008797988823e-05
9.994018692902e-06
9.994018692902e-06
9.952422404806e-06
9.655426986488e-06
9.634747027819e-06
9.634723642152e-06
9.634723642151e-06
9.594269451708e-06
9.504702757096e-06
9.504702757096e-06
9.363934971500e-06
9.121646950922e-06
8.958868751918e-06
8.958868751917e-06
8.880627620145e-06
8.880627620144e-06
8.800667988681e-06
8.795668570465e-06
8.664705589434e-06
8.492938390861e-06
8.417390095946e-06
8.417390095946e-06
8.259453433523e-06
8.195316707852e-06
8.072764341048e-06
8.072764341046e-06
7.973164398963e-06
7.876004044175e-06
7.876004044174e-06
7.723375883749e-06
7.460173005560e-06
7.307466122826e-06
7.307466122826e-06
7.304131005195e-06
7.226766868046e-06
7.085017599520e-06
7.085017599520e-06
7.037131024382e-06
6.904539476182e-06
6.904539476182e-06
6.831924335917e-06
6.806816311621e-06
6.624521465280e-06
6.624521465279e-06
6.610189021883e-06
6.596247213824e-06
6.564650701632e-06
6.411617795241e-06
6.411617795241e-06
6.252879120726e-06
5.769472442865e-06
5.769472442864e-06
5.572299081025e-06
5.562219392772e-06
5.562219392771e-06
5.519812848773e-06
5.380789567734e-06
5.348735877557e-06
5.306904578487e-06
5.306904578487e-06
5.209761483889e-06
5.112883695425e-06
4.874058943066e-06
4.802908444358e-06
4.724119437995e-06
4.724119437994e-06
4.466867949153e-06
4.427164619221e-06
4.389755686009e-06
4.389755686008e-06
4.256541292228e-06
4.256541292228e-06
4.191081869273e-06
4.189664617942e-06
4.189664617941e-06
4.104467581121e-06
4.088937524207e-06
4.008206249344e-06
3.517730310160e-06
3.459574178297e-06
3.412175249536e-06
3.412175249535e-06
3.405733446492e-06
3.306286871285e-06
3.306286871284e-06
3.279117662066e-06
3.154586383504e-06
2.945280725180e-06
2.945280725179e-06
2.874056197173e-06
2.790045088556e-06
2.779279894293e-06
2.624800833554e-06
2.624800833553e-06
2.622164485869e-06
2.106710696430e-06
2.045962446063e-06
2.045962446062e-06
1.712204613591e-06
1.712204613590e-06
1.641461873396e-06
1.556485214256e-06
1.556485214256e-06
1.543544179544e-06
1.478636270477e-06
1.460344757393e-06
1.332077210849e-06
1.185994433841e-06
1.182634302793e-06
1.087494811222e-06
1.087494811221e-06
1.007304885151e-06
7.387917024964e-07
7.387917024957e-07
3.722878543814e-07
2.502341039168e-07
2.440602188055e-07
1.131291786345e-07
1.131291786338e-07
1.408820423715e-08
1.408820423640e-08
