#lambda_0=1.018739709324e+00
1.000000000000e+00
1.314171153875e-01
1.314171153875e-01
4.298095739480e-02
4.298095739480e-02
3.282990525328e-02
3.282990525328e-02
3.268739338002e-02
3.268739338002e-02
2.200472189941e-02
2.200472189929e-02
1.727045821679e-02
5.648433437431e-03
5.648433437431e-03
4.314411446845e-03
4.314411446845e-03
4.295682947553e-03
4.295682947553e-03
2.891797076928e-03
2.891797076928e-03
2.637155970175e-03
2.637155970175e-03
2.637155970175e-03
2.637155970175e-03
1.847362698579e-03
1.411060758969e-03
1.411060758969e-03
1.404935462216e-03
1.404935462216e-03
1.077802678939e-03
1.073124027642e-03
1.073124027642e-03
1.068465685980e-03
9.457840144445e-04
9.457840144445e-04
7.224129350814e-04
7.224129350814e-04
7.192770009432e-04
7.192770009432e-04
4.842077858709e-04
3.296706488981e-04
3.296706488975e-04
3.296706488926e-04
3.296706488917e-04
3.296667397308e-04
3.296667397300e-04
3.296667397254e-04
3.296667397249e-04
1.116448230839e-04
1.116448230839e-04
1.116448230838e-04
1.116448230838e-04
1.116334574944e-04
1.116334574944e-04
1.116334574942e-04
1.116334574942e-04
4.124892751811e-05
4.124892751811e-05
4.124892751811e-05
4.124892751811e-05
1.397558520763e-05
1.397558520763e-05
1.397558520722e-05
1.397558520722e-05
1.397416226908e-05
1.397416226908e-05
1.397416226862e-05
1.397416226862e-05
4.771410239797e-06
4.771410239797e-06
4.771410239796e-06
4.771410239796e-06
1.961292218759e-13
9.824926863300e-14
2.602259085382e-14
2.602236239245e-14
1.979204885235e-14
1.979204463529e-14
1.979203762121e-14
1.979202670130e-14
1.323358003629e-14
1.323342539630e-14
8.896171384981e-15
8.896143349599e-15
8.403203998046e-15
7.822858868117e-15
7.822843836000e-15
7.822831553004e-15
7.822822792594e-15
7.060982240619e-15
7.060939827968e-15
7.036771023848e-15
7.036746071328e-15
4.838641670022e-15
4.826262254389e-15
3.929313899213e-15
3.929259641035e-15
3.685387030436e-15
3.685384683036e-15
3.685381381089e-15
3.685375376632e-15
3.450641667317e-15
2.734537892562e-15
2.734511634461e-15
2.725328720162e-15
2.725232892584e-15
2.020442411228e-15
2.019681472387e-15
2.010199153464e-15
2.009087045374e-15
2.007498809661e-15
2.007486547204e-15
2.003157205381e-15
2.002537366415e-15
1.857096329288e-15
1.854494311870e-15
1.783193619713e-15
1.179487782225e-15
1.179487110932e-15
1.113938393734e-15
1.113937899881e-15
1.113936803321e-15
1.113936167440e-15
1.099505813351e-15
1.099505022542e-15
1.099504760204e-15
1.099503374206e-15
1.074927079675e-15
1.074762729621e-15
9.359790695196e-16
9.359789728819e-16
9.327420476878e-16
9.327367419553e-16
7.533338777280e-16
7.533289220869e-16
7.533208880888e-16
7.533191018519e-16
6.400967048414e-16
6.400868077292e-16
5.302961295187e-16
5.302942165266e-16
4.031347094526e-16
3.696761753649e-16
3.696744704420e-16
3.692576158050e-16
3.684534208881e-16
3.684478267591e-16
3.330388069619e-16
3.330386811249e-16
3.330383734527e-16
3.330382235361e-16
3.308183874739e-16
3.308179802588e-16
3.308178200687e-16
3.308175885741e-16
3.198729969311e-16
3.198727671404e-16
3.187564217302e-16
3.187557052337e-16
2.707306200808e-16
2.706786132842e-16
2.671567165936e-16
2.671549652384e-16
2.647494139079e-16
2.647493757816e-16
2.644679586568e-16
2.644678703614e-16
2.638731625341e-16
2.638731400342e-16
2.537799857161e-16
2.528847593381e-16
2.528837797643e-16
2.519926574371e-16
2.500155167142e-16
2.500087742219e-16
2.182581996700e-16
2.182569662643e-16
1.736099209972e-16
1.736093741974e-16
1.729899478503e-16
1.729885117380e-16
1.691773708354e-16
1.688312178213e-16
1.680750720114e-16
1.676931244657e-16
1.653448906603e-16
1.639564801864e-16
1.617378110200e-16
1.584048157766e-16
1.567373623651e-16
1.373348641272e-16
1.232966438997e-16
1.231148421395e-16
1.226771243134e-16
1.226508532509e-16
1.224090273678e-16
1.222960947840e-16
1.199240305220e-16
1.194412438255e-16
1.186318959523e-16
1.083575201620e-16
1.083574567370e-16
1.080173665632e-16
1.080163180060e-16
8.826950058782e-17
8.826824031222e-17
8.817749905488e-17
8.817725912372e-17
8.808713843431e-17
8.808697445686e-17
8.807181434599e-17
8.759590738297e-17
8.150807106188e-17
8.150571495067e-17
8.150554995691e-17
8.150441066033e-17
8.150177874826e-17
8.150059092285e-17
8.149969864629e-17
8.149893711479e-17
7.551565431742e-17
7.550547209184e-17
7.529014730836e-17
7.525432193549e-17
7.422110346810e-17
7.421621779405e-17
7.397545883959e-17
7.376247605795e-17
7.376178630521e-17
7.354821348848e-17
6.805017712598e-17
6.804734843466e-17
6.799853783018e-17
6.799289034710e-17
6.787312222177e-17
6.787296417301e-17
6.775681918549e-17
6.775639709865e-17
6.769524296842e-17
6.769068745285e-17
6.764148890859e-17
6.763888929897e-17
6.750934858193e-17
6.750870688262e-17
6.739162577711e-17
6.739137260107e-17
5.227419856914e-17
5.111331403849e-17
5.068371947828e-17
5.068103028366e-17
5.053917602188e-17
5.053591970835e-17
4.823852859714e-17
4.802907929849e-17
4.802509154631e-17
4.798526287675e-17
4.798165812714e-17
4.792224862934e-17
4.782432972417e-17
4.782288989025e-17
4.722019534391e-17
3.731844932238e-17
3.476299540604e-17
3.432960652590e-17
3.432845014501e-17
3.318182107281e-17
2.838990988205e-17
2.818257776366e-17
2.791417577634e-17
2.764530596668e-17
2.758683850039e-17
2.755493675615e-17
2.742919585572e-17
2.738994517173e-17
2.658285410574e-17
2.237799345754e-17
2.228171309440e-17
2.220626810535e-17
2.215605993494e-17
2.185445782391e-17
2.167249484685e-17
2.138375385784e-17
2.129587485281e-17
2.129583433295e-17
2.129580467456e-17
2.129577669005e-17
2.094732276625e-17
1.929304781892e-17
1.788594755577e-17
1.788580531002e-17
1.787002597547e-17
1.786943448020e-17
1.782173843563e-17
1.782142410717e-17
1.718666172602e-17
1.718647253123e-17
1.563058652386e-17
1.528592014935e-17
1.364626325392e-17
1.330883003400e-17
1.127198866097e-17
1.115887131320e-17
1.064329111225e-17
1.058616512487e-17
1.051601564817e-17
1.050264904366e-17
1.049780946853e-17
1.049372027243e-17
1.048834176912e-17
1.048535897103e-17
1.047884465220e-17
1.033704525445e-17
1.028499588087e-17
1.012882825241e-17
1.011082258767e-17
1.002268768878e-17
9.966106782528e-18
9.959849087568e-18
9.958471039578e-18
9.939216322162e-18
9.937388842874e-18
9.928129048143e-18
9.903419884254e-18
9.753132502896e-18
9.393899580464e-18
9.391996040466e-18
9.382695013667e-18
9.380481315282e-18
9.332538539613e-18
9.295780155617e-18
9.290933426733e-18
9.286506299265e-18
8.964234032161e-18
8.935651220106e-18
8.935224341437e-18
8.935024671469e-18
8.934314314288e-18
8.892464511626e-18
8.878670969501e-18
8.876907559842e-18
8.875898231861e-18
8.372256657741e-18
7.787700316899e-18
7.782960435073e-18
7.756609977451e-18
7.743233377813e-18
7.620112986811e-18
7.610502536254e-18
7.578135258112e-18
7.565622049299e-18
7.470359889143e-18
7.411461568689e-18
7.321325667702e-18
7.184476968220e-18
7.140855120929e-18
7.068950234931e-18
6.498923430471e-18
6.419156695494e-18
5.934486003528e-18
5.930279537221e-18
5.913746879929e-18
5.909414319270e-18
5.871010214512e-18
5.853302195025e-18
5.832082031376e-18
5.812601691182e-18
5.796628221059e-18
5.780700052299e-18
5.778975672867e-18
5.761138437063e-18
5.730105335946e-18
5.710054139412e-18
5.629513518325e-18
5.609148428615e-18
5.515759343326e-18
5.331572490332e-18
5.284704853990e-18
5.209414927158e-18
4.444733495659e-18
4.432805809663e-18
4.405581256032e-18
4.379414528406e-18
4.342064491256e-18
4.336235715903e-18
4.329990364580e-18
4.287338949782e-18
4.268907046767e-18
3.987564990385e-18
3.809335774938e-18
3.782445489399e-18
3.747002833405e-18
3.702761266558e-18
3.700016235163e-18
3.698241136021e-18
3.680961576467e-18
3.675766721144e-18
3.668343875988e-18
3.111528371043e-18
2.991542422743e-18
2.727214247392e-18
2.632887762781e-18
2.521922520640e-18
2.386781557815e-18
2.312327989561e-18
2.295865715219e-18
2.273825220026e-18
2.192680070378e-18
2.159084888579e-18
2.112341092716e-18
2.103218351654e-18
2.102652275011e-18
2.096044272900e-18
2.095529497057e-18
2.081409293838e-18
2.015883162008e-18
1.951933487728e-18
1.846608479711e-18
1.718102982716e-18
1.682684152100e-18
1.674320267830e-18
1.550355751429e-18
1.533140239770e-18
1.528691499070e-18
1.501821961936e-18
1.500670409519e-18
1.468328969629e-18
1.467583350553e-18
1.464930220703e-18
1.463708789067e-18
1.463142018514e-18
1.456508115568e-18
1.454101338440e-18
1.449528196348e-18
1.448117303564e-18
1.444443677444e-18
1.437270415662e-18
1.434721561948e-18
1.427079181271e-18
1.424249996905e-18
1.417647347194e-18
1.414275490652e-18
1.405741672155e-18
1.400643709294e-18
1.399074970671e-18
1.395884031129e-18
1.392208294120e-18
1.384983108253e-18
1.357883693288e-18
1.336852438604e-18
1.298270401259e-18
1.268612685066e-18
1.230182735476e-18
1.194348844956e-18
1.192112873988e-18
1.188312058638e-18
1.185974406785e-18
1.175886659718e-18
1.171774975916e-18
1.170850943928e-18
1.168940863806e-18
1.166162149658e-18
1.164635547637e-18
1.162970880894e-18
1.159269864064e-18
1.157101083156e-18
1.154907363778e-18
1.138628881030e-18
1.137148121520e-18
1.135896066118e-18
1.133313344688e-18
1.129253512784e-18
1.111741373252e-18
1.087057591991e-18
1.050929105167e-18
1.043626092391e-18
1.038281988571e-18
1.035121850554e-18
1.031916505305e-18
1.026397242882e-18
1.021816212900e-18
1.010149157240e-18
1.004658838904e-18
9.758695787624e-19
9.496123467948e-19
9.346534608978e-19
8.885713695343e-19
8.671592208534e-19
8.467065091376e-19
8.461309976454e-19
8.370910900835e-19
8.354687956950e-19
8.259787451832e-19
8.212350985699e-19
8.167202998575e-19
8.142337150617e-19
8.129581519755e-19
8.087626417586e-19
8.023444970090e-19
8.012807643051e-19
7.914686001450e-19
7.870842632265e-19
7.870116711250e-19
7.826814325160e-19
7.803484530329e-19
7.799982741453e-19
7.708613653173e-19
7.551315660542e-19
7.529800298068e-19
7.526449919081e-19
7.464983949242e-19
7.439753600478e-19
7.417676702215e-19
7.411990988344e-19
7.380030906180e-19
7.370549483757e-19
7.362400331744e-19
7.312001316014e-19
7.309073231241e-19
7.299262381048e-19
7.292372423444e-19
7.236702424935e-19
7.103228768287e-19
7.100523081032e-19
7.055582063800e-19
7.053765748553e-19
6.881413237239e-19
6.711458620014e-19
6.591985567715e-19
6.441275232074e-19
6.238692248098e-19
5.895173772815e-19
5.815525554743e-19
5.600476639365e-19
5.412146203251e-19
5.340258609927e-19
5.206184201788e-19
4.961805005936e-19
4.771185003048e-19
4.731118775762e-19
4.347676619032e-19
4.267673275313e-19
4.180863718856e-19
4.056291877865e-19
4.053748063486e-19
4.031702387443e-19
4.017566309234e-19
4.016341407618e-19
4.015737082834e-19
4.007870499099e-19
3.991346890889e-19
3.991105949352e-19
3.990412987366e-19
3.989041240982e-19
3.891671930343e-19
3.760262430520e-19
3.696357253653e-19
3.582979165984e-19
3.476965252690e-19
3.442397816450e-19
3.394630354857e-19
3.317675102828e-19
3.309898159853e-19
3.302817541694e-19
3.248238205130e-19
3.219534635106e-19
3.200434628110e-19
3.173026806112e-19
3.134067002050e-19
3.128547802862e-19
3.046995505247e-19
3.043094059211e-19
2.997459825450e-19
2.915765996618e-19
2.863976434307e-19
2.812978297484e-19
2.799576131498e-19
2.785983319435e-19
2.739936401015e-19
2.691808553712e-19
2.633970375866e-19
2.555405586367e-19
2.516246062255e-19
2.392825896573e-19
2.349660596113e-19
2.296561466628e-19
2.277090655336e-19
2.244720632426e-19
2.231243278580e-19
2.229652460950e-19
2.229294841588e-19
2.229082301886e-19
2.227695755684e-19
2.185788683237e-19
2.177026579083e-19
2.173055322017e-19
2.172756804177e-19
2.172188343612e-19
2.171664505747e-19
2.162061854481e-19
2.117493309520e-19
2.086345838987e-19
2.064252933342e-19
2.049044838521e-19
2.022723709505e-19
2.011010463808e-19
1.987309814461e-19
1.984317139248e-19
1.980921455776e-19
1.980355924459e-19
1.975326582120e-19
1.962580873322e-19
1.953494548108e-19
1.934100834957e-19
1.924540318396e-19
1.915140804355e-19
1.901618370643e-19
1.885334964598e-19
1.878805112525e-19
1.852724669460e-19
1.818372988509e-19
1.806786930837e-19
1.774058363274e-19
1.747658445824e-19
1.740551352453e-19
1.726905399178e-19
1.680324516983e-19
1.678264847623e-19
1.673286128425e-19
1.658640734361e-19
1.648527578642e-19
1.641951811760e-19
1.632693105659e-19
1.609751627770e-19
1.587605740017e-19
1.560465116619e-19
1.541916879998e-19
1.540067455468e-19
1.537772240402e-19
1.531131787818e-19
1.526774253853e-19
1.515079329272e-19
1.494360349344e-19
1.486011188329e-19
1.482759206391e-19
1.473251517495e-19
1.469049047538e-19
1.465590769493e-19
1.457815759946e-19
1.449128599531e-19
1.446532173394e-19
1.423607567280e-19
1.420396087714e-19
1.409056935862e-19
1.400474068021e-19
1.397639066682e-19
1.396070103954e-19
1.377889627725e-19
1.373134163834e-19
1.361250244179e-19
1.358753187157e-19
1.348154823434e-19
1.335691033787e-19
1.332080142362e-19
1.325983953032e-19
1.322738986953e-19
1.317246973364e-19
1.314321891804e-19
1.299842487218e-19
1.290259443945e-19
1.284193391932e-19
1.278806128332e-19
1.275057000039e-19
1.268936971401e-19
1.265435567163e-19
1.256725773862e-19
1.255662836460e-19
1.237725524412e-19
1.233811531561e-19
1.228866199177e-19
1.216856575375e-19
1.204906677143e-19
1.191320693656e-19
1.174020688523e-19
1.166804921604e-19
1.163869975415e-19
1.157067120090e-19
1.155763402414e-19
1.144414033030e-19
1.142442149839e-19
1.125925067396e-19
1.111566657346e-19
1.102110805387e-19
1.094401617713e-19
1.083223551158e-19
1.070196169651e-19
1.060251568935e-19
1.045699897554e-19
1.030108542675e-19
1.024841017866e-19
1.015770024093e-19
9.933308311214e-20
9.774236731242e-20
9.719568925954e-20
9.593278169964e-20
9.379022151741e-20
9.306325610205e-20
9.265118590151e-20
9.216438678551e-20
9.165920624468e-20
9.076328461750e-20
8.914881739414e-20
8.857336361959e-20
8.833331443304e-20
8.688252217147e-20
8.598087632251e-20
8.488651633447e-20
8.454461772721e-20
8.400540097544e-20
8.323848436098e-20
8.237813640734e-20
8.183622338656e-20
8.074683041326e-20
8.030117182964e-20
7.962890942991e-20
7.877228458613e-20
7.833051473204e-20
7.794535016060e-20
7.689032943751e-20
7.672874294740e-20
7.616836806202e-20
7.559029256632e-20
7.542124372691e-20
7.465221326110e-20
7.391229792729e-20
7.340853352030e-20
7.313081314533e-20
7.237912444535e-20
7.182017449194e-20
7.125891675416e-20
7.087157765822e-20
7.029393154339e-20
7.020595744662e-20
6.998758863840e-20
6.996172884447e-20
6.986397577061e-20
6.983531438397e-20
6.982741067173e-20
6.922946785571e-20
6.910873498784e-20
6.852924309313e-20
6.835501596286e-20
6.748309453502e-20
6.726558225409e-20
6.659911310887e-20
6.636059517322e-20
6.577791353725e-20
6.540911930246e-20
6.470887005264e-20
6.428930392682e-20
6.383364469800e-20
6.349105991146e-20
6.328184133920e-20
6.266569502882e-20
6.221904010277e-20
6.152647889928e-20
6.112432950253e-20
6.073899848980e-20
6.053133101754e-20
6.036016308004e-20
6.021490641987e-20
5.997308644371e-20
5.954657239546e-20
5.938736356026e-20
5.935325905420e-20
5.928492254518e-20
5.908897528787e-20
5.820374991233e-20
5.798354264506e-20
5.782203802719e-20
5.725267667168e-20
5.670832211627e-20
5.648438794316e-20
5.611269970153e-20
5.559270488404e-20
5.554066273559e-20
5.464587947338e-20
5.454278253016e-20
5.410534104796e-20
5.394245464981e-20
5.377621029335e-20
5.374217229214e-20
5.373059343648e-20
5.371319307067e-20
5.366066811413e-20
5.347664295850e-20
5.301002209654e-20
5.289884289587e-20
5.193141446645e-20
5.177274286136e-20
5.141214100536e-20
5.076352192719e-20
5.057935819879e-20
5.056986966327e-20
5.019581929256e-20
4.970223712159e-20
4.926307517055e-20
4.914004842090e-20
4.900903201033e-20
4.872994174972e-20
4.837582326688e-20
4.804028390650e-20
4.759261540091e-20
4.739187432078e-20
4.683524949859e-20
4.629576270325e-20
4.581210594025e-20
4.541935718315e-20
4.515581362424e-20
4.482667408802e-20
4.466727449495e-20
4.451808401947e-20
4.422136279328e-20
4.374178699602e-20
4.368301581134e-20
4.353358239466e-20
4.280039697300e-20
4.274024854608e-20
4.239346961766e-20
4.218865114763e-20
4.181962676994e-20
4.141802078860e-20
4.119679176109e-20
4.058709966367e-20
4.053181989135e-20
4.013977176209e-20
3.990056871467e-20
3.949904955150e-20
3.940742721366e-20
3.913444277274e-20
3.906238381460e-20
3.865644468539e-20
3.848949913515e-20
3.802654159826e-20
3.790316785689e-20
3.765418200165e-20
3.757908968592e-20
3.754529103987e-20
3.747018009580e-20
3.743695065849e-20
3.735764035072e-20
3.717801916507e-20
3.705725302594e-20
3.693876756284e-20
3.673308781232e-20
3.625698714796e-20
3.599408129380e-20
3.591314266974e-20
3.555861467214e-20
3.536942952787e-20
3.521467337844e-20
3.491423690406e-20
3.467639576667e-20
3.444855995903e-20
3.420753429381e-20
3.413640695040e-20
3.403586137593e-20
3.386920096169e-20
3.352552509977e-20
3.312059012193e-20
3.285382293823e-20
3.271539240742e-20
3.264622781248e-20
3.244476223218e-20
3.229708858499e-20
3.209940860045e-20
3.197210831288e-20
3.190988308566e-20
3.170338225264e-20
3.140115315663e-20
3.122506742247e-20
3.119676524239e-20
3.103795309545e-20
3.088010403985e-20
3.076211397102e-20
3.059144318142e-20
3.034770489173e-20
3.025922221410e-20
3.010225021058e-20
2.998186740885e-20
2.972021629483e-20
2.954013657964e-20
2.933941171265e-20
2.926256583249e-20
2.877428106104e-20
2.871558339602e-20
2.851654066039e-20
2.844020980980e-20
2.819154034245e-20
2.808194466358e-20
2.786795386941e-20
2.776923220878e-20
2.744507970387e-20
2.728895854015e-20
2.712589438294e-20
2.688369571243e-20
2.666748435386e-20
2.655631246331e-20
2.647947137356e-20
2.616967752472e-20
2.608410211079e-20
2.598804780464e-20
2.577401575508e-20
2.562251801397e-20
2.554599119425e-20
2.540242329908e-20
2.519804467510e-20
2.494221568652e-20
2.488470447845e-20
2.480059615834e-20
2.455580358106e-20
2.442666671119e-20
2.419441510969e-20
2.413189071111e-20
2.399999042086e-20
2.384207796235e-20
2.371042633096e-20
2.355108732568e-20
2.343950726254e-20
2.333528408878e-20
2.328272878276e-20
2.304185948980e-20
2.291053533919e-20
2.282464442366e-20
2.268932988024e-20
2.250992365707e-20
2.243757032736e-20
2.236633064691e-20
2.212438204764e-20
2.207782045739e-20
2.195006389011e-20
2.192759000367e-20
2.180335531575e-20
2.157065264723e-20
2.152547945638e-20
2.131687651922e-20
2.106075066170e-20
2.095414283689e-20
2.091722482030e-20
2.076331969042e-20
2.059219998443e-20
2.047249840000e-20
2.032282497002e-20
2.023185723378e-20
2.016140928424e-20
1.990724384028e-20
1.981302986538e-20
1.964282408974e-20
1.930618152221e-20
1.922426025628e-20
1.906050298872e-20
1.900194806012e-20
1.890314872135e-20
1.867890518632e-20
1.845031667543e-20
1.830095544607e-20
1.825861753731e-20
1.803544409443e-20
1.786058955231e-20
1.776745105319e-20
1.768676945518e-20
1.750346992340e-20
1.737189489888e-20
1.719928822043e-20
1.712045464708e-20
1.701832005689e-20
1.688676832941e-20
1.667762695821e-20
1.666633085058e-20
1.652950995761e-20
1.631554845728e-20
1.628977065425e-20
1.623431261727e-20
1.609355757191e-20
1.593556530641e-20
1.575214248048e-20
1.568025550447e-20
1.552386866703e-20
1.546757450910e-20
1.541641031098e-20
1.528099030508e-20
1.507669298192e-20
1.493855797165e-20
1.490674259296e-20
1.482845027265e-20
1.469992582304e-20
1.465254111013e-20
1.455563955899e-20
1.430193480474e-20
1.424029980180e-20
1.416169013391e-20
1.400118568919e-20
1.387692541942e-20
1.384284294354e-20
1.366532323538e-20
1.359855300676e-20
1.356422232431e-20
1.343910183680e-20
1.341275437048e-20
1.333056158686e-20
1.322354831827e-20
1.315146996071e-20
1.313736383283e-20
1.295511641459e-20
1.289727230054e-20
1.285611864021e-20
1.273647838467e-20
1.271433393069e-20
1.265670975027e-20
1.260125896568e-20
1.251785135845e-20
1.246478366788e-20
1.245951546028e-20
1.235460847983e-20
1.234318091386e-20
1.226822267230e-20
1.217077895521e-20
1.204377730216e-20
1.202620780603e-20
1.193398368792e-20
1.185030074622e-20
1.172747588602e-20
1.163401638676e-20
1.152965416806e-20
1.149714365897e-20
1.139596199107e-20
1.126442228278e-20
1.108492949134e-20
1.105738688162e-20
1.095556302190e-20
1.087646611266e-20
1.082228035652e-20
1.076967423982e-20
1.067963414082e-20
1.061545660090e-20
1.059730517033e-20
1.045735282619e-20
1.038567007947e-20
1.028733304588e-20
1.023150631363e-20
1.021319224742e-20
1.006367790021e-20
9.924525810057e-21
9.871033417410e-21
9.862990075958e-21
9.730537554418e-21
9.614507011945e-21
9.599732183503e-21
9.475658822410e-21
9.364110831891e-21
9.322945348873e-21
9.262083133708e-21
9.155908957539e-21
9.027867895615e-21
9.015214237091e-21
8.956058697844e-21
8.913102007847e-21
8.873017972961e-21
8.733266765224e-21
8.663480127618e-21
8.578050515698e-21
8.555207482381e-21
8.494678533392e-21
8.425961030077e-21
8.371799490716e-21
8.306321732935e-21
8.248167485246e-21
8.138401685312e-21
8.082826630405e-21
8.031534950140e-21
7.985270932157e-21
7.962710597254e-21
7.875580158273e-21
7.789263276111e-21
7.735055990213e-21
7.688399142948e-21
7.669422787734e-21
7.645581694300e-21
7.585141742466e-21
7.545175995246e-21
7.460814661552e-21
7.443720645222e-21
7.378981162419e-21
7.348540663533e-21
7.338273257518e-21
7.255876402857e-21
7.225990873550e-21
7.147995551533e-21
7.079707011617e-21
7.053061144657e-21
7.025897327102e-21
7.002521970709e-21
6.968255079496e-21
6.844709932798e-21
6.811716884939e-21
6.782418267740e-21
6.776595082590e-21
6.683414317884e-21
6.631227116305e-21
6.611058416637e-21
6.547366692421e-21
6.498921770548e-21
6.459706473840e-21
6.444233499843e-21
6.397590245961e-21
6.379081411188e-21
6.355515312581e-21
6.306376298356e-21
6.279732781870e-21
6.218812051093e-21
6.162666472262e-21
6.115234399304e-21
6.104801837770e-21
6.075870381684e-21
6.022428124309e-21
5.996731081560e-21
5.969609802064e-21
5.905131837308e-21
5.884733905730e-21
5.835017337963e-21
5.803210222136e-21
5.748720589200e-21
5.708847807429e-21
5.667694919731e-21
5.640773260262e-21
5.601843671705e-21
5.579920104149e-21
5.547708394377e-21
5.519577147740e-21
5.477242419333e-21
5.468280315150e-21
5.442316208289e-21
5.387693601716e-21
5.364120514103e-21
5.317937528047e-21
5.292508954951e-21
5.249034832208e-21
5.187217334798e-21
5.176738744144e-21
5.120947031701e-21
5.085751163284e-21
5.066580537080e-21
5.040411829690e-21
5.012181420177e-21
4.993099847875e-21
4.962222508987e-21
4.929972715371e-21
4.866876466716e-21
4.860356838058e-21
4.834157075742e-21
4.794508722456e-21
4.783325146510e-21
4.770537114555e-21
4.715455992825e-21
4.690817825943e-21
4.683351921414e-21
4.671455636874e-21
4.665935914414e-21
4.652301548030e-21
4.641720677373e-21
4.634269728709e-21
4.631892625291e-21
4.611905641774e-21
4.609910255591e-21
4.578695286949e-21
4.549732784177e-21
4.544637247494e-21
4.512648343030e-21
4.496997859885e-21
4.475648958139e-21
4.455259560264e-21
4.432617860364e-21
4.428524726331e-21
4.421841080322e-21
4.415161047924e-21
4.380439220184e-21
4.350216027331e-21
4.344218627477e-21
4.298583811494e-21
4.285167147333e-21
4.248094677556e-21
4.224278262917e-21
4.218433198782e-21
4.176201545328e-21
4.162759072336e-21
4.152371963099e-21
4.121508941586e-21
4.115096806536e-21
4.094301415687e-21
4.074362115383e-21
4.054454276917e-21
4.021413018265e-21
3.990436814397e-21
3.940766012713e-21
3.931124761390e-21
3.917629817740e-21
3.900450656933e-21
3.869910246972e-21
3.839631403469e-21
3.825568490605e-21
3.798377479079e-21
3.770121536010e-21
3.753838537770e-21
3.747459560724e-21
3.724212723689e-21
3.712773511306e-21
3.671059520194e-21
3.648203005484e-21
3.619317237686e-21
3.615356001385e-21
3.607495061953e-21
3.604335224365e-21
3.596600220338e-21
3.590804883596e-21
3.580538183530e-21
3.569373273714e-21
3.539865739292e-21
3.520614224167e-21
3.503500901775e-21
3.483948780836e-21
3.472027232669e-21
3.455762092531e-21
3.434749241085e-21
3.431401456299e-21
3.423757010931e-21
3.401331702689e-21
3.387399567239e-21
3.378742481015e-21
3.373059663712e-21
3.351829290515e-21
3.341929736949e-21
3.329275757295e-21
3.325061111189e-21
3.317499928376e-21
3.314868909875e-21
3.306843934466e-21
3.280559759244e-21
3.266337808793e-21
3.237942921518e-21
3.224997344263e-21
3.220115770914e-21
3.203623686165e-21
3.199265564853e-21
3.198098961613e-21
3.190851655812e-21
3.170651475255e-21
3.153418637085e-21
3.132688396938e-21
3.120803179165e-21
3.113837512225e-21
3.102109401030e-21
3.089632375802e-21
3.081202497639e-21
3.074230398754e-21
3.065168009854e-21
3.042180816958e-21
3.018034907054e-21
3.012807168934e-21
2.998346157629e-21
2.985592832272e-21
2.978201651973e-21
2.958691160299e-21
2.933415545763e-21
2.912725243578e-21
2.911397723284e-21
2.895919252615e-21
2.883439209161e-21
2.850800892061e-21
2.837861769451e-21
2.821745886360e-21
2.818169354597e-21
2.786453361374e-21
2.772067628377e-21
2.750958698043e-21
2.740200593115e-21
2.737614615788e-21
2.717947925059e-21
2.700176909842e-21
2.662987644205e-21
2.659678409019e-21
2.636733392223e-21
2.623683202558e-21
2.592602800198e-21
2.590096984774e-21
2.574781775501e-21
2.563338347282e-21
2.554625428662e-21
2.538301673326e-21
2.534404699162e-21
2.509756442618e-21
2.499505713425e-21
2.490387753725e-21
2.488831628509e-21
2.479512074346e-21
2.476748572207e-21
2.467237596291e-21
2.449206911732e-21
2.433635759792e-21
2.423536486528e-21
2.410579302668e-21
2.390586835900e-21
2.375033184298e-21
2.372174736694e-21
2.353731209127e-21
2.345527633928e-21
2.332756162614e-21
2.318292846016e-21
2.306529778561e-21
2.299647011136e-21
2.289490088557e-21
2.279222114881e-21
2.272270475045e-21
2.261738860372e-21
2.246546488153e-21
2.234442455916e-21
2.225150161753e-21
2.214146754933e-21
2.209352144315e-21
2.190227646514e-21
2.188760994933e-21
2.170414395784e-21
2.143930303708e-21
2.136839865512e-21
2.125756114015e-21
2.107862360293e-21
2.097813147233e-21
2.093226664806e-21
2.074858642082e-21
2.067660287260e-21
2.037579744519e-21
2.022753704259e-21
2.008079408396e-21
2.006587240428e-21
1.996887240696e-21
1.981341166190e-21
1.970124102412e-21
1.968491163062e-21
1.961998000090e-21
1.945453834517e-21
1.931590067878e-21
1.920549884952e-21
1.914118999242e-21
1.898154237445e-21
1.890180350372e-21
1.870442380079e-21
1.867236148620e-21
1.856183709653e-21
1.843621297007e-21
1.837628422485e-21
1.826808724220e-21
1.798260692038e-21
1.787375115286e-21
1.779540516983e-21
1.768204256384e-21
1.758857199732e-21
1.745786767255e-21
1.736490576556e-21
1.715373173404e-21
1.714066435001e-21
1.690416082978e-21
1.682071284257e-21
1.661936728646e-21
1.659440880641e-21
1.643674373710e-21
1.635603886897e-21
1.622109681984e-21
1.617634226599e-21
1.613606808718e-21
1.597129804826e-21
1.579923878109e-21
1.570527539462e-21
1.567546696217e-21
1.551817993718e-21
1.546098736480e-21
1.540827676050e-21
1.534903827590e-21
1.531316446822e-21
1.527483783046e-21
1.526027655951e-21
1.525875080346e-21
1.525702398017e-21
1.524217737750e-21
1.519140563668e-21
1.511534875416e-21
1.506288867260e-21
1.501565342522e-21
1.499036088997e-21
1.492052499638e-21
1.488858860124e-21
1.487831853489e-21
1.486098410553e-21
1.485992767017e-21
1.484262930651e-21
1.480966280799e-21
1.478086552348e-21
1.472652226632e-21
1.467257847189e-21
1.459271291207e-21
1.452501067662e-21
1.448543659722e-21
1.438723813008e-21
1.429448868821e-21
1.420559018317e-21
1.415357104964e-21
1.408477587844e-21
1.404613330417e-21
1.387788015533e-21
1.383042041103e-21
1.379880826472e-21
1.374817250290e-21
1.368425306653e-21
1.365916504104e-21
1.361940569582e-21
1.352510551312e-21
1.346922237298e-21
1.342770941114e-21
1.339565423683e-21
1.338014292033e-21
1.327452262853e-21
1.322087436450e-21
1.316362785916e-21
1.311736967381e-21
1.306117654061e-21
1.304540178297e-21
1.298766982112e-21
1.296274605110e-21
1.295820273335e-21
1.293939838890e-21
1.292677272900e-21
1.289268971281e-21
1.284366974247e-21
1.283211671875e-21
1.278386592560e-21
1.270437460555e-21
1.268184004369e-21
1.261342800733e-21
1.258671409368e-21
1.247370998353e-21
1.239851674421e-21
1.230508010394e-21
1.227487836662e-21
1.210592837287e-21
1.205645918188e-21
1.195326964944e-21
1.190197663324e-21
1.189085034204e-21
1.177345806722e-21
1.174322905227e-21
1.168358151849e-21
1.163438899767e-21
1.162269346462e-21
1.149798292692e-21
1.147198965356e-21
1.144301713138e-21
1.142343696149e-21
1.141335058353e-21
1.139272524624e-21
1.138050350278e-21
1.135473931128e-21
1.130971464292e-21
1.125677515600e-21
1.120329786551e-21
1.117558074264e-21
1.103992130390e-21
1.103421428348e-21
1.101171077034e-21
1.089588717298e-21
1.083588158838e-21
1.073403148230e-21
1.072925754757e-21
1.066461470345e-21
1.057447866142e-21
1.049841395094e-21
1.043594270120e-21
1.034981751968e-21
1.031560662042e-21
1.027038661107e-21
1.015421704688e-21
1.009675960191e-21
1.006038838982e-21
1.001560156083e-21
9.974794234654e-22
9.933031112753e-22
9.862449901113e-22
9.806910073419e-22
9.739527228263e-22
9.649997132346e-22
9.573424768127e-22
9.507931403565e-22
9.456771491052e-22
9.446146151808e-22
9.377039164841e-22
9.333349813981e-22
9.316591712630e-22
9.254716367406e-22
9.158267481912e-22
9.115949134080e-22
9.074309895846e-22
8.992301977126e-22
8.959246116415e-22
8.923835112171e-22
8.856680093703e-22
8.809640637746e-22
8.742920948895e-22
8.689854995360e-22
8.641741831986e-22
8.571598784445e-22
8.549418923637e-22
8.531839476602e-22
8.487436982903e-22
8.445003405823e-22
8.403863796979e-22
8.386986709355e-22
8.334658526169e-22
8.233955691459e-22
8.178022347948e-22
8.165365756346e-22
8.131174288702e-22
8.080535385922e-22
7.975608858298e-22
7.948090745205e-22
7.884781049626e-22
7.808135212380e-22
7.726884297727e-22
7.648011999220e-22
7.610311242287e-22
7.564731217234e-22
7.537237880902e-22
7.496010017145e-22
7.464027301820e-22
7.410409539633e-22
7.334188229126e-22
7.331694781884e-22
7.269124436633e-22
7.243924101793e-22
7.151136071835e-22
7.149771413605e-22
7.076888263638e-22
7.064776700986e-22
7.034620970972e-22
7.024909498229e-22
6.955785423005e-22
6.945715767727e-22
6.897906520195e-22
6.792385704180e-22
6.743140411384e-22
6.719581175856e-22
6.693905165308e-22
6.667750129360e-22
6.625926809329e-22
6.557030376095e-22
6.536101699296e-22
6.459326051447e-22
6.420272581072e-22
6.343770623422e-22
6.317673533320e-22
6.247943758108e-22
6.199195075563e-22
6.162617239211e-22
6.096836983876e-22
6.087865923211e-22
6.050600548744e-22
6.033208716446e-22
5.958089223830e-22
5.913880057807e-22
5.857634016628e-22
5.819028177858e-22
5.790612119051e-22
5.767879185066e-22
5.735549520209e-22
5.703232423877e-22
5.678736465494e-22
5.656465277372e-22
5.624843286037e-22
5.612531120507e-22
5.596108612933e-22
5.573389682230e-22
5.568101153432e-22
5.550224924316e-22
5.532393000014e-22
5.498665699868e-22
5.476068268033e-22
5.456867286677e-22
5.413280343534e-22
5.375747968669e-22
5.330829818665e-22
5.309744396470e-22
5.289299226205e-22
5.256318793812e-22
5.199345520933e-22
5.128360106686e-22
5.122949771295e-22
5.062353309620e-22
5.030772354774e-22
4.976951170347e-22
4.928140378056e-22
4.896497916816e-22
4.880221832185e-22
4.845465694253e-22
4.765608019995e-22
4.737882728610e-22
4.722917692164e-22
4.653099708579e-22
4.612631272685e-22
4.586197240443e-22
4.566906580913e-22
4.473441110364e-22
4.429558639549e-22
4.409726965329e-22
4.389779468014e-22
4.360030021715e-22
4.330576798547e-22
4.304818724060e-22
4.264479272489e-22
4.252770472392e-22
4.207077547873e-22
4.174391551969e-22
4.159683039512e-22
4.087751122552e-22
4.078098368105e-22
4.019770490121e-22
3.987015683401e-22
3.961993328375e-22
3.922145435317e-22
3.874945079762e-22
3.863363905416e-22
3.847105135659e-22
3.823234930093e-22
3.767485297975e-22
3.757317403309e-22
3.748549137684e-22
3.740320827968e-22
3.731352838604e-22
3.711268579517e-22
3.691429142762e-22
3.685292723601e-22
3.681500426166e-22
3.675808987248e-22
3.671166604344e-22
3.647814932957e-22
3.639310020353e-22
3.632207141741e-22
3.606816673910e-22
3.582507201171e-22
3.550944519511e-22
3.503881609314e-22
3.490157465412e-22
3.465815483155e-22
3.447788829899e-22
3.422056887504e-22
3.354921807265e-22
3.304610519199e-22
3.291122892723e-22
3.268800394602e-22
3.257138578941e-22
3.235348373266e-22
3.203261664228e-22
3.189288810814e-22
3.175108771747e-22
3.158480386385e-22
3.124603441579e-22
3.120016854420e-22
3.092457123519e-22
3.084488680342e-22
3.062164291436e-22
3.059660212590e-22
3.047919574471e-22
3.040045325980e-22
3.030842061585e-22
3.028272772290e-22
3.023144266437e-22
3.017334816548e-22
2.997829291174e-22
2.969923252366e-22
2.958722328267e-22
2.953512845836e-22
2.920333261857e-22
2.905919604161e-22
2.884101558769e-22
2.873527217121e-22
2.854925757817e-22
2.833794733975e-22
2.826599634464e-22
2.820814736637e-22
2.819438260455e-22
2.817111010380e-22
2.816289836493e-22
2.815036714916e-22
2.811174108396e-22
2.804682974147e-22
2.803591479327e-22
2.797502309783e-22
2.794514592495e-22
2.787415116542e-22
2.774153299368e-22
2.763479001861e-22
2.753286010582e-22
2.729953501826e-22
2.711191762215e-22
2.709208501133e-22
2.702912425497e-22
2.676052943957e-22
2.671816144451e-22
2.651852002727e-22
2.647189404388e-22
2.620149309895e-22
2.608896067651e-22
2.598834017076e-22
2.579208994070e-22
2.568019621614e-22
2.547290031285e-22
2.519617501846e-22
2.503058624906e-22
2.491846831166e-22
2.467159155254e-22
2.455324555958e-22
2.436359651597e-22
2.415323251032e-22
2.403924858362e-22
2.384531620983e-22
2.373808736118e-22
2.341964170494e-22
2.340388079130e-22
2.321007457839e-22
2.285591269651e-22
2.269359971180e-22
2.261758833214e-22
2.257781268954e-22
2.251211305909e-22
2.234260929468e-22
2.224593322706e-22
2.202527685226e-22
2.198966679088e-22
2.196302084132e-22
2.174258836604e-22
2.168361009896e-22
2.164841978651e-22
2.154200771122e-22
2.146045539829e-22
2.138356852267e-22
2.132016876369e-22
2.105746606341e-22
2.101919569129e-22
2.088150512352e-22
2.082656416580e-22
2.063170488131e-22
2.059131982245e-22
2.032544290037e-22
2.025406828308e-22
2.017909291099e-22
2.009967244495e-22
2.000898508810e-22
1.996738253160e-22
1.983686587525e-22
1.970528213748e-22
1.965584521873e-22
1.954213423260e-22
1.951764628428e-22
1.949078358874e-22
1.945778344200e-22
1.941256328100e-22
1.937434824090e-22
1.923683347353e-22
1.914841422037e-22
1.906882449357e-22
1.884633800772e-22
1.876427577123e-22
1.855216215101e-22
1.845849726306e-22
1.842941610267e-22
1.831523857360e-22
1.817468049943e-22
1.791205198207e-22
1.782531503525e-22
1.771804450316e-22
1.752016675809e-22
1.728829255490e-22
1.712486317614e-22
1.705696781412e-22
1.689342142462e-22
1.675133182626e-22
1.650661028635e-22
1.637353182625e-22
1.615829583618e-22
1.604695486800e-22
1.596569962799e-22
1.575970521425e-22
1.558526834208e-22
1.552377252463e-22
1.543084869611e-22
1.536741469033e-22
1.525962443787e-22
1.511948250340e-22
1.489816009957e-22
1.474318898215e-22
1.471037445490e-22
1.455432262863e-22
1.446952173456e-22
1.439001432841e-22
1.433317336961e-22
1.431959010500e-22
1.425936101747e-22
1.424619655099e-22
1.421211673688e-22
1.415401624481e-22
1.413405197033e-22
1.400482758986e-22
1.394730714548e-22
1.381064894835e-22
1.379391068977e-22
1.367043804390e-22
1.361490164659e-22
1.355336124089e-22
1.351038160560e-22
1.343715323972e-22
1.341431086690e-22
1.331633300104e-22
1.325846165811e-22
1.318040187743e-22
1.305331067398e-22
1.293052048709e-22
1.283767916646e-22
1.275492829327e-22
1.268865499605e-22
1.265318893068e-22
1.255977191860e-22
1.248589675570e-22
1.233534048032e-22
1.225339305982e-22
1.210673930591e-22
1.200590790074e-22
1.184316096471e-22
1.179777291645e-22
1.170170031030e-22
1.143868334861e-22
1.138507936628e-22
1.130102319096e-22
1.118031418234e-22
1.112063395645e-22
1.099245721741e-22
1.093663361676e-22
1.081902467349e-22
1.078491930053e-22
1.068300395029e-22
1.058345065300e-22
1.055580636347e-22
1.049695587073e-22
1.037652870774e-22
1.027453449389e-22
1.022566094012e-22
1.018983138483e-22
1.005342951642e-22
9.993104060369e-23
9.946223474465e-23
9.820448042531e-23
9.803823680786e-23
9.794293965232e-23
9.756845512728e-23
9.745802172240e-23
9.717847206376e-23
9.697330050826e-23
9.661297380232e-23
9.629201327998e-23
9.518551547967e-23
9.436766878036e-23
9.400301677514e-23
9.329262125462e-23
9.190554650125e-23
9.135003199556e-23
8.969409434865e-23
8.854285677710e-23
8.760792402459e-23
8.693941994252e-23
8.555901904966e-23
8.413761996583e-23
8.363819287690e-23
8.341612768550e-23
8.327550559013e-23
8.281059215750e-23
8.237046102153e-23
8.217803155381e-23
8.174731884993e-23
8.114532939909e-23
8.093490330206e-23
8.052768776607e-23
8.000741123107e-23
7.933140831620e-23
7.840186895273e-23
7.723442893788e-23
7.635800860787e-23
7.539369936671e-23
7.437869555743e-23
7.422525712754e-23
7.415265521800e-23
7.276443319622e-23
7.137163684864e-23
7.108544877673e-23
6.971199957909e-23
6.859842023114e-23
6.760263978181e-23
6.725265735768e-23
6.641134929003e-23
6.555560883596e-23
6.456714864346e-23
6.394846373026e-23
6.302350194862e-23
6.218229078331e-23
6.171634449485e-23
6.066231607075e-23
5.978136261156e-23
5.876934119224e-23
5.865508265210e-23
5.850161705813e-23
5.823183927983e-23
5.779188574105e-23
5.708237949924e-23
5.683489433681e-23
5.628053244636e-23
5.606992150411e-23
5.503346885429e-23
5.413071934143e-23
5.367373739911e-23
5.350213029597e-23
5.308638914083e-23
5.298404150713e-23
5.242328661624e-23
5.234923992663e-23
5.230409009045e-23
5.226694794150e-23
5.223388265197e-23
5.222157629590e-23
5.208249227861e-23
5.201880677911e-23
5.200671000689e-23
5.196045697558e-23
5.186522707798e-23
5.182928554452e-23
5.173086291130e-23
5.166564571371e-23
5.154852792856e-23
5.149466150316e-23
5.132629163817e-23
5.108097026393e-23
4.992677169381e-23
4.940185968440e-23
4.925140425623e-23
4.873821357526e-23
4.823732041458e-23
4.816625828810e-23
4.805268873258e-23
4.799555073080e-23
4.792169665329e-23
4.777510455454e-23
4.772055893457e-23
4.761173645868e-23
4.754825540854e-23
4.750588413408e-23
4.697024670732e-23
4.660395865745e-23
4.633473273465e-23
4.603734035533e-23
4.586149846005e-23
4.561159388306e-23
4.555109715049e-23
4.542169535610e-23
4.530803963252e-23
4.506896714235e-23
4.493809173168e-23
4.490037608391e-23
4.474081649131e-23
4.447069366911e-23
4.423332709640e-23
4.415300477240e-23
4.402057995920e-23
4.368830616541e-23
4.352234271521e-23
4.304303290613e-23
4.280224322920e-23
4.261230123141e-23
4.234471639953e-23
4.176278374174e-23
4.137725096368e-23
4.114529116427e-23
4.088415274957e-23
4.073230069273e-23
4.055094073889e-23
4.037313357305e-23
4.034188020651e-23
4.026309777740e-23
4.021335876059e-23
4.010871851736e-23
4.000118336582e-23
3.982089690227e-23
3.930570778297e-23
3.890102445599e-23
3.854014283156e-23
3.842190848039e-23
3.833860453654e-23
3.824311563197e-23
3.811599465276e-23
3.805481256984e-23
3.798051949115e-23
3.788601051521e-23
3.772095339341e-23
3.762917930892e-23
3.755992703627e-23
3.690064104001e-23
3.657309576189e-23
3.624286629760e-23
3.579994412181e-23
3.523806929763e-23
3.502850859222e-23
3.467902515904e-23
3.367965133939e-23
3.346067880526e-23
3.332704830825e-23
3.272862403238e-23
3.233338275741e-23
3.230407906954e-23
3.223657865570e-23
3.214798189225e-23
3.195104327262e-23
3.157956467365e-23
3.105129198461e-23
3.089622431520e-23
3.042524837352e-23
3.001315879221e-23
2.951167184600e-23
2.941446882649e-23
2.906683849962e-23
2.854331029129e-23
2.848883403011e-23
2.803596972230e-23
2.775993470058e-23
2.766100015424e-23
2.720993452714e-23
2.701182129135e-23
2.664722156374e-23
2.658749013167e-23
2.653019197369e-23
2.645617474784e-23
2.633720384535e-23
2.608706758766e-23
2.586906439367e-23
2.570162248042e-23
2.562225203013e-23
2.536972712289e-23
2.501995581743e-23
2.488628445336e-23
2.437538514784e-23
2.406443989697e-23
2.371210324131e-23
2.335488783367e-23
2.290083457024e-23
2.255077602875e-23
2.229603184246e-23
2.216894487784e-23
2.165446080269e-23
2.137157281061e-23
2.078541238283e-23
2.061840775372e-23
2.044594191560e-23
2.017858413493e-23
2.002404608431e-23
1.978998898100e-23
1.976451860780e-23
1.971902654686e-23
1.969064215415e-23
1.958515302389e-23
1.945947422729e-23
1.940116614380e-23
1.935355434097e-23
1.932576194539e-23
1.927085455773e-23
1.920818612398e-23
1.899981775169e-23
1.858997341602e-23
1.823584284842e-23
1.816831840833e-23
1.805186104642e-23
1.792169710727e-23
1.775376265987e-23
1.767404567942e-23
1.751560967625e-23
1.744058303167e-23
1.731511274817e-23
1.727635104571e-23
1.724167151687e-23
1.714215346616e-23
1.710953728675e-23
1.703816384103e-23
1.693450488712e-23
1.671566072708e-23
1.642836442213e-23
1.619768680013e-23
1.598393513813e-23
1.592961955080e-23
1.578963638528e-23
1.559640945753e-23
1.542721521948e-23
1.518695410394e-23
1.506920277715e-23
1.490406965439e-23
1.484488643564e-23
1.480681497020e-23
1.458670900426e-23
1.452429177135e-23
1.439570335830e-23
1.436208062857e-23
1.403130154791e-23
1.385968317827e-23
1.359964457930e-23
1.340500551097e-23
1.334709722237e-23
1.324821137703e-23
1.305579697806e-23
1.293286005907e-23
1.285828727542e-23
1.249396874197e-23
1.213424470281e-23
1.206367137698e-23
1.191911926825e-23
1.186303441567e-23
1.175048980213e-23
1.173233211533e-23
1.172057058690e-23
1.170062173877e-23
1.168551095883e-23
1.166566945554e-23
1.164445120776e-23
1.154171421668e-23
1.150417871672e-23
1.133897931786e-23
1.105821332878e-23
1.087741559650e-23
1.044699081568e-23
1.026718687243e-23
1.010381186080e-23
9.940810274721e-24
9.768740622564e-24
9.433217950346e-24
9.363222558093e-24
9.103331685078e-24
8.917517165448e-24
8.612292729659e-24
8.494419060723e-24
8.197729435859e-24
7.965264479561e-24
7.789280412321e-24
7.729163745190e-24
7.434221603090e-24
7.360580009914e-24
7.229986468848e-24
7.081953236530e-24
7.022842443681e-24
6.917909529069e-24
6.874800751863e-24
6.868584891997e-24
6.831313660379e-24
6.824065504493e-24
6.807650222758e-24
6.802468452528e-24
6.764905788973e-24
6.745490730687e-24
6.724496792460e-24
6.716471999873e-24
6.695816145323e-24
6.689021034836e-24
6.683995196017e-24
6.672190294816e-24
6.669586061379e-24
6.662994028261e-24
6.636295220016e-24
6.629372672849e-24
6.620627074705e-24
6.615188813502e-24
6.602540313056e-24
6.591201579973e-24
6.580584890175e-24
6.552585213761e-24
6.297239875990e-24
6.238200108298e-24
6.176610227233e-24
5.916202204159e-24
5.794440366859e-24
5.626682300344e-24
5.410860364417e-24
5.191024442557e-24
5.084051547194e-24
4.905670661518e-24
4.857877629155e-24
4.818043750031e-24
4.797756209964e-24
4.764627293156e-24
4.754784702702e-24
4.724877494535e-24
4.688360440034e-24
4.664282135411e-24
4.606978946007e-24
4.530948917766e-24
4.514962266858e-24
4.511036594456e-24
4.488426010398e-24
4.462194779081e-24
4.456385388087e-24
4.435797012995e-24
4.404511481882e-24
4.400041178305e-24
4.388412945122e-24
4.222147470870e-24
4.157456341341e-24
3.993215133354e-24
3.846205971382e-24
3.679866499104e-24
3.631107757048e-24
3.572755837207e-24
3.504219562341e-24
3.382249062688e-24
3.316885288582e-24
3.281459337162e-24
3.233598398189e-24
3.112067474188e-24
2.992732133208e-24
2.948586610818e-24
2.916647473181e-24
2.855553612523e-24
2.814613026962e-24
2.693316643287e-24
2.657802519724e-24
2.621431895953e-24
2.582987132606e-24
2.535909628843e-24
2.530259367167e-24
2.524398958154e-24
2.510996130964e-24
2.502069967055e-24
2.498992643000e-24
2.468805227408e-24
2.464478332611e-24
2.436749443200e-24
2.397729813383e-24
2.357307036036e-24
2.354670765513e-24
2.313335900839e-24
2.288295756313e-24
2.235847732707e-24
2.179701166299e-24
2.139900220268e-24
2.078605678506e-24
2.037206156534e-24
1.995181633363e-24
1.942490115431e-24
1.915817999247e-24
1.859887871699e-24
1.845468052663e-24
1.822401373146e-24
1.801613154594e-24
1.775589723038e-24
1.736913740234e-24
1.724366172081e-24
1.705519816627e-24
1.697634586377e-24
1.692899155274e-24
1.678933461804e-24
1.672414031697e-24
1.668743164013e-24
1.630352175265e-24
1.620809265576e-24
1.616508995696e-24
1.600385277702e-24
1.568071936579e-24
1.550449909537e-24
1.501245170530e-24
1.495874523316e-24
1.491875688219e-24
1.487181714637e-24
1.486726052922e-24
1.479733548453e-24
1.471890231085e-24
1.468124279463e-24
1.443195922980e-24
1.420027843467e-24
1.363606738538e-24
1.344900498701e-24
1.321375297612e-24
1.289777134664e-24
1.282504898337e-24
1.265732175006e-24
1.253867552373e-24
1.236106347038e-24
1.231217395012e-24
1.221205049291e-24
1.203627259381e-24
1.176541996291e-24
1.161808234665e-24
1.136203654909e-24
1.124705790277e-24
1.099412460375e-24
1.095213796753e-24
1.084961723814e-24
1.068293291834e-24
1.043992076729e-24
1.029120650456e-24
1.014527945031e-24
1.009279562241e-24
1.006654415673e-24
1.005143816234e-24
1.002332422710e-24
9.978523616881e-25
9.914440013151e-25
9.825212952463e-25
9.696671732628e-25
9.519533483048e-25
9.470198457773e-25
9.354497136567e-25
9.074563424660e-25
8.961064624015e-25
8.770623182577e-25
8.658633691509e-25
8.489246263373e-25
8.392883054493e-25
8.298170642493e-25
8.038790643732e-25
7.964263810115e-25
7.797456550205e-25
7.685033633439e-25
7.524144466414e-25
7.511703795234e-25
7.259431576143e-25
7.130313845582e-25
7.042149508244e-25
6.969222005096e-25
6.867103497947e-25
6.850168458286e-25
6.785994561634e-25
6.656115950576e-25
6.551038344360e-25
6.463230573996e-25
6.384579703560e-25
6.332060283546e-25
6.253912115848e-25
6.236202772549e-25
6.126525560347e-25
6.052537231659e-25
5.930973119310e-25
5.712031387507e-25
5.586813035718e-25
5.497206651739e-25
5.306998933355e-25
5.196147199986e-25
5.114498193816e-25
4.994078024185e-25
4.879752270471e-25
4.830692032490e-25
4.758483979654e-25
4.748238998405e-25
4.674730077971e-25
4.555794445616e-25
4.472887380536e-25
4.376972755133e-25
4.198934145375e-25
4.110515074678e-25
3.961525203993e-25
3.898545082354e-25
3.811725458570e-25
3.658328785597e-25
3.628298666551e-25
3.582435147038e-25
3.542695564325e-25
3.529250556885e-25
3.449076111951e-25
3.431892418043e-25
3.379495374120e-25
3.330132843690e-25
3.323900193305e-25
3.317735198019e-25
3.312997371789e-25
3.285893540767e-25
3.210615355658e-25
3.184702455499e-25
3.148767938672e-25
3.040260043154e-25
2.986085285944e-25
2.859716679307e-25
2.849563813287e-25
2.814398692662e-25
2.740799416468e-25
2.686180009124e-25
2.672920134849e-25
2.628280242629e-25
2.575967985381e-25
2.493421627443e-25
2.472124586303e-25
2.398812574010e-25
2.361649074456e-25
2.342247189146e-25
2.322970827343e-25
2.311588081968e-25
2.289540797894e-25
2.271701798927e-25
2.254431477624e-25
2.213535412195e-25
2.165305327781e-25
2.129908786356e-25
2.089469284622e-25
2.026453254968e-25
1.912880892145e-25
1.908100187823e-25
1.888027609759e-25
1.856466706959e-25
1.852798175120e-25
1.850364147722e-25
1.839695208470e-25
1.827008623684e-25
1.815442582245e-25
1.802632718911e-25
1.797270002866e-25
1.796370079444e-25
1.773689302610e-25
1.763100675589e-25
1.756581760738e-25
1.753865772980e-25
1.746186291406e-25
1.736665083608e-25
1.733693327360e-25
1.730560362765e-25
1.728486809719e-25
1.722139081432e-25
1.715252929133e-25
1.713867761985e-25
1.709811601540e-25
1.699012940117e-25
1.685333542380e-25
1.675143657344e-25
1.663683783311e-25
1.610042081270e-25
1.597399062384e-25
1.580692629547e-25
1.556050726432e-25
1.512649821838e-25
1.496369166617e-25
1.488184239309e-25
1.483244675814e-25
1.459508055160e-25
1.447692490626e-25
1.431835108407e-25
1.425959435143e-25
1.402020534238e-25
1.397465665749e-25
1.389675350109e-25
1.378439620946e-25
1.368221907662e-25
1.365407753999e-25
1.352945567072e-25
1.340136520092e-25
1.336163615553e-25
1.329060940679e-25
1.326047549590e-25
1.313629220667e-25
1.300657255458e-25
1.271966380609e-25
1.266943845459e-25
1.237630118843e-25
1.214451149790e-25
1.199738422992e-25
1.177622059558e-25
1.167837096955e-25
1.165484300362e-25
1.161683928437e-25
1.158770610855e-25
1.151065578487e-25
1.150604687524e-25
1.147119473510e-25
1.136404612229e-25
1.132590742960e-25
1.120634222558e-25
1.110029291876e-25
1.100896781870e-25
1.084570924423e-25
1.082058632354e-25
1.080592748002e-25
1.070626890276e-25
1.068156287697e-25
1.066208046838e-25
1.052533052730e-25
1.043306270166e-25
1.041062559122e-25
1.030644772596e-25
1.010036109699e-25
9.978313671865e-26
9.929051489112e-26
9.811749708762e-26
9.637382717986e-26
9.619575771852e-26
9.501435023725e-26
9.376590287879e-26
9.095397543718e-26
9.001433667250e-26
8.949635556202e-26
8.834280684201e-26
8.590378197958e-26
8.568853305639e-26
8.170556920240e-26
7.988787266948e-26
7.856463820798e-26
7.636456249651e-26
6.890148425345e-26
6.326222657613e-26
6.019214755546e-26
5.522486827240e-26
5.328061618622e-26
5.291369597720e-26
5.242495795432e-26
5.158661739044e-26
4.943876335624e-26
4.854858871339e-26
4.647832719824e-26
4.602740104902e-26
4.580024277330e-26
4.557720098692e-26
4.474357316653e-26
4.110174091754e-26
3.877451276613e-26
3.593201709297e-26
3.400299862583e-26
3.384453063738e-26
3.315041270274e-26
3.300229433669e-26
3.285373481095e-26
3.259514501993e-26
3.211795201449e-26
3.178899736361e-26
3.106427883126e-26
3.032438017118e-26
2.950316301305e-26
2.863523164878e-26
2.827570412602e-26
2.784543087436e-26
2.770244329629e-26
2.753287040240e-26
2.738446625445e-26
2.708523369932e-26
2.673680083065e-26
2.641757309774e-26
2.591666280828e-26
2.306803291558e-26
2.201808357338e-26
2.104563127201e-26
2.016601399331e-26
1.953290957374e-26
1.865564781797e-26
1.850503081917e-26
1.833700129479e-26
1.775585748071e-26
1.735052855596e-26
1.719740597586e-26
1.707069355576e-26
1.698062969582e-26
1.663179183218e-26
1.629181025150e-26
1.616250793432e-26
1.600851003514e-26
1.561203764607e-26
1.552959465910e-26
1.528976692051e-26
1.511490484937e-26
1.499314746982e-26
1.490824930631e-26
1.489443656696e-26
1.482214231488e-26
1.480326357609e-26
1.476646580963e-26
1.473579574832e-26
1.472268951814e-26
1.469799330883e-26
1.456714239277e-26
1.448858038339e-26
1.447112238483e-26
1.440130356042e-26
1.437822229486e-26
1.435889117178e-26
1.433594812825e-26
1.433209969463e-26
1.428922684769e-26
1.422107195274e-26
1.414043203959e-26
1.409637600647e-26
1.403272323813e-26
1.396883933805e-26
1.393579772258e-26
1.388724194581e-26
1.386145812908e-26
1.374312304982e-26
1.367007532909e-26
1.364213026937e-26
1.355251397412e-26
1.351283305305e-26
1.345523096513e-26
1.321276564343e-26
1.283523017050e-26
1.248730810202e-26
1.238505673962e-26
1.227274279689e-26
1.204986429866e-26
1.197736093407e-26
1.188058387166e-26
1.164473444120e-26
1.132431977248e-26
1.110808070895e-26
1.105256660900e-26
1.097882066823e-26
1.094031211392e-26
1.081099526802e-26
1.075041308044e-26
1.053368860653e-26
1.039254586858e-26
1.006955552719e-26
9.988016310491e-27
9.805766263254e-27
9.726084262234e-27
9.478156618214e-27
9.299484776575e-27
9.168913458690e-27
9.063282270567e-27
8.946804270782e-27
8.924119674775e-27
8.868778074313e-27
8.670253175864e-27
8.497970299228e-27
8.415999264257e-27
8.315262475903e-27
8.245383620693e-27
8.149007962795e-27
8.081893688819e-27
8.008306103908e-27
7.959039642832e-27
7.905859369576e-27
7.852043994037e-27
7.783836622532e-27
7.734859632646e-27
7.685113742547e-27
7.507303636017e-27
7.408695442916e-27
7.375050800602e-27
7.218825476401e-27
7.064662685445e-27
6.930014079382e-27
6.893880017957e-27
6.745948468510e-27
6.683091315319e-27
6.593077444428e-27
6.541583969409e-27
6.418992558453e-27
6.343692379535e-27
6.069488683700e-27
6.003267120374e-27
5.908349988899e-27
5.811300443548e-27
5.759122199715e-27
5.722352807903e-27
5.657815849548e-27
5.569336644594e-27
5.353929823653e-27
5.277158047945e-27
5.238179898157e-27
5.221403783666e-27
5.192994306607e-27
5.094373703111e-27
5.054113956881e-27
5.032731795141e-27
4.996700431767e-27
4.949191788207e-27
4.866404237504e-27
4.844375679370e-27
4.831106557437e-27
4.787476252797e-27
4.731538707270e-27
4.701812603078e-27
4.607362988773e-27
4.595558973864e-27
4.525123403562e-27
4.494006706362e-27
4.466812071444e-27
4.461845945445e-27
4.455292782385e-27
4.451552899505e-27
4.421735177261e-27
4.406000435874e-27
4.403324456730e-27
4.388801480624e-27
4.374650878464e-27
4.367469765755e-27
4.320147426669e-27
4.270428440832e-27
4.262466605149e-27
4.208814982114e-27
4.097889743179e-27
4.014481513819e-27
3.871386369534e-27
3.831899985081e-27
3.684357552352e-27
3.523509444088e-27
3.465701873740e-27
3.233968502591e-27
3.186427383182e-27
3.142316785612e-27
3.120565117053e-27
3.095290721701e-27
3.087737329196e-27
3.035903433320e-27
3.029912303473e-27
2.920939649032e-27
2.892323021012e-27
2.830085944821e-27
2.696892335954e-27
2.594972476551e-27
2.563281357240e-27
2.455782324042e-27
2.400314947056e-27
2.363607279252e-27
2.330738099285e-27
2.313804085465e-27
2.292281698456e-27
2.237001098841e-27
2.226077781527e-27
2.190656661495e-27
2.174820070291e-27
2.160754270516e-27
2.120560056818e-27
2.080992051063e-27
2.064713306551e-27
2.053161542820e-27
2.023021112066e-27
1.993390978196e-27
1.979727067438e-27
1.961008074742e-27
1.944017780766e-27
1.889998982697e-27
1.867138175651e-27
1.825140220179e-27
1.800173632383e-27
1.746883782180e-27
1.733960350917e-27
1.712072534100e-27
1.672433931541e-27
1.665875555747e-27
1.623746602580e-27
1.592731017293e-27
1.543482806086e-27
1.531034646188e-27
1.456021229759e-27
1.439983683893e-27
1.387204384249e-27
1.360912225238e-27
1.315938571776e-27
1.304290272733e-27
1.296624537542e-27
1.265725134403e-27
1.258746539677e-27
1.241237390231e-27
1.225540468548e-27
1.204868773187e-27
1.188059388749e-27
1.183763773310e-27
1.178776429092e-27
1.176236506218e-27
1.164740010317e-27
1.152124297879e-27
1.117140843736e-27
1.102848114124e-27
1.091982082609e-27
1.060044435617e-27
1.058613685693e-27
1.046255601718e-27
1.041517855068e-27
1.038032154796e-27
1.017471744148e-27
1.008152845149e-27
9.887126754361e-28
9.741176661818e-28
9.677393829813e-28
9.546209412664e-28
9.474999567007e-28
9.413380893100e-28
9.311307722644e-28
9.251483940938e-28
9.140832217724e-28
9.076105559298e-28
8.984495954231e-28
8.908979041575e-28
8.848532200548e-28
8.745019895266e-28
8.542303072855e-28
8.489088036257e-28
8.463693232563e-28
8.395810978869e-28
8.348867181981e-28
8.303085869583e-28
8.224864841795e-28
8.214260404267e-28
8.064254003233e-28
8.035662217904e-28
7.980005868838e-28
7.920175076083e-28
7.807806083639e-28
7.769054221591e-28
7.698302943122e-28
7.697490079653e-28
7.581441324390e-28
7.564078156759e-28
7.509884617163e-28
7.474937397056e-28
7.348926634337e-28
7.269022540338e-28
7.211918456950e-28
7.098799004959e-28
7.065800032089e-28
6.900658182488e-28
6.827769825359e-28
6.809109912072e-28
6.750955258484e-28
6.691832977303e-28
6.616022662156e-28
6.503881491150e-28
6.397251278132e-28
6.336946739019e-28
6.297873440519e-28
6.184038511913e-28
6.134339608364e-28
6.102791790881e-28
5.992527521671e-28
5.950026910022e-28
5.910549323228e-28
5.852040886220e-28
5.785669745705e-28
5.633512903819e-28
5.564244339453e-28
5.476155809398e-28
5.353834690344e-28
5.334682244668e-28
5.265702421478e-28
5.132675127617e-28
4.925461764562e-28
4.922636173021e-28
4.825124450224e-28
4.741270140565e-28
4.729274032828e-28
4.611458234076e-28
4.576873835177e-28
4.384243297590e-28
4.358015211875e-28
4.267886287697e-28
4.221912784616e-28
4.191287722901e-28
4.133301235844e-28
4.072358809257e-28
4.025053256010e-28
3.969131870991e-28
3.888157524619e-28
3.879593810158e-28
3.832383676320e-28
3.779387966581e-28
3.749057522235e-28
3.724515572862e-28
3.716424524064e-28
3.681999175416e-28
3.657274755080e-28
3.639455084366e-28
3.606943567685e-28
3.595069541331e-28
3.559999790143e-28
3.518763512941e-28
3.465754158225e-28
3.440127327480e-28
3.377317730544e-28
3.359706894878e-28
3.308476102374e-28
3.286765187014e-28
3.244352596639e-28
3.212081416650e-28
3.158892971903e-28
3.109371533487e-28
3.059383971253e-28
3.017196285924e-28
2.999359005938e-28
2.973283508007e-28
2.953132408811e-28
2.925364396167e-28
2.914441146377e-28
2.897794699636e-28
2.872998644862e-28
2.851642260687e-28
2.776316880365e-28
2.762720364150e-28
2.710141194279e-28
2.696077384301e-28
2.675401403246e-28
2.636689549128e-28
2.610446486409e-28
2.547576214022e-28
2.514107861772e-28
2.497832621712e-28
2.463830376652e-28
2.432550939209e-28
2.420588545413e-28
2.406140949025e-28
2.394907623611e-28
2.366442144939e-28
2.355262265315e-28
2.296320907216e-28
2.283808769942e-28
2.240807590780e-28
2.177604789933e-28
2.166908647550e-28
2.157424534435e-28
2.105160416353e-28
2.075320719185e-28
2.013607361299e-28
2.001983666250e-28
1.991313545892e-28
1.972961047507e-28
1.951551210029e-28
1.939258983937e-28
1.913297745907e-28
1.894544693579e-28
1.867217909632e-28
1.852447893872e-28
1.837421788710e-28
1.831130803164e-28
1.792949971787e-28
1.783120411149e-28
1.773027127485e-28
1.769758402267e-28
1.762878586794e-28
1.754816876347e-28
1.753917686419e-28
1.745096777124e-28
1.738257009405e-28
1.717820514559e-28
1.698341470972e-28
1.694631263055e-28
1.687342616757e-28
1.686014891194e-28
1.681522268205e-28
1.675933421620e-28
1.662154433825e-28
1.661970181071e-28
1.646570468824e-28
1.642644205213e-28
1.632787920622e-28
1.616582995448e-28
1.599638420670e-28
1.597571778401e-28
1.586049674702e-28
1.573926558311e-28
1.570973996211e-28
1.546316450263e-28
1.541271234078e-28
1.521651098305e-28
1.503424628564e-28
1.499015340804e-28
1.494218849401e-28
1.489508712146e-28
1.487480105965e-28
1.472838734766e-28
1.465165832346e-28
1.455104367091e-28
1.426278698655e-28
1.405547323655e-28
1.395159506246e-28
1.373737188977e-28
1.366370504893e-28
1.341303880982e-28
1.334808042553e-28
1.312414173029e-28
1.303882400152e-28
1.292866851148e-28
1.274320616783e-28
1.262919212571e-28
1.250345679336e-28
1.246930137761e-28
1.242751446153e-28
1.230485500862e-28
1.228100148298e-28
1.227149471414e-28
1.221582569450e-28
1.211017573589e-28
1.208292447484e-28
1.195041483695e-28
1.187375044766e-28
1.177491077016e-28
1.171590803275e-28
1.164075388585e-28
1.157181963691e-28
1.149039252868e-28
1.146291179319e-28
1.134719384910e-28
1.130608102304e-28
1.114080271965e-28
1.110833993732e-28
1.106135984997e-28
1.093042103578e-28
1.087673542550e-28
1.084176583650e-28
1.081762285600e-28
1.074687773711e-28
1.071988074538e-28
1.057895716460e-28
1.049914918435e-28
1.046555042771e-28
1.043946237750e-28
1.032822247428e-28
1.025501910833e-28
1.022912068811e-28
1.010385933338e-28
1.006809029685e-28
1.003014837141e-28
9.986450445584e-29
9.950221242427e-29
9.828298462802e-29
9.791476055433e-29
9.759866688805e-29
9.548411769398e-29
9.505190992119e-29
9.454920054671e-29
9.408437680156e-29
9.374243515197e-29
9.324462428628e-29
9.250347903235e-29
9.204937242376e-29
9.108134903283e-29
9.090072792411e-29
9.050015770588e-29
8.835159999854e-29
8.775912057080e-29
8.756604051326e-29
8.634634301473e-29
8.620771227711e-29
8.507504558639e-29
8.435513756769e-29
8.344900028215e-29
8.285922255511e-29
8.200641922379e-29
8.099771760419e-29
8.055048408205e-29
8.014342186899e-29
7.934944179252e-29
7.869142720706e-29
7.839884609868e-29
7.744261650253e-29
7.567884541790e-29
7.473684183249e-29
7.367851927120e-29
7.320815441649e-29
7.294177487329e-29
7.177017803314e-29
7.074633154010e-29
7.030643574032e-29
6.989100446788e-29
6.903834641806e-29
6.872965823159e-29
6.855864762697e-29
6.813423542376e-29
6.741995279545e-29
6.673522487848e-29
6.666804906499e-29
6.610154466059e-29
6.538292776098e-29
6.521207953175e-29
6.481049542086e-29
6.431119753652e-29
6.365760220789e-29
6.353663379499e-29
6.312070134777e-29
6.193033006430e-29
6.160303681959e-29
6.083670141705e-29
6.033959840845e-29
5.960921262642e-29
5.933169324709e-29
5.896346005439e-29
5.832384279129e-29
5.786889136247e-29
5.768154176140e-29
5.634222852955e-29
5.547011386734e-29
5.503424222561e-29
5.426761420369e-29
5.376280825023e-29
5.357441234857e-29
5.279323240806e-29
5.222695451343e-29
5.183273265408e-29
5.115009171203e-29
5.011801033950e-29
4.971092525865e-29
4.876442252627e-29
4.797699411108e-29
4.699159193884e-29
4.675865240914e-29
4.671289109420e-29
4.626142011144e-29
4.611988849631e-29
4.565169118486e-29
4.525299689195e-29
4.451314995405e-29
4.431877343983e-29
4.407632567373e-29
4.368801837484e-29
4.352773579498e-29
4.275720922740e-29
4.226440287195e-29
4.189921348272e-29
4.156525278518e-29
4.118863709219e-29
4.064298972019e-29
4.060042048111e-29
4.010948955749e-29
3.917841396102e-29
3.886254333064e-29
3.836654212806e-29
3.811961015294e-29
3.802861982391e-29
3.734744857182e-29
3.732611841133e-29
3.703723586103e-29
3.672486105068e-29
3.650012059343e-29
3.596742897778e-29
3.586242571557e-29
3.520602225391e-29
3.476964055159e-29
3.412114107994e-29
3.399151194377e-29
3.378394052904e-29
3.358822898888e-29
3.331061265639e-29
3.291077722852e-29
3.262341021348e-29
3.215680363269e-29
3.189844803451e-29
3.160300367386e-29
3.127653073612e-29
3.120257358317e-29
3.089894972190e-29
3.066604893266e-29
3.042845374303e-29
3.031320894496e-29
3.006767727284e-29
2.992465688108e-29
2.952869227973e-29
2.922311715205e-29
2.912737447744e-29
2.894965993339e-29
2.890331831125e-29
2.876669723899e-29
2.875369945255e-29
2.821625894629e-29
2.776056833501e-29
2.769080506760e-29
2.753558676001e-29
2.728850838514e-29
2.691383197058e-29
2.684976703625e-29
2.654042153880e-29
2.627790035910e-29
2.610613336738e-29
2.568072126826e-29
2.542636436414e-29
2.533548603391e-29
2.514172991569e-29
2.496988485578e-29
2.481978424563e-29
2.459245226112e-29
2.425638056383e-29
2.395407422556e-29
2.391091149898e-29
2.369270868662e-29
2.341491346734e-29
2.326032491440e-29
2.300835604824e-29
2.265233234842e-29
2.249227392264e-29
2.229733052137e-29
2.207693504989e-29
2.199085959702e-29
2.196154138952e-29
2.172233043744e-29
2.161611945968e-29
2.140825648879e-29
2.122141092733e-29
2.110337044399e-29
2.084555324293e-29
2.060298721509e-29
2.030718867748e-29
2.019372873848e-29
1.983830513502e-29
1.981856815502e-29
1.950736442821e-29
1.919416292189e-29
1.912628013173e-29
1.888191591262e-29
1.861727939653e-29
1.837377066788e-29
1.818418022582e-29
1.808456578585e-29
1.803703786195e-29
1.802826824839e-29
1.795360893424e-29
1.781203117669e-29
1.775946768232e-29
1.751072168032e-29
1.724386080863e-29
1.709173012642e-29
1.701651253807e-29
1.687447428319e-29
1.672557327519e-29
1.655801090047e-29
1.647273192565e-29
1.639133044418e-29
1.610011216067e-29
1.604637652427e-29
1.598636267912e-29
1.581740400106e-29
1.570365362632e-29
1.559326678209e-29
1.551144888664e-29
1.538227515700e-29
1.534384529380e-29
1.510828223805e-29
1.502722984252e-29
1.488214482151e-29
1.478690946715e-29
1.474466889408e-29
1.450461021376e-29
1.446233295016e-29
1.433059502882e-29
1.422678598123e-29
1.405975287434e-29
1.399512785100e-29
1.384406145358e-29
1.370236731982e-29
1.359778748707e-29
1.339048202643e-29
1.336645089181e-29
1.327857519490e-29
1.324697252579e-29
1.318774005720e-29
1.303227406539e-29
1.292159243973e-29
1.284662186720e-29
1.276035822483e-29
1.269830775326e-29
1.264329183628e-29
1.259372564801e-29
1.239980350234e-29
1.236040490297e-29
1.221668588003e-29
1.217487959655e-29
1.208466266872e-29
1.199313362638e-29
1.195171639153e-29
1.191725392685e-29
1.177708729145e-29
1.171407215000e-29
1.168528453818e-29
1.160657390880e-29
1.158377491051e-29
1.147863089728e-29
1.134694339964e-29
1.129655824960e-29
1.122451581230e-29
1.116009208291e-29
1.099670294213e-29
1.094743675482e-29
1.087151690718e-29
1.078594914834e-29
1.068547751057e-29
1.059346799815e-29
1.054891380992e-29
1.043400105939e-29
1.027623020118e-29
1.023877319538e-29
1.019307777355e-29
1.004966627566e-29
9.959514392840e-30
9.883393300005e-30
9.866967619540e-30
9.828677970547e-30
9.727660822401e-30
9.702261688852e-30
9.547702611631e-30
9.474346860334e-30
9.366096189269e-30
9.310279315256e-30
9.304256568754e-30
9.267097999138e-30
9.097501795108e-30
9.043767357132e-30
8.959577483259e-30
8.926700200377e-30
8.847171201536e-30
8.814131398045e-30
8.783805305797e-30
8.730026767022e-30
8.650880305015e-30
8.533386988924e-30
8.500064227438e-30
8.443939591133e-30
8.390168708223e-30
8.290579606954e-30
8.262300252312e-30
8.227999251978e-30
8.168547216915e-30
8.121676136917e-30
8.061987125828e-30
8.010842044573e-30
7.989506157288e-30
7.908324402074e-30
7.885235023347e-30
7.833268193123e-30
7.736902430671e-30
7.670924479964e-30
7.608151367060e-30
7.546644394957e-30
7.465711778060e-30
7.400565221825e-30
7.360411069525e-30
7.265747995045e-30
7.228948552394e-30
7.206859687020e-30
7.162039809037e-30
7.108164746684e-30
7.021790210315e-30
7.008248476222e-30
6.934019675259e-30
6.914910749196e-30
6.830414142970e-30
6.800027233252e-30
6.758036841473e-30
6.648200751941e-30
6.639799903316e-30
6.539777926571e-30
6.514585451792e-30
6.462551837113e-30
6.441816671534e-30
6.345811342976e-30
6.319320379228e-30
6.262147104491e-30
6.204611086142e-30
6.128852017253e-30
6.088679436812e-30
6.013550488926e-30
5.958518474332e-30
5.921942170879e-30
5.865157392844e-30
5.808696741148e-30
5.800089441611e-30
5.742147716471e-30
5.704546061171e-30
5.641889980735e-30
5.585411003406e-30
5.543447633231e-30
5.475231769232e-30
5.411955415667e-30
5.398551622266e-30
5.374078216352e-30
5.355247016022e-30
5.264718212647e-30
5.241246009314e-30
5.222538171558e-30
5.175694519332e-30
5.118399365323e-30
5.078748472747e-30
5.004863451444e-30
4.980318415458e-30
4.928190867523e-30
4.890849531439e-30
4.882755075542e-30
4.811353743587e-30
4.798252195012e-30
4.749455632395e-30
4.658270957263e-30
4.619395959872e-30
4.603780627824e-30
4.587915258002e-30
4.540964806152e-30
4.489377452121e-30
4.488356677305e-30
4.418668226145e-30
4.364193774285e-30
4.326024724842e-30
4.285543507219e-30
4.283999048088e-30
4.188423332185e-30
4.166774399383e-30
4.157531090102e-30
4.125486152104e-30
4.094972504032e-30
4.054305456431e-30
4.022499450515e-30
3.956994601364e-30
3.908050723103e-30
3.874911965045e-30
3.847191490010e-30
3.801935371261e-30
3.789861172692e-30
3.733860817498e-30
3.687210233340e-30
3.643226508971e-30
3.630826360135e-30
3.613496979125e-30
3.576132439348e-30
3.546341433501e-30
3.508600806075e-30
3.449170820013e-30
3.395663652687e-30
3.367255576098e-30
3.343172775820e-30
3.318352735327e-30
3.274076152353e-30
3.247639384408e-30
3.212928996127e-30
3.197852684810e-30
3.174498296770e-30
3.098590800565e-30
3.075969702048e-30
3.038658515500e-30
3.031907563685e-30
3.004839890032e-30
2.947188077053e-30
2.938011411060e-30
2.930197930948e-30
2.918251011233e-30
2.906376897605e-30
2.837076233182e-30
2.821191812023e-30
2.773962915233e-30
2.736181791730e-30
2.719701670755e-30
2.666538986983e-30
2.626279276308e-30
2.607660656178e-30
2.575181873921e-30
2.564833993185e-30
2.539656694870e-30
2.533954366731e-30
2.519198640185e-30
2.469916096363e-30
2.455865362142e-30
2.439002111232e-30
2.384983329927e-30
2.373623110040e-30
2.344818840592e-30
2.333861957746e-30
2.282042379588e-30
2.263857180374e-30
2.232895336477e-30
2.214348281105e-30
2.170200849976e-30
2.156515034772e-30
2.129568912403e-30
2.108884733365e-30
2.101544547370e-30
2.082523108138e-30
2.057367167465e-30
2.050330879041e-30
2.015030783718e-30
1.986798444257e-30
1.975754682633e-30
1.957872236987e-30
1.939800725189e-30
1.906537228061e-30
1.873282266478e-30
1.871645662902e-30
1.855638868627e-30
1.840205849520e-30
1.800369646421e-30
1.788066426120e-30
1.780529716049e-30
1.765453303452e-30
1.740164878939e-30
1.714464935134e-30
1.691869108943e-30
1.682318593138e-30
1.670252285564e-30
1.653981360771e-30
1.626533476576e-30
1.613372985961e-30
1.600836652965e-30
1.584249113644e-30
1.549403593873e-30
1.545741275707e-30
1.533949372688e-30
1.511177048266e-30
1.496041344293e-30
1.470099157352e-30
1.455541576939e-30
1.440744631068e-30
1.425771650294e-30
1.411440176303e-30
1.403438759599e-30
1.400746072525e-30
1.382353976781e-30
1.352080713230e-30
1.348480477296e-30
1.336229117316e-30
1.322843075519e-30
1.317973694344e-30
1.304002555683e-30
1.293941991943e-30
1.288751621720e-30
1.263525569441e-30
1.253846840468e-30
1.231556044817e-30
1.229517675802e-30
1.216874479439e-30
1.208130969176e-30
1.192010565074e-30
1.186056487749e-30
1.171745977541e-30
1.149801730776e-30
1.125999321394e-30
1.114939050413e-30
1.097976836021e-30
1.095416958520e-30
1.075778462029e-30
1.073303109428e-30
1.061207933589e-30
1.052742256306e-30
1.032248282408e-30
1.020957522094e-30
1.019929583531e-30
1.010914017384e-30
1.004117286363e-30
9.903527608038e-31
9.798650456950e-31
9.570159977978e-31
9.560820271012e-31
9.513339390777e-31
9.461520913629e-31
9.354342625725e-31
9.250318664284e-31
9.121815683999e-31
9.015902317190e-31
8.791729412788e-31
8.734738373486e-31
8.677865559544e-31
8.574869061829e-31
8.431529462348e-31
8.287451659739e-31
8.268886850401e-31
8.176568985535e-31
8.004239663979e-31
7.928379200043e-31
7.872307012159e-31
7.678842813080e-31
7.600672181846e-31
7.553539451814e-31
7.477765305708e-31
7.459285183659e-31
7.244020402823e-31
7.219043790521e-31
7.099038325579e-31
6.878453341366e-31
6.776940509919e-31
6.666042746389e-31
6.555299614009e-31
6.492764001833e-31
6.425911461538e-31
6.351304535624e-31
6.250614931377e-31
6.211455754228e-31
6.120316757035e-31
6.089773492588e-31
6.002741639932e-31
5.972027874051e-31
5.934680745633e-31
5.898656413349e-31
5.837523584964e-31
5.789297816586e-31
5.788051077314e-31
5.677057552782e-31
5.566786982053e-31
5.447384832252e-31
5.395608321357e-31
5.302911503736e-31
5.267634224897e-31
5.220469150088e-31
5.090859420512e-31
5.054176727482e-31
4.993816942830e-31
4.962485758204e-31
4.902291406421e-31
4.818292228811e-31
4.747102679072e-31
4.696259018935e-31
4.652684191828e-31
4.614198847846e-31
4.502340564404e-31
4.421776086374e-31
4.361223639412e-31
4.323791297444e-31
4.264981578724e-31
4.209037290688e-31
4.119409044631e-31
4.096921166875e-31
4.032371437369e-31
4.022199240041e-31
3.962059129013e-31
3.880837015263e-31
3.858327467905e-31
3.790644753189e-31
3.729911256105e-31
3.712761011237e-31
3.634552353148e-31
3.549509429726e-31
3.474082995275e-31
3.462707150915e-31
3.417918360919e-31
3.335091386178e-31
3.326137769237e-31
3.277291454645e-31
3.238915903995e-31
3.195731265600e-31
3.186234702009e-31
3.123569211388e-31
3.073949254722e-31
2.996484789396e-31
2.968027651305e-31
2.891376856528e-31
2.879177532796e-31
2.861688182220e-31
2.805365725152e-31
2.767522608873e-31
2.712490201457e-31
2.659628939333e-31
2.656791580509e-31
2.601983270546e-31
2.544648630648e-31
2.540098938728e-31
2.499873751669e-31
2.423289315198e-31
2.362327159661e-31
2.320511248839e-31
2.255839317693e-31
2.227129523784e-31
2.209001210183e-31
2.203607538614e-31
2.156489984258e-31
2.144568701663e-31
2.104741545875e-31
2.079415140707e-31
2.052660031870e-31
1.984295699736e-31
1.922634475449e-31
1.906801372616e-31
1.900903025008e-31
1.874975217747e-31
1.869493520860e-31
1.836391298208e-31
1.771023083858e-31
1.751950294799e-31
1.729695417745e-31
1.709301933192e-31
1.703190935473e-31
1.670881222500e-31
1.647284691691e-31
1.620161566275e-31
1.576929065714e-31
1.558428071882e-31
1.543950977294e-31
1.532841810596e-31
1.523722112147e-31
1.517186947922e-31
1.478469913473e-31
1.460746536561e-31
1.424428495022e-31
1.395533670153e-31
1.385711908449e-31
1.371560486997e-31
1.363735687086e-31
1.351075367184e-31
1.342685274559e-31
1.324071544451e-31
1.317068866734e-31
1.255457844063e-31
1.241978350114e-31
1.229857232746e-31
1.221785096300e-31
1.188809243173e-31
1.166152511495e-31
1.157092102907e-31
1.132467116505e-31
1.097976674295e-31
1.091435991335e-31
1.071233095701e-31
1.058047995934e-31
1.033277166951e-31
1.024860998536e-31
1.008339988475e-31
1.004475109015e-31
9.479966538290e-32
9.305910357536e-32
9.090882374216e-32
9.053819110096e-32
8.815218667579e-32
8.438785470864e-32
8.314818791035e-32
8.282203593345e-32
8.074070367176e-32
7.975830810558e-32
7.823410611008e-32
7.462498617061e-32
7.361803589966e-32
7.156591866927e-32
7.075378996562e-32
6.836071254665e-32
6.813707763831e-32
6.574679366801e-32
6.442659265326e-32
6.354128993990e-32
6.275167874099e-32
6.066628911335e-32
5.972564013782e-32
5.815151452158e-32
5.765221979474e-32
5.575748368059e-32
5.452260706617e-32
5.349836281912e-32
5.310455588848e-32
5.254419831906e-32
5.126140406372e-32
4.968818643055e-32
4.857366240258e-32
4.840377568693e-32
4.750359466384e-32
4.503083007161e-32
4.461092092451e-32
4.345140648250e-32
4.244574554596e-32
4.201813710365e-32
4.111628329232e-32
4.064157504053e-32
3.961069629438e-32
3.839617630864e-32
3.809582056592e-32
3.621627479236e-32
3.550018179304e-32
3.496968519468e-32
3.371456883211e-32
3.343208046936e-32
3.281069968125e-32
3.170098882619e-32
3.111254489351e-32
3.039464621821e-32
3.027545397213e-32
2.957183678696e-32
2.875951596383e-32
2.791781678565e-32
2.698119738106e-32
2.667749476626e-32
2.589085478641e-32
2.570371812630e-32
2.431382812330e-32
2.373166034523e-32
2.285727680486e-32
2.261651003034e-32
2.209997556830e-32
2.185396857772e-32
2.107294328484e-32
2.059004571321e-32
1.989820380626e-32
1.980499141295e-32
1.911153347486e-32
1.851877538071e-32
1.829530091840e-32
1.825497356987e-32
1.769249390787e-32
1.741404014036e-32
1.731084926862e-32
1.656175268860e-32
1.598765208005e-32
1.575132369834e-32
1.560160599704e-32
1.513167731509e-32
1.487926566299e-32
1.441855529213e-32
1.417085814386e-32
1.406600409686e-32
1.390315780324e-32
1.362809179287e-32
1.301721147328e-32
1.272361204454e-32
1.243998396539e-32
1.227675299695e-32
1.195474775228e-32
1.157275203544e-32
1.152124284800e-32
1.123358543175e-32
1.102983251597e-32
1.082102788385e-32
1.071133916700e-32
1.046575537504e-32
1.036332322502e-32
1.014377053024e-32
9.847861438467e-33
9.581938294874e-33
9.336696547566e-33
9.179213176337e-33
9.043861100772e-33
8.749627059250e-33
8.616248172952e-33
8.323920042710e-33
8.206929153509e-33
7.882574159607e-33
7.614641137522e-33
7.344556045365e-33
7.196937916650e-33
6.856376688528e-33
6.820880807494e-33
6.575319054197e-33
6.425379112338e-33
6.320049838446e-33
6.224968205613e-33
6.035075300056e-33
5.947473551528e-33
5.696638313839e-33
5.580909702718e-33
5.435844689389e-33
5.335357526500e-33
5.262129662915e-33
5.181490099862e-33
4.976524757484e-33
4.872377769653e-33
4.859430349564e-33
4.705476632892e-33
4.656800097767e-33
4.616566140802e-33
4.473893027463e-33
4.398407197312e-33
4.358789493777e-33
4.232583675255e-33
4.050649460749e-33
4.013219875055e-33
3.819135032165e-33
3.757437576044e-33
3.741275198181e-33
3.671112252479e-33
3.529520901836e-33
3.503985772542e-33
3.406861812241e-33
3.343639367976e-33
3.189821973756e-33
3.172212170186e-33
3.098378952969e-33
3.068845766179e-33
3.048841594581e-33
2.955149740824e-33
2.877492952160e-33
2.870285673199e-33
2.814245709210e-33
2.749193361151e-33
2.705254519950e-33
2.677512649084e-33
2.653963127000e-33
2.625924792579e-33
2.574164771695e-33
2.511082772733e-33
2.460649630086e-33
2.416490572497e-33
2.362420514837e-33
2.266027515159e-33
2.238831364029e-33
2.204310738813e-33
2.164546236496e-33
2.143858353875e-33
2.112760148009e-33
2.026445414752e-33
2.017661099171e-33
2.003151798463e-33
1.971923636933e-33
1.898055484251e-33
1.878575548069e-33
1.803605558964e-33
1.767847780170e-33
1.683610807500e-33
1.676366005271e-33
1.608078749482e-33
1.545369981258e-33
1.530270657980e-33
1.462749011692e-33
1.451996556614e-33
1.427636134032e-33
1.367636606560e-33
1.334624447776e-33
1.312303335548e-33
1.287023216224e-33
1.244379445866e-33
1.222848037873e-33
1.183620776769e-33
1.173782484153e-33
1.115196814048e-33
1.098565425722e-33
1.047310316613e-33
1.024483891861e-33
9.969818913934e-34
9.706506918073e-34
9.191721613813e-34
9.067324835092e-34
8.980597691724e-34
8.449483564292e-34
7.764025567558e-34
7.568704306831e-34
7.340337187671e-34
7.137263493228e-34
6.859875436484e-34
6.803584453708e-34
6.545966239755e-34
6.499195219626e-34
6.409349796607e-34
6.206934523790e-34
6.143304860630e-34
5.963970111066e-34
5.661037279090e-34
5.533170551661e-34
5.302668612093e-34
5.108745474204e-34
5.074529394833e-34
4.964275669863e-34
4.850802028526e-34
4.789210989809e-34
4.630638410887e-34
4.474487709166e-34
4.304243947262e-34
4.088848124617e-34
4.011613268914e-34
3.990839370172e-34
3.793615773160e-34
3.735832593511e-34
3.638084529303e-34
3.565916670527e-34
3.537073052944e-34
3.509335690185e-34
3.333250295522e-34
3.271752756402e-34
3.171821390593e-34
3.092292166996e-34
3.019761432176e-34
2.984323491224e-34
2.853146935246e-34
2.829690477466e-34
2.747892402209e-34
2.679472035273e-34
2.628662115015e-34
2.598331479461e-34
2.560594655138e-34
2.502841172445e-34
2.423984490513e-34
2.383544649431e-34
2.372210921792e-34
2.270616119664e-34
2.153211206734e-34
2.103497470949e-34
2.088477776431e-34
2.043966711059e-34
1.923985941008e-34
1.897586670551e-34
1.823269738960e-34
1.731670358473e-34
1.709913472927e-34
1.696611751313e-34
1.655973046942e-34
1.622868470633e-34
1.526312156838e-34
1.421153180939e-34
1.399758711887e-34
1.380935648887e-34
1.364889453398e-34
1.340667894927e-34
1.265093112536e-34
1.205694181555e-34
1.165211295510e-34
1.156892666507e-34
1.123732268184e-34
1.063764713628e-34
9.900708835639e-35
9.650504455916e-35
9.244833608885e-35
9.001438254756e-35
8.503202439987e-35
7.875146044334e-35
7.486759787374e-35
7.385054502590e-35
7.028343192772e-35
6.843929090999e-35
6.553419530583e-35
6.384631405974e-35
6.167814198493e-35
5.900510158610e-35
5.795976621103e-35
5.596432220240e-35
5.316612375968e-35
5.154470101168e-35
4.767853671481e-35
4.600126955779e-35
4.464890970665e-35
4.304703261800e-35
4.111694934540e-35
3.924428977329e-35
3.848284074170e-35
3.731669342760e-35
3.516590859971e-35
3.253914782955e-35
3.083197003866e-35
3.068421602800e-35
2.965607850052e-35
2.908235011272e-35
2.725556227709e-35
2.630156987124e-35
2.472195585412e-35
2.342269487140e-35
2.241135098642e-35
2.067149035955e-35
1.997196173585e-35
1.943993421285e-35
1.879530379739e-35
1.687170227112e-35
1.620737428348e-35
1.559658295596e-35
1.524103461389e-35
1.382177489606e-35
1.336410877554e-35
1.308612966262e-35
1.262727489793e-35
1.180202251595e-35
1.152170467618e-35
1.081541596193e-35
1.007680203946e-35
9.318927009400e-36
7.878410903168e-36
7.841069969409e-36
7.221832927614e-36
6.871585879086e-36
6.405218351822e-36
5.960101465183e-36
5.772259579845e-36
5.479405914126e-36
5.096366761906e-36
5.043713134016e-36
4.645005311458e-36
4.266470383007e-36
4.159544763978e-36
3.929391648263e-36
3.351720283456e-36
3.323459691789e-36
2.966521856685e-36
2.698510719075e-36
2.619731349548e-36
2.017799361433e-36
1.990071159092e-36
1.796806584471e-36
1.599435984729e-36
1.446732513213e-36
1.344972677301e-36
1.033316966963e-36
9.622985660095e-37
8.991165209800e-37
8.219682656991e-37
7.343565021427e-37
5.988271509204e-37
4.919055363858e-37
3.892394284422e-37
3.729667891990e-37
2.834484845849e-37
2.148600544039e-37
1.936180639801e-37
1.546701844489e-37
1.161041382667e-37
9.802805777670e-38
6.298499483902e-38
4.268392597992e-38
3.570600967489e-38
2.929361097997e-38
1.944426547060e-38
9.511542781343e-39
3.978775163793e-39
