#lambda_0=9.712000874977e-01
1.000000000000e+00
1.314177891179e-01
1.314177891179e-01
5.124809077250e-02
5.124809077250e-02
5.124809077250e-02
5.124809077250e-02
4.292602830932e-02
4.292602830932e-02
3.275823372209e-02
3.275823372209e-02
3.261603038584e-02
3.261603038584e-02
2.195676163689e-02
2.195675116544e-02
1.727063626135e-02
6.403601990354e-03
6.403601990354e-03
6.403601990353e-03
6.403601990353e-03
6.403601990196e-03
6.403601990196e-03
6.403601990194e-03
6.403601990194e-03
5.641242815656e-03
5.641242815656e-03
4.305012932980e-03
4.305012932980e-03
4.286324915348e-03
4.286324915348e-03
2.885507582085e-03
2.885507581103e-03
2.161313066864e-03
2.161313066864e-03
2.161313066840e-03
2.161313066840e-03
2.161311204902e-03
2.161311204901e-03
2.161311204757e-03
2.161311204756e-03
1.842644217569e-03
1.406180950447e-03
1.406180950447e-03
1.400076759091e-03
1.400076759091e-03
1.073101851281e-03
1.068443551232e-03
1.068443551232e-03
1.063805473670e-03
9.425169219293e-04
9.425169219292e-04
8.016000744409e-04
8.016000744408e-04
8.016000744383e-04
8.016000744383e-04
7.192650088274e-04
7.192650088274e-04
7.161427132760e-04
7.161427132760e-04
4.820999285397e-04
2.705515026800e-04
2.705515026797e-04
2.705515026106e-04
2.705515026099e-04
2.705515025214e-04
2.705515025211e-04
2.705515024520e-04
2.705515024513e-04
2.549847489628e-04
2.547494784548e-04
2.534287611833e-04
2.534287611831e-04
9.274683697108e-05
9.274683696779e-05
9.274683693805e-05
9.274683689477e-05
3.194560764535e-06
3.194560764534e-06
3.181947588458e-06
3.175085794194e-06
3.560722108481e-07
3.515466202024e-07
3.515466202020e-07
3.447646876809e-07
1.884413134350e-08
5.026522650715e-09
4.929917477148e-09
4.929917477118e-09
4.867732190489e-09
3.425220901080e-09
2.698650460036e-09
2.698650459980e-09
2.698650459749e-09
2.698650459683e-09
2.633834519383e-09
2.633832326090e-09
1.935034625225e-09
1.489668657342e-09
1.489668654897e-09
1.489668592187e-09
1.489668588732e-09
9.177211776096e-10
9.177211722928e-10
9.168318566962e-10
9.168318463575e-10
7.695143796540e-10
7.695140047904e-10
7.155419125262e-10
7.155395962544e-10
7.144927397419e-10
7.142094343420e-10
7.142071034643e-10
7.124470834721e-10
6.911205116509e-10
6.911173624533e-10
5.273863275688e-10
5.273863141488e-10
5.263141568155e-10
5.263141539728e-10
4.029899862681e-10
4.029885565502e-10
3.687513693418e-10
3.667838956994e-10
3.664701741764e-10
2.264438795744e-10
2.264307830522e-10
2.258933064368e-10
2.258801853933e-10
2.255439440631e-10
2.255309074006e-10
2.242996677049e-10
2.241094638878e-10
1.701333062209e-10
1.701333055295e-10
1.701333048960e-10
1.701333044372e-10
1.701332996769e-10
1.701332985546e-10
1.701332977219e-10
1.701332977213e-10
1.309793713969e-10
1.309762028421e-10
1.194844938050e-10
1.194841328496e-10
1.186475033831e-10
1.186475012979e-10
1.185324540742e-10
1.185324463194e-10
1.181538032283e-10
1.181503301595e-10
1.151756071552e-10
1.151743678538e-10
1.028797786786e-10
1.028791599823e-10
9.212548594338e-11
8.881347104736e-11
8.881301184540e-11
8.881061797094e-11
8.881060182776e-11
7.994105642103e-11
7.994095296596e-11
7.971190763070e-11
7.971169570142e-11
7.804891191414e-11
7.803417291873e-11
7.802529731790e-11
7.798227612666e-11
7.773433803165e-11
7.773045614445e-11
7.771592990772e-11
7.765779359076e-11
7.290127767647e-11
7.290127479233e-11
7.274768963776e-11
7.274768633684e-11
6.750219624291e-11
6.750219536671e-11
6.729084669452e-11
6.729084590198e-11
6.520293406295e-11
6.520293364883e-11
6.405436711206e-11
6.405436593899e-11
6.392008802853e-11
6.392006743894e-11
5.910900499992e-11
5.910847426969e-11
5.910406631445e-11
5.910378968236e-11
5.882343993600e-11
5.882304263407e-11
5.881961673490e-11
5.881935173804e-11
5.509610233225e-11
5.469194774333e-11
5.222697844280e-11
5.222405935404e-11
4.865656768403e-11
4.865424617683e-11
4.107275852454e-11
4.107254969872e-11
4.093532350070e-11
4.093501472032e-11
4.072686702694e-11
4.072679321454e-11
4.039491893777e-11
4.015286744694e-11
3.873457409399e-11
2.943808068508e-11
2.899452950872e-11
2.898236537694e-11
2.896453992939e-11
2.891981323189e-11
2.808179120698e-11
2.804760692372e-11
2.802866189247e-11
2.801771005783e-11
2.753363717102e-11
2.749025332450e-11
2.748799156588e-11
2.748091433378e-11
2.729677049009e-11
2.722518541703e-11
2.721518516618e-11
2.718220325961e-11
2.685149085947e-11
2.681902255044e-11
2.681595792265e-11
2.680620087684e-11
2.664111850798e-11
2.659706389243e-11
2.657742757016e-11
2.656919391429e-11
2.028524896854e-11
2.028491403983e-11
2.025283460486e-11
2.024655666769e-11
2.016393145139e-11
2.016392919749e-11
2.013480007085e-11
2.013469389305e-11
1.971232822296e-11
1.971217615766e-11
1.956293378316e-11
1.955013133354e-11
1.740064734866e-11
1.739895940451e-11
1.707033732765e-11
1.707016999328e-11
1.706891067615e-11
1.706817708063e-11
1.706130650494e-11
1.706052758230e-11
1.706047529866e-11
1.706023985610e-11
1.687074945721e-11
1.684695352212e-11
1.649146043244e-11
1.649085394129e-11
1.642688857518e-11
1.642650996320e-11
1.642072855779e-11
1.606193478557e-11
1.514617620174e-11
1.422456905835e-11
1.419994036889e-11
1.419982083808e-11
1.417521074178e-11
1.394721523157e-11
1.394535482739e-11
1.281569579218e-11
1.281431631047e-11
1.274889498100e-11
1.274754074217e-11
1.274173524120e-11
1.274152126161e-11
1.215551925286e-11
1.209399933767e-11
1.209363316183e-11
1.208230880353e-11
1.208196591160e-11
1.206356597967e-11
1.205748670751e-11
1.204132629601e-11
1.203519184912e-11
1.195687517608e-11
1.195654144022e-11
1.195616841263e-11
1.195585403219e-11
1.011554207815e-11
1.011337351919e-11
1.009587669749e-11
1.009511163514e-11
1.009413079785e-11
1.009395711218e-11
9.432054519878e-12
9.432004482554e-12
9.421518821611e-12
9.421240661153e-12
9.404636148087e-12
9.404605011368e-12
9.403230988457e-12
9.403230811041e-12
8.813065334832e-12
8.806576877091e-12
8.723364371913e-12
8.723320486131e-12
8.637618163250e-12
8.637509814411e-12
8.224702725471e-12
8.224008811823e-12
8.164614048554e-12
8.128932850222e-12
7.566453674807e-12
7.444722169106e-12
7.442925085648e-12
7.441647790937e-12
7.432677781514e-12
7.422259384432e-12
7.415264723217e-12
7.415183277462e-12
7.400386658204e-12
7.195210387701e-12
7.149180313194e-12
7.129066947281e-12
7.125035274357e-12
7.082634198210e-12
7.079697003411e-12
7.079051493891e-12
7.073907417009e-12
6.916778106764e-12
6.900309610374e-12
6.891510936312e-12
6.855095416879e-12
6.668238496350e-12
6.653416889000e-12
6.616300812599e-12
6.584093128968e-12
6.582625605601e-12
6.175226077365e-12
6.173036863182e-12
6.164863877001e-12
6.162037751161e-12
6.129100545435e-12
5.937087173249e-12
5.936637980461e-12
5.927388303992e-12
5.926249429945e-12
5.663832708304e-12
4.911692716282e-12
4.905913630675e-12
4.904768330375e-12
4.902206275514e-12
4.119488770595e-12
4.119408358626e-12
4.118480787876e-12
4.118284618167e-12
4.111158710665e-12
4.110962248516e-12
4.058400850557e-12
4.058371241478e-12
4.041427626374e-12
3.976762750992e-12
3.974574872085e-12
3.140533793150e-12
3.140488763408e-12
3.139436782755e-12
3.139330318398e-12
3.125879225333e-12
3.122886491257e-12
3.116895765228e-12
3.116569095713e-12
3.047567740033e-12
3.043671815601e-12
3.020697186131e-12
3.014902297807e-12
2.985817062347e-12
2.985732037656e-12
2.799101287100e-12
2.792634333510e-12
2.785644011781e-12
2.785169451821e-12
2.777866191608e-12
2.759663584332e-12
2.750339862739e-12
2.743873453669e-12
2.729680221615e-12
2.728742286696e-12
2.723839411197e-12
2.718496564567e-12
2.664691322095e-12
2.654815887695e-12
2.644181408688e-12
2.636984017847e-12
2.633578296989e-12
2.626369545538e-12
2.611307176289e-12
2.600300594166e-12
2.332181064879e-12
2.319951928841e-12
2.264314169629e-12
2.251911225146e-12
2.158210822686e-12
2.154206388205e-12
1.993653433006e-12
1.834952705181e-12
1.833955535871e-12
1.827324079440e-12
1.826703981162e-12
1.773192777290e-12
1.773140631263e-12
1.731892288433e-12
1.730033220059e-12
1.697417281754e-12
1.646747909180e-12
1.619536389192e-12
1.619446187766e-12
1.535512361181e-12
1.535221353975e-12
1.515748909360e-12
1.416920924824e-12
1.416167147575e-12
1.322181583946e-12
1.317035637940e-12
1.316317014378e-12
1.311421542674e-12
1.311304765482e-12
1.294972210469e-12
1.290034808922e-12
1.274827956192e-12
1.245863503074e-12
1.243123545527e-12
1.232032037305e-12
1.214264627283e-12
1.197064071438e-12
1.195333924358e-12
1.195253750442e-12
1.194733767958e-12
1.194463762419e-12
1.192574720057e-12
1.191967722078e-12
1.191627795382e-12
1.184067719243e-12
1.183989481412e-12
1.183834586712e-12
1.183759796027e-12
1.161816146449e-12
1.142215071217e-12
1.140836896076e-12
1.140265075940e-12
1.139281121284e-12
9.890177864233e-13
9.890164264947e-13
9.887563645724e-13
9.887563621403e-13
9.781492139023e-13
9.781469706805e-13
9.759915016629e-13
9.759824165628e-13
9.441849578639e-13
9.434816212742e-13
9.126057572916e-13
9.049718717880e-13
8.936135540362e-13
8.687225590228e-13
8.613827490628e-13
8.613788376408e-13
8.611317263339e-13
8.611310347024e-13
8.519976836551e-13
8.519747614346e-13
8.497589924800e-13
8.497491262931e-13
8.034680471503e-13
7.978927627826e-13
7.080833327144e-13
7.080665883710e-13
7.072735072381e-13
7.072641037345e-13
7.058967955610e-13
7.042073647192e-13
7.036931416692e-13
7.004290665508e-13
6.679831727422e-13
6.678497330232e-13
6.677186096143e-13
6.667094201112e-13
6.630349116257e-13
6.622911716729e-13
6.613835255802e-13
6.512297375342e-13
6.461293199451e-13
6.461288944345e-13
6.459575229239e-13
6.459541594149e-13
6.432796753033e-13
6.398205412135e-13
6.366892851497e-13
6.209004023817e-13
6.174394447183e-13
6.145834619934e-13
6.124965363517e-13
5.928652974595e-13
5.903813747172e-13
5.894196689234e-13
5.892638237153e-13
5.627087711716e-13
5.367664383324e-13
5.367612154850e-13
5.353491453358e-13
5.353484477203e-13
5.352232810979e-13
5.352151041431e-13
5.351621107957e-13
5.351540970760e-13
5.224482728174e-13
5.221551993285e-13
5.099728481931e-13
5.099337351304e-13
5.095244018882e-13
5.092947478500e-13
5.085392657127e-13
5.085223433691e-13
5.078101107511e-13
5.069155457492e-13
5.067644029668e-13
5.060647994027e-13
4.975062207817e-13
4.974534163532e-13
4.973318122721e-13
4.964048416192e-13
4.789255693323e-13
4.789224277351e-13
4.772873664022e-13
4.772838200571e-13
4.755177065534e-13
4.753915543306e-13
4.700561376507e-13
4.695963121235e-13
4.480754367893e-13
4.478723110815e-13
4.468092106602e-13
4.452462027038e-13
4.320158847322e-13
4.320152426946e-13
4.319978947618e-13
4.319968425025e-13
4.020216343524e-13
4.018464106288e-13
3.969880164576e-13
3.961877382082e-13
3.790650128441e-13
3.774099788687e-13
3.552193410672e-13
3.526541254530e-13
3.523392948978e-13
3.522652438314e-13
3.445025826100e-13
3.444449942932e-13
3.429152382499e-13
3.421993129557e-13
3.413649150239e-13
3.412465020144e-13
3.404897822895e-13
3.402375386953e-13
3.144802100314e-13
3.109352967107e-13
3.109004916705e-13
2.970285748156e-13
2.817482596019e-13
2.674964190355e-13
2.674357792952e-13
2.400631025890e-13
2.400577225382e-13
2.389217278865e-13
2.389185864914e-13
2.386187976846e-13
2.386164154593e-13
2.366716764928e-13
2.366088839857e-13
2.364934998256e-13
2.362623321732e-13
2.332974655187e-13
2.331345752058e-13
2.331185645293e-13
2.327701906726e-13
2.289461610636e-13
2.248896985153e-13
2.248280876468e-13
2.224462433032e-13
2.223406726492e-13
2.210416785325e-13
2.199200498403e-13
2.198614039346e-13
2.196869131958e-13
2.196441921968e-13
2.104271064617e-13
2.103829764531e-13
2.103043093490e-13
2.102654570539e-13
2.028835579816e-13
2.028830440411e-13
1.897159546438e-13
1.897074979876e-13
1.894013950391e-13
1.893988642028e-13
1.887334462735e-13
1.887023755729e-13
1.837438403442e-13
1.836466135418e-13
1.723180467844e-13
1.411973721158e-13
1.411951355041e-13
1.346056314332e-13
1.345892310996e-13
1.294787613577e-13
1.292849535655e-13
1.292660230386e-13
1.291068175499e-13
1.288374781952e-13
1.282814144525e-13
1.279272597202e-13
1.279214197993e-13
1.217767477160e-13
1.217765788765e-13
1.217757031642e-13
1.217756559591e-13
1.217733973588e-13
1.217733751313e-13
1.217727726281e-13
1.217727356360e-13
1.131145884024e-13
1.130313353904e-13
1.119374858350e-13
1.103519230331e-13
1.060740003878e-13
1.060578309325e-13
1.060484409572e-13
1.060466924605e-13
1.060347978457e-13
1.060347511922e-13
1.060345271003e-13
1.060342885716e-13
1.050165589700e-13
1.042762194980e-13
1.037768913812e-13
1.030362293018e-13
9.874184822964e-14
9.866846276446e-14
9.862292030688e-14
9.844026656249e-14
9.811977267137e-14
9.799277053350e-14
9.757552404392e-14
9.751572566504e-14
9.737010243824e-14
9.658088275583e-14
9.516622240424e-14
9.444348369259e-14
9.002318285413e-14
8.999058460144e-14
8.698723681507e-14
8.671362632451e-14
8.670143403117e-14
8.657058257811e-14
8.651361650000e-14
8.575834680892e-14
8.495709476423e-14
8.445963823530e-14
8.389662304134e-14
8.388205433128e-14
8.388200462358e-14
8.388107887360e-14
8.387946212179e-14
8.387924267018e-14
8.387835262806e-14
8.387525372233e-14
7.664979923133e-14
7.663972212235e-14
7.625787660094e-14
7.616930339913e-14
7.556277813566e-14
7.507717585119e-14
7.500353280789e-14
7.196345528299e-14
7.195374836238e-14
7.181089511154e-14
7.181075963705e-14
7.093826181075e-14
7.088402180100e-14
6.724550127908e-14
6.701669036728e-14
6.539422709438e-14
6.394854224382e-14
6.392385832174e-14
6.360016001676e-14
6.358325364014e-14
6.128987565455e-14
6.127619802648e-14
6.085215816431e-14
6.012729250935e-14
6.012720600916e-14
5.995030130371e-14
5.985795903823e-14
5.959147959690e-14
5.958788863226e-14
5.934338221177e-14
5.934102137879e-14
5.921901871754e-14
5.918066316205e-14
5.763364905515e-14
5.346779085178e-14
5.287891508412e-14
5.268059991515e-14
4.997762226732e-14
4.618888883479e-14
4.615455227670e-14
4.524628884206e-14
4.516763413558e-14
4.497551567079e-14
4.494998692156e-14
4.493719656347e-14
4.482453156436e-14
4.480390700533e-14
4.472993934002e-14
4.472081944100e-14
4.468347115513e-14
4.461766421370e-14
4.445418800521e-14
4.384563229162e-14
4.343490472037e-14
4.310214899425e-14
4.291808145047e-14
4.237737958106e-14
4.210039518288e-14
4.194981294231e-14
4.194331522499e-14
4.181693807560e-14
4.179989586109e-14
4.137063629788e-14
4.135817985171e-14
4.134482204780e-14
4.101423707718e-14
4.049439891921e-14
4.039441937354e-14
4.038101343486e-14
3.997945398990e-14
3.988176759747e-14
3.983283238749e-14
3.975981218223e-14
3.973639228214e-14
3.967535610364e-14
3.967240697040e-14
3.955871753944e-14
3.954223913661e-14
3.942171223183e-14
3.941137489685e-14
3.873902494583e-14
3.873639380402e-14
3.768162233010e-14
3.764692179025e-14
3.763009475708e-14
3.750390643017e-14
3.745485099159e-14
3.693340279258e-14
3.692766711049e-14
3.577893988405e-14
3.576105542399e-14
3.575536476173e-14
3.572306095065e-14
3.437155969736e-14
3.436720187133e-14
3.115978570796e-14
3.065541535475e-14
3.011484045336e-14
3.010337010920e-14
3.008339450546e-14
2.961163426955e-14
2.925979666243e-14
2.912517246462e-14
2.896093352185e-14
2.895502085527e-14
2.887833258363e-14
2.886962743741e-14
2.834004762412e-14
2.833307741450e-14
2.819768904882e-14
2.819079789419e-14
2.817752835582e-14
2.816593999158e-14
2.811897164078e-14
2.809218184213e-14
2.794068659899e-14
2.792500749605e-14
2.792412003722e-14
2.788902699207e-14
2.787715595789e-14
2.787234447330e-14
2.782684973189e-14
2.775200672977e-14
2.753312697011e-14
2.704668322547e-14
2.702754416185e-14
2.594042244114e-14
2.593448742609e-14
2.552753946606e-14
2.545969241146e-14
2.544085513973e-14
2.543727833471e-14
2.419061871453e-14
2.407515377011e-14
2.320895519155e-14
2.317022780603e-14
2.306159796240e-14
2.295316269127e-14
2.285707414641e-14
2.271194585510e-14
2.270184739233e-14
2.265313215974e-14
2.252211284410e-14
2.250323544159e-14
2.178382320040e-14
2.176812003220e-14
2.175347035674e-14
2.172349930776e-14
1.853939788825e-14
1.844043574626e-14
1.818022461841e-14
1.800742183933e-14
1.777112878878e-14
1.773994294685e-14
1.766163091009e-14
1.763322984244e-14
1.758286157801e-14
1.751462631887e-14
1.745450720065e-14
1.744701588022e-14
1.738502440203e-14
1.659044428010e-14
1.658800003639e-14
1.618093460496e-14
1.536994637354e-14
1.535872835399e-14
1.535338880056e-14
1.534268470176e-14
1.517989166705e-14
1.517393421639e-14
1.517153515638e-14
1.515913448790e-14
1.422341971871e-14
1.421952873408e-14
1.316990893941e-14
1.316673350228e-14
1.249388903023e-14
1.239474287865e-14
1.232863639814e-14
1.229002337772e-14
1.080984419589e-14
1.023645449285e-14
1.023370283041e-14
1.012667506695e-14
1.011391749989e-14
9.934743818494e-15
9.897858099702e-15
9.891927709415e-15
9.786658229085e-15
9.596477041298e-15
9.577667525392e-15
9.560215599511e-15
9.469265228511e-15
9.441744053876e-15
9.410685668341e-15
9.392022743923e-15
9.333946021447e-15
9.324394786529e-15
9.265725466050e-15
9.194214570021e-15
9.131409492170e-15
9.126010338676e-15
9.107723833759e-15
9.106806034879e-15
9.100291238600e-15
9.090721046517e-15
9.073070401708e-15
8.958108440363e-15
8.909769972613e-15
8.893225845021e-15
8.802369290685e-15
8.707448326746e-15
8.644875435480e-15
8.618303560000e-15
8.610342422113e-15
8.555614419018e-15
8.262425796281e-15
8.249674011237e-15
8.227473489756e-15
8.182702181270e-15
8.112511135004e-15
8.095834477480e-15
8.083231342151e-15
8.075662058119e-15
8.008055370674e-15
7.991159226954e-15
7.904961049625e-15
7.778819823223e-15
7.757783105801e-15
7.648977955272e-15
7.618281572921e-15
7.592686838013e-15
7.562270845784e-15
7.554661970900e-15
7.500424287553e-15
7.213614080474e-15
7.129410075853e-15
7.083900491314e-15
7.069127980428e-15
7.052722271830e-15
6.957798860062e-15
6.880995959306e-15
6.822668731846e-15
6.792536142405e-15
5.641018333833e-15
5.640900637189e-15
5.576942122010e-15
5.507306039169e-15
5.507066844751e-15
5.420475535397e-15
5.418339056343e-15
5.406123241684e-15
5.364155054528e-15
5.358292998826e-15
5.356499797330e-15
5.353287581492e-15
5.293301649761e-15
5.292423376571e-15
4.751464688268e-15
4.749789690208e-15
4.709283488165e-15
4.615702373431e-15
4.613715359931e-15
4.556485024872e-15
4.527271331536e-15
4.518795082304e-15
4.434227834025e-15
4.423640292153e-15
4.349097146602e-15
4.337153959758e-15
4.334598719181e-15
4.294002229930e-15
3.801950763971e-15
3.799337480324e-15
3.683816917761e-15
3.641293709676e-15
3.593538173322e-15
3.457298814432e-15
3.350676498753e-15
3.348221180270e-15
3.271451043813e-15
3.270913973393e-15
3.264071174278e-15
3.263096599047e-15
3.258627446551e-15
3.258010378690e-15
3.255954399129e-15
3.255562419727e-15
3.221947286693e-15
3.218531077837e-15
3.152614653487e-15
3.140987333876e-15
3.137352173720e-15
3.131759687233e-15
3.129422750810e-15
3.127448096063e-15
3.124920633648e-15
3.120290945070e-15
3.110149176372e-15
3.086627035302e-15
3.085264615628e-15
3.051632003701e-15
3.009902013133e-15
2.792314778925e-15
2.776621361768e-15
2.640519787244e-15
2.629381079568e-15
2.356402955835e-15
2.337684714697e-15
2.231934356031e-15
2.225253327292e-15
2.223959246292e-15
2.141619020826e-15
2.137307551008e-15
2.119661880454e-15
2.111784302325e-15
2.030881071518e-15
1.944024657941e-15
1.895878990182e-15
1.851275589575e-15
1.841820324619e-15
1.837034217556e-15
1.825749403607e-15
1.786014803308e-15
1.783503646772e-15
1.706618986323e-15
1.694613084306e-15
1.685662565476e-15
1.685378858487e-15
1.674249045514e-15
1.666883007255e-15
1.665236306709e-15
1.650004956606e-15
1.627952554755e-15
1.617676626016e-15
1.586281951087e-15
1.584991575729e-15
1.584137221979e-15
1.547335781257e-15
1.545553477187e-15
1.543101298051e-15
1.491991554920e-15
1.484804220726e-15
1.480339664509e-15
1.468023983467e-15
1.454960805241e-15
1.454688596648e-15
1.452449330754e-15
1.452366540294e-15
1.440978733583e-15
1.437321640991e-15
1.434328783533e-15
1.418768201434e-15
1.416264476723e-15
1.383068301710e-15
1.268164020012e-15
1.263319124113e-15
1.260561468244e-15
1.257236545792e-15
1.256364619603e-15
1.253393592735e-15
1.251515398190e-15
1.243595117331e-15
1.235683679953e-15
1.229254406082e-15
1.218354059131e-15
1.209370510413e-15
1.152316591804e-15
1.137903654023e-15
1.135959152187e-15
1.134710777632e-15
1.133668010964e-15
1.130189900707e-15
1.118118495798e-15
1.112039054854e-15
1.104577813654e-15
1.103098146911e-15
1.095149727006e-15
1.093931140725e-15
1.092030119345e-15
1.091695804076e-15
1.089161596939e-15
1.085663893599e-15
1.078583730724e-15
1.074834144200e-15
1.054376213128e-15
1.053760375319e-15
1.051443419428e-15
1.037373430455e-15
1.036892449661e-15
1.035544769481e-15
1.032529063678e-15
1.029467393237e-15
1.024648182969e-15
1.022043967670e-15
1.021535462969e-15
1.013038937547e-15
1.009500669613e-15
9.881208539401e-16
9.783369663153e-16
9.730535789659e-16
9.669879809212e-16
9.666243014369e-16
9.618819477235e-16
9.605773225475e-16
9.591181427310e-16
9.541710880626e-16
9.284713500990e-16
9.257752218448e-16
9.123797658152e-16
9.118879479197e-16
8.867580601379e-16
8.828951465079e-16
8.374420815100e-16
8.373101771348e-16
8.314087606475e-16
8.213154908463e-16
8.204369031871e-16
8.150072716288e-16
8.146243549764e-16
8.102681875066e-16
8.008907892486e-16
7.855496775164e-16
7.849666165531e-16
7.648133954180e-16
7.561577208912e-16
7.503926666673e-16
7.439601766830e-16
7.438593037453e-16
7.437884681764e-16
7.358892384984e-16
7.281752679947e-16
7.242809580512e-16
7.230629830992e-16
7.227126994395e-16
6.985714035478e-16
6.768577639137e-16
6.567735922367e-16
6.555841567263e-16
6.551487308807e-16
6.547121342795e-16
6.464952922479e-16
6.413903306324e-16
6.369729203989e-16
6.352901025134e-16
6.199271738037e-16
6.187474466358e-16
6.171854010180e-16
6.153781415137e-16
6.119001570785e-16
6.110180949113e-16
6.009117050272e-16
5.153674830991e-16
5.125088734097e-16
5.111930601016e-16
5.110497408143e-16
4.998763132906e-16
4.981134630201e-16
4.970253742988e-16
4.967597743155e-16
4.775035138156e-16
4.770953681822e-16
4.767935234492e-16
4.761709376844e-16
4.649308354396e-16
4.632658107332e-16
4.589951396497e-16
4.582692973313e-16
4.516972677100e-16
4.484979561213e-16
4.475698385660e-16
4.443151066515e-16
4.433909534450e-16
4.413682827739e-16
4.394053085477e-16
4.382275805134e-16
4.231887898758e-16
4.215122098014e-16
4.164210210711e-16
4.146442237257e-16
4.026213536262e-16
3.994097074615e-16
3.951478882934e-16
3.899219793340e-16
3.861508211958e-16
3.816145811362e-16
3.760431577249e-16
3.674516474253e-16
3.656701514962e-16
3.506586036056e-16
3.476700547746e-16
3.436253919745e-16
3.416859981317e-16
3.374112195212e-16
3.370765948629e-16
3.367185675384e-16
3.349583975962e-16
3.335339532596e-16
3.320378192202e-16
3.296865718640e-16
3.241610216619e-16
3.236628133906e-16
3.189755121285e-16
3.135670973448e-16
3.115917483893e-16
2.842526757254e-16
2.803616541457e-16
2.762980037969e-16
2.680304774429e-16
2.676020463131e-16
2.585502938927e-16
2.542516589223e-16
2.527374006324e-16
2.483172812734e-16
2.443585972805e-16
2.436443361325e-16
2.420934446760e-16
2.414733697976e-16
2.397126326922e-16
2.364309196598e-16
2.343051211285e-16
2.329526422530e-16
2.311236375057e-16
2.310730166967e-16
2.298812292324e-16
2.295907162527e-16
2.282705481185e-16
2.230069073405e-16
2.230015686426e-16
2.225877428334e-16
2.209241636696e-16
2.187319979412e-16
2.179013304139e-16
2.165078241598e-16
2.159280700648e-16
2.155796626662e-16
2.110912246318e-16
2.100429499267e-16
2.093162037272e-16
2.078934631534e-16
2.066624247096e-16
2.045627609496e-16
2.009627961127e-16
2.007647185010e-16
1.987259600462e-16
1.982313227241e-16
1.980800038996e-16
1.954158055203e-16
1.945808502539e-16
1.936975449010e-16
1.925356776169e-16
1.891378011229e-16
1.880768043296e-16
1.877661579891e-16
1.877079749103e-16
1.867723179851e-16
1.819778897497e-16
1.711327848793e-16
1.693359752760e-16
1.687073975277e-16
1.685339561761e-16
1.685131137734e-16
1.672868573005e-16
1.671563892783e-16
1.607685687232e-16
1.560909854493e-16
1.526934768912e-16
1.504593966928e-16
1.478073663027e-16
1.473025795209e-16
1.466999805420e-16
1.449995490603e-16
1.443487545020e-16
1.419842081554e-16
1.415797277757e-16
1.394715610413e-16
1.369708839668e-16
1.368591689889e-16
1.367122388556e-16
1.353953350104e-16
1.351147107006e-16
1.348521973608e-16
1.330021672194e-16
1.320243923598e-16
1.298485202778e-16
1.298260305693e-16
1.287438884201e-16
1.269688524892e-16
1.265373583754e-16
1.263421693918e-16
1.251146976728e-16
1.233911683949e-16
1.233024527641e-16
1.225853502325e-16
1.211693569511e-16
1.201245492939e-16
1.200587905512e-16
1.184525742880e-16
1.181935541727e-16
1.180742935089e-16
1.179065832281e-16
1.176771707603e-16
1.158517772546e-16
1.156218915216e-16
1.144400555222e-16
1.140362244376e-16
1.137227803716e-16
1.109537688024e-16
1.102450270604e-16
1.096395523578e-16
1.095116946694e-16
1.069090598985e-16
1.063202433510e-16
1.046890341784e-16
1.027576501225e-16
1.024493138206e-16
1.023333976245e-16
1.017954809857e-16
1.011866732295e-16
1.010844751496e-16
1.004470026719e-16
1.000919951644e-16
9.688704541970e-17
9.638602219193e-17
9.618831190015e-17
9.420526408539e-17
9.248303173286e-17
9.201303961162e-17
9.137416251658e-17
9.025645137120e-17
9.008585877548e-17
8.985628546237e-17
8.935861862040e-17
8.923327834609e-17
8.904808709842e-17
8.869525642741e-17
8.733643749679e-17
8.623054229104e-17
8.607311111458e-17
8.537697992185e-17
8.475869359102e-17
8.420413470357e-17
8.329363628277e-17
8.083658711661e-17
7.987845724357e-17
7.921058233310e-17
7.890737206466e-17
7.888325830696e-17
7.880165385097e-17
7.853585001036e-17
7.837711524163e-17
7.807707964919e-17
7.682836644450e-17
7.658518875428e-17
7.639319295033e-17
7.616807780015e-17
7.587365969523e-17
7.526716519919e-17
7.469302137979e-17
7.420023602823e-17
7.360400000350e-17
7.355332875694e-17
7.354498759863e-17
7.182413907056e-17
7.099874847147e-17
7.070905597281e-17
6.946005744898e-17
6.210048450015e-17
6.169723874227e-17
6.055545680390e-17
6.006038604715e-17
5.826482628945e-17
5.702316523028e-17
5.623651472924e-17
5.574272638105e-17
5.455602040747e-17
5.449706404403e-17
5.444874601095e-17
5.423893757527e-17
5.416471850917e-17
5.391606937505e-17
5.353315722958e-17
5.312094933553e-17
5.257188182819e-17
5.224681525740e-17
5.188758335158e-17
5.160385279875e-17
5.127575816413e-17
5.051330108373e-17
4.927561963950e-17
4.838724857779e-17
4.829752995142e-17
4.755739516437e-17
4.718554384993e-17
4.656343330413e-17
4.579988903077e-17
4.495003139684e-17
4.463179273541e-17
4.459560628361e-17
4.428746994617e-17
4.386355078096e-17
4.364741053976e-17
4.291554456687e-17
4.190911744470e-17
3.964186784352e-17
3.923902803112e-17
3.867042521555e-17
3.857434113522e-17
3.842140992036e-17
3.828837612694e-17
3.826465271259e-17
3.800233734783e-17
3.781406935073e-17
3.778396342175e-17
3.777857790484e-17
3.746050730377e-17
3.735039103800e-17
3.715937206638e-17
3.699232801297e-17
3.675042533208e-17
3.619258633254e-17
3.606866176033e-17
3.604565834852e-17
3.577491926336e-17
3.575285995357e-17
3.545166874474e-17
3.488826909218e-17
3.445514220342e-17
3.409828461857e-17
3.403287297869e-17
3.382138959516e-17
3.365956654811e-17
3.357623352936e-17
3.343166607233e-17
3.327529614450e-17
3.293351950463e-17
3.208579952912e-17
3.205345701257e-17
3.202008062184e-17
3.168310701040e-17
3.140304841797e-17
3.094844866714e-17
3.045443640212e-17
2.981368739436e-17
2.940841371468e-17
2.885812397838e-17
2.782032989002e-17
2.735016852616e-17
2.469388059758e-17
2.437431780333e-17
2.433194881354e-17
2.405855734452e-17
2.399191979303e-17
2.333329829443e-17
2.318514816645e-17
2.314723181419e-17
2.310486742196e-17
2.287069965784e-17
2.285217041663e-17
2.272582220502e-17
2.263452194805e-17
2.242313618939e-17
2.224512918814e-17
2.217415281633e-17
2.207584259999e-17
2.195307089607e-17
2.172925306227e-17
2.110015102206e-17
2.096107414557e-17
2.091114024964e-17
2.074139287699e-17
2.041214395527e-17
1.993274935736e-17
1.966376386043e-17
1.960328171523e-17
1.951626181247e-17
1.922851421410e-17
1.910804528038e-17
1.893691068872e-17
1.836916731065e-17
1.824221315672e-17
1.821511467119e-17
1.807091063239e-17
1.765006406154e-17
1.756701409128e-17
1.732723274491e-17
1.723144408581e-17
1.716771988490e-17
1.706393223705e-17
1.705441910477e-17
1.694773959171e-17
1.687116179358e-17
1.658837495865e-17
1.655557308885e-17
1.641569095766e-17
1.635274679483e-17
1.597570088206e-17
1.567776882159e-17
1.565245377206e-17
1.560561819283e-17
1.548492409490e-17
1.543106859605e-17
1.538193668578e-17
1.531300381471e-17
1.519788443478e-17
1.505057667802e-17
1.500485502201e-17
1.483583205344e-17
1.466910277529e-17
1.458489342100e-17
1.442832848175e-17
1.439849682921e-17
1.436144390489e-17
1.435350010820e-17
1.389303877084e-17
1.383167798096e-17
1.375860699037e-17
1.361026902758e-17
1.346485496507e-17
1.297349761654e-17
1.280162897942e-17
1.264364124477e-17
1.240825632393e-17
1.236218384020e-17
1.228611766314e-17
1.222614982887e-17
1.217276608622e-17
1.211973319622e-17
1.201064313006e-17
1.199660129829e-17
1.194345268318e-17
1.189792271486e-17
1.184242327025e-17
1.183721270825e-17
1.173910291913e-17
1.169339155619e-17
1.158265607566e-17
1.157334536436e-17
1.155938950643e-17
1.154098768297e-17
1.153643845066e-17
1.148243028910e-17
1.144147249995e-17
1.142867199837e-17
1.132975912401e-17
1.124659843597e-17
1.116771988557e-17
1.107448671305e-17
1.102114663294e-17
1.095360513311e-17
1.083282400538e-17
1.059042970254e-17
1.047332801999e-17
1.046074681266e-17
1.034615464247e-17
1.028794134983e-17
1.024703022369e-17
1.007829241497e-17
9.935573132024e-18
9.923512578628e-18
9.898725694155e-18
9.875300592445e-18
9.793372007192e-18
9.756081782510e-18
9.737130856854e-18
9.702715069929e-18
9.678999655856e-18
9.557960311519e-18
9.474015895612e-18
9.354399453298e-18
9.224237832856e-18
9.002001003161e-18
8.915090922533e-18
8.902171380715e-18
8.855022996185e-18
8.538505084993e-18
8.499221844853e-18
8.435872230541e-18
8.312415462457e-18
8.297213525253e-18
8.243392253668e-18
8.220296293061e-18
8.167540358049e-18
8.100305727746e-18
7.949875389083e-18
7.901743671101e-18
7.634605314382e-18
7.608963807094e-18
7.521170164367e-18
7.507037389365e-18
7.365358697402e-18
7.161263222811e-18
7.060895798497e-18
7.038396000799e-18
7.012436913366e-18
6.911102016594e-18
6.802772596465e-18
6.750234646397e-18
6.712585334773e-18
6.702041168477e-18
6.674698659703e-18
6.628336479026e-18
6.619879567951e-18
6.603845095580e-18
6.553030483743e-18
6.524879819902e-18
6.486314294564e-18
6.458497214401e-18
6.409404109961e-18
6.354691989425e-18
6.253825867147e-18
6.199981738588e-18
6.173438432432e-18
6.169345465852e-18
6.107423118176e-18
6.069561824205e-18
6.060188563290e-18
6.035880846584e-18
6.032290216883e-18
5.996032281438e-18
5.962570914709e-18
5.930448552674e-18
5.871301735708e-18
5.825552503947e-18
5.816380608525e-18
5.795038547698e-18
5.675063771472e-18
5.582019912233e-18
5.559987605205e-18
5.534420160879e-18
5.519647775056e-18
5.504682204648e-18
5.466894632414e-18
5.430898226904e-18
5.398937257335e-18
5.383726083893e-18
5.368742937856e-18
5.365967297594e-18
5.339900553380e-18
5.325639389138e-18
5.303965036776e-18
5.282414072319e-18
5.226714606059e-18
5.196342668948e-18
5.172921624723e-18
5.134577180261e-18
5.121155266874e-18
5.084527587839e-18
5.059739980109e-18
5.054156008940e-18
5.034410082475e-18
5.019793620112e-18
5.004773841214e-18
4.999179746476e-18
4.978921502863e-18
4.954794976399e-18
4.951086240045e-18
4.934244778649e-18
4.881114388997e-18
4.838352463866e-18
4.758517076305e-18
4.741571415183e-18
4.713896422378e-18
4.686812068466e-18
4.646524316322e-18
4.641920346768e-18
4.598952877149e-18
4.577017254739e-18
4.539983636209e-18
4.512770473854e-18
4.433194850057e-18
4.385080216700e-18
4.366567735306e-18
4.326016327646e-18
4.318814982356e-18
4.265110842901e-18
4.261924489388e-18
4.214034641592e-18
4.199713799151e-18
4.180769821909e-18
4.096561128229e-18
4.061240714742e-18
4.015785326331e-18
4.001037427085e-18
3.968339278092e-18
3.890097934725e-18
3.879482400329e-18
3.843366727796e-18
3.834408180185e-18
3.814270191142e-18
3.806941468987e-18
3.794357787556e-18
3.762973787686e-18
3.759838213634e-18
3.733930071984e-18
3.731622214774e-18
3.711549227362e-18
3.706521605100e-18
3.699874641748e-18
3.693109451732e-18
3.683830696900e-18
3.674602939017e-18
3.658868463390e-18
3.648289497844e-18
3.635980072061e-18
3.627925979397e-18
3.581523252950e-18
3.579902158292e-18
3.527587649689e-18
3.490296706298e-18
3.452032114080e-18
3.434905464663e-18
3.424842769087e-18
3.403494740716e-18
3.327180340339e-18
3.287463266866e-18
3.265634377511e-18
3.252587646181e-18
3.228884891742e-18
3.206628003495e-18
3.175303347050e-18
3.155931923574e-18
3.129869041689e-18
3.116736055869e-18
3.103101223476e-18
3.083274473940e-18
3.062016985551e-18
3.047894711106e-18
2.997505679586e-18
2.991645587027e-18
2.959919093578e-18
2.952521236429e-18
2.945206650866e-18
2.930308032849e-18
2.906273774860e-18
2.893341410874e-18
2.886703887858e-18
2.873907922171e-18
2.865841362221e-18
2.858179051149e-18
2.834836498687e-18
2.814316653578e-18
2.806032580362e-18
2.781527462071e-18
2.744508801195e-18
2.691174270752e-18
2.677103953989e-18
2.659803814845e-18
2.640588288694e-18
2.626523371032e-18
2.616724550026e-18
2.611081028511e-18
2.599279857735e-18
2.591283720497e-18
2.572132610169e-18
2.560155406941e-18
2.553748219192e-18
2.543419899699e-18
2.522503980520e-18
2.511131857923e-18
2.499918212507e-18
2.474648365604e-18
2.439315096722e-18
2.427776181050e-18
2.415398418518e-18
2.398779295880e-18
2.379544908629e-18
2.369394597358e-18
2.353924489773e-18
2.319462193378e-18
2.311096832209e-18
2.297293887134e-18
2.280774014960e-18
2.272054217530e-18
2.245476529986e-18
2.239197261158e-18
2.204117845263e-18
2.193640234765e-18
2.181729799128e-18
2.173556987378e-18
2.170148981405e-18
2.151798142600e-18
2.142206728100e-18
2.136305469119e-18
2.128262931557e-18
2.111943299182e-18
2.093432271946e-18
2.073957362982e-18
2.060212672849e-18
2.053401869645e-18
2.043170421246e-18
2.021117228826e-18
2.006678435447e-18
1.991223011976e-18
1.983208850054e-18
1.973916973044e-18
1.967149326510e-18
1.961492327104e-18
1.930469550565e-18
1.912169150446e-18
1.903933330837e-18
1.900185272798e-18
1.880638574081e-18
1.851013553248e-18
1.833483996554e-18
1.832861265796e-18
1.824021796303e-18
1.815384368537e-18
1.803831249955e-18
1.794774447100e-18
1.787710553080e-18
1.779320766153e-18
1.758828108294e-18
1.749163934886e-18
1.733195416335e-18
1.712857665789e-18
1.704042494977e-18
1.690942391285e-18
1.686472445374e-18
1.681884031566e-18
1.667945878811e-18
1.652410425832e-18
1.647585250326e-18
1.636980622319e-18
1.627980577248e-18
1.625447130516e-18
1.606151715573e-18
1.597808258836e-18
1.585524606374e-18
1.574451326318e-18
1.572412220060e-18
1.568544916266e-18
1.556933075964e-18
1.554160543549e-18
1.549299383470e-18
1.543041570956e-18
1.541293076303e-18
1.531721523131e-18
1.526971561844e-18
1.518851832523e-18
1.514973728163e-18
1.513263498697e-18
1.505342354790e-18
1.502777556032e-18
1.500471301308e-18
1.493995023746e-18
1.487907538154e-18
1.481548263597e-18
1.474525126752e-18
1.468022857758e-18
1.466711540912e-18
1.464633192740e-18
1.458506315498e-18
1.454169510742e-18
1.452969677894e-18
1.436639175664e-18
1.435361026708e-18
1.433178831878e-18
1.419147598989e-18
1.416948601218e-18
1.404924030064e-18
1.402466149881e-18
1.396600772313e-18
1.391332767823e-18
1.390286020454e-18
1.380262897433e-18
1.375526425577e-18
1.372633570349e-18
1.367299954568e-18
1.358372373796e-18
1.355081122327e-18
1.349605842131e-18
1.342371439628e-18
1.337753779508e-18
1.333314886883e-18
1.326660580995e-18
1.323000363749e-18
1.317636877452e-18
1.314401722885e-18
1.306255092420e-18
1.299552441712e-18
1.295432476365e-18
1.294264531961e-18
1.287304285802e-18
1.281050842240e-18
1.266729792819e-18
1.262652342694e-18
1.258133684435e-18
1.257837851367e-18
1.252846962935e-18
1.246702292936e-18
1.243425723142e-18
1.238540990769e-18
1.233136833437e-18
1.230499006787e-18
1.224202013788e-18
1.220513440999e-18
1.213876045117e-18
1.205877599724e-18
1.200422749092e-18
1.189003300741e-18
1.187629265863e-18
1.175053819046e-18
1.166565376367e-18
1.162174763271e-18
1.153114018418e-18
1.144417076491e-18
1.139528203901e-18
1.125435430317e-18
1.121024274587e-18
1.112165389665e-18
1.109013803894e-18
1.094619558153e-18
1.089770529464e-18
1.084555799530e-18
1.082603309243e-18
1.078196748765e-18
1.071821281297e-18
1.064691134421e-18
1.058167555567e-18
1.052039825488e-18
1.048682623388e-18
1.041658098294e-18
1.028159464658e-18
1.020951525607e-18
1.015550346913e-18
1.008533994806e-18
1.004273325613e-18
9.959019819998e-19
9.931066821380e-19
9.849600170461e-19
9.802199830859e-19
9.778290851431e-19
9.689869420709e-19
9.582493436383e-19
9.522797575824e-19
9.474332062446e-19
9.439743680379e-19
9.393745950638e-19
9.383593510946e-19
9.326626799548e-19
9.262364833489e-19
9.197407313336e-19
9.172261499639e-19
9.153916690372e-19
9.122761836772e-19
9.074665033310e-19
9.057066001643e-19
8.995576531490e-19
8.955631701111e-19
8.948900574728e-19
8.864732486806e-19
8.857286347559e-19
8.829116176610e-19
8.791970817600e-19
8.780973695072e-19
8.733940255344e-19
8.653108137206e-19
8.629224228262e-19
8.549330258640e-19
8.498722731732e-19
8.475338222875e-19
8.433722396259e-19
8.385885366746e-19
8.340229759022e-19
8.327530712292e-19
8.293780263118e-19
8.271468492803e-19
8.226858838558e-19
8.214023853351e-19
8.196990540813e-19
8.160858103266e-19
8.124838766126e-19
8.122455029619e-19
8.071994653768e-19
8.050782149943e-19
8.026140525101e-19
7.969875638890e-19
7.918566999251e-19
7.849662375855e-19
7.796787934636e-19
7.767516211823e-19
7.723921089784e-19
7.684354164313e-19
7.619996978177e-19
7.582898865953e-19
7.566329975165e-19
7.546500760369e-19
7.461451134473e-19
7.419995492571e-19
7.390621610924e-19
7.377824574865e-19
7.344272997516e-19
7.340876263675e-19
7.329280059845e-19
7.289377428724e-19
7.284809514989e-19
7.256039574971e-19
7.215969589491e-19
7.184895696918e-19
7.145815827471e-19
7.097063199996e-19
7.065461661020e-19
7.050894766233e-19
7.043760170072e-19
7.019915713935e-19
6.974580275857e-19
6.925850595715e-19
6.897328477919e-19
6.876409606748e-19
6.859739249398e-19
6.793287663980e-19
6.771405886022e-19
6.740000645018e-19
6.711552897748e-19
6.692381776845e-19
6.652376288711e-19
6.627698784901e-19
6.601946151963e-19
6.595102696322e-19
6.537031244513e-19
6.521452841734e-19
6.496145805632e-19
6.415943640419e-19
6.406218906037e-19
6.375729063335e-19
6.354741377711e-19
6.331735058140e-19
6.321129788060e-19
6.277337796456e-19
6.251059151156e-19
6.190696866110e-19
6.175616138172e-19
6.136533323385e-19
6.086989259341e-19
6.081257031888e-19
6.056123191430e-19
6.033805359756e-19
6.009862917118e-19
5.946553016374e-19
5.941035674492e-19
5.896957505978e-19
5.837232260589e-19
5.806698742422e-19
5.793255996227e-19
5.752305266980e-19
5.731677155911e-19
5.721155574140e-19
5.700864523756e-19
5.680892716390e-19
5.641966315165e-19
5.610667406573e-19
5.601576515210e-19
5.572220146713e-19
5.544820451793e-19
5.506093765885e-19
5.482935197559e-19
5.458473180103e-19
5.443031819794e-19
5.421344908381e-19
5.392674285996e-19
5.387741343809e-19
5.329359423944e-19
5.299042128921e-19
5.288491919122e-19
5.285031642158e-19
5.270742694288e-19
5.248948915768e-19
5.237534872847e-19
5.201893695730e-19
5.182167829891e-19
5.152504959604e-19
5.131742742424e-19
5.101379550633e-19
5.100635650934e-19
5.080320018003e-19
5.071753637893e-19
5.047904475530e-19
5.031361585931e-19
5.008080896247e-19
4.984085863792e-19
4.965696865182e-19
4.949039150838e-19
4.930307442776e-19
4.915258652088e-19
4.896557301121e-19
4.881473351874e-19
4.867682054551e-19
4.842981927034e-19
4.814876101026e-19
4.799484481998e-19
4.765545495644e-19
4.752566115260e-19
4.722837514817e-19
4.704792335208e-19
4.678648551833e-19
4.666032212543e-19
4.646103763664e-19
4.611268899390e-19
4.592362938849e-19
4.582335401103e-19
4.560264474013e-19
4.550718990138e-19
4.522292612838e-19
4.507363344861e-19
4.490442917600e-19
4.475639697300e-19
4.432733577482e-19
4.428075886473e-19
4.415404461380e-19
4.411800287079e-19
4.382932148525e-19
4.363291645864e-19
4.342772077317e-19
4.337634817986e-19
4.317994037502e-19
4.290498776872e-19
4.275516422965e-19
4.260314426626e-19
4.251121072866e-19
4.242835914334e-19
4.223321412321e-19
4.210142704187e-19
4.186838023716e-19
4.165108520885e-19
4.136575447578e-19
4.120562989442e-19
4.115776222468e-19
4.083227650841e-19
4.070680580889e-19
4.066670795822e-19
4.052253759983e-19
4.039673793600e-19
4.012349952687e-19
3.990979065313e-19
3.987727334423e-19
3.966673052536e-19
3.942610786085e-19
3.907738966912e-19
3.880181122730e-19
3.867623353467e-19
3.842804490537e-19
3.832854588863e-19
3.813379955605e-19
3.801962126899e-19
3.788496668420e-19
3.759791255399e-19
3.736454740431e-19
3.722389381974e-19
3.708569311734e-19
3.695185853098e-19
3.687391497180e-19
3.662530295305e-19
3.629428410121e-19
3.613204838733e-19
3.576188534276e-19
3.565681126543e-19
3.561261814645e-19
3.533860628086e-19
3.530157712550e-19
3.522073599602e-19
3.516877171054e-19
3.481313217938e-19
3.474245236575e-19
3.450410757228e-19
3.446964493049e-19
3.426519786155e-19
3.412242215541e-19
3.405181901011e-19
3.401460028060e-19
3.396033552667e-19
3.381299916692e-19
3.366787518717e-19
3.336350368680e-19
3.325173926262e-19
3.298609477734e-19
3.292068657354e-19
3.279869790312e-19
3.269353370790e-19
3.249089320085e-19
3.232940459306e-19
3.227890375370e-19
3.207014324075e-19
3.191626347984e-19
3.177722350556e-19
3.174741318998e-19
3.167087754643e-19
3.151898972276e-19
3.135802003475e-19
3.131220509620e-19
3.103881755736e-19
3.090772523483e-19
3.079280375817e-19
3.066605097821e-19
3.065764061077e-19
3.053409514482e-19
3.039286218489e-19
3.019187199578e-19
3.003072437057e-19
2.997717761157e-19
2.969111692116e-19
2.963166378472e-19
2.957931519123e-19
2.934508162103e-19
2.920289234461e-19
2.910127488808e-19
2.901356268376e-19
2.897705573184e-19
2.892585373692e-19
2.889966265738e-19
2.874502681564e-19
2.860414278459e-19
2.853498463236e-19
2.847846914119e-19
2.823592529742e-19
2.818049768894e-19
2.804913967985e-19
2.791131442163e-19
2.788092190817e-19
2.782462076432e-19
2.773000440236e-19
2.757156143101e-19
2.738987653511e-19
2.728717594385e-19
2.722543387090e-19
2.686555544588e-19
2.682252252698e-19
2.676705560135e-19
2.645557742349e-19
2.641277111038e-19
2.625897911705e-19
2.617645453422e-19
2.612187501063e-19
2.596186960550e-19
2.588299861652e-19
2.581224565982e-19
2.572141220806e-19
2.558609479754e-19
2.537920460015e-19
2.529244126157e-19
2.511504490862e-19
2.505547216174e-19
2.483312406908e-19
2.467955605881e-19
2.448865290729e-19
2.445175116165e-19
2.434130240727e-19
2.428355106354e-19
2.407482691791e-19
2.398979589790e-19
2.384810564549e-19
2.355873926210e-19
2.350421170070e-19
2.348095048265e-19
2.341780133108e-19
2.321166608557e-19
2.308337892156e-19
2.284955859038e-19
2.271643953234e-19
2.263418058538e-19
2.252626123179e-19
2.242488211203e-19
2.220971625264e-19
2.206953548832e-19
2.202584469189e-19
2.194395169285e-19
2.175939430738e-19
2.166221429951e-19
2.156745845734e-19
2.143990409406e-19
2.138670849229e-19
2.129701265586e-19
2.112548920278e-19
2.108457411935e-19
2.099972234076e-19
2.080729698326e-19
2.073663007048e-19
2.068527100689e-19
2.052853783873e-19
2.042815574158e-19
2.038638101644e-19
2.029752261248e-19
2.023648398594e-19
2.019464367646e-19
2.013692968383e-19
2.002594562801e-19
1.989488226969e-19
1.976245826575e-19
1.968266757267e-19
1.957114591655e-19
1.951151504865e-19
1.938682912802e-19
1.933344926306e-19
1.923163205200e-19
1.912411783716e-19
1.905301926927e-19
1.898830697014e-19
1.891733360736e-19
1.889316288437e-19
1.881666253147e-19
1.875018263022e-19
1.867379768606e-19
1.857406988556e-19
1.841056115046e-19
1.837557959949e-19
1.818871606195e-19
1.810293905427e-19
1.803666108987e-19
1.792914216218e-19
1.788937007578e-19
1.778047454625e-19
1.774337540564e-19
1.771504463678e-19
1.766632477776e-19
1.751847726269e-19
1.747167392011e-19
1.740807695560e-19
1.735829494841e-19
1.728697228602e-19
1.715205640356e-19
1.706324853670e-19
1.697256663750e-19
1.692530586943e-19
1.682733158698e-19
1.675658949563e-19
1.672195746206e-19
1.663860417485e-19
1.649728155458e-19
1.641082881035e-19
1.637222583736e-19
1.630310263472e-19
1.618878068023e-19
1.615206459187e-19
1.613205821949e-19
1.602049610418e-19
1.593049214207e-19
1.589418650304e-19
1.583270850480e-19
1.571504183210e-19
1.567027292381e-19
1.558155138411e-19
1.544190561170e-19
1.542369417612e-19
1.534215579978e-19
1.522775248569e-19
1.517339295453e-19
1.513050534215e-19
1.505808119636e-19
1.497342546879e-19
1.492750343092e-19
1.485532028364e-19
1.474959009802e-19
1.465141036165e-19
1.463925435066e-19
1.449183521667e-19
1.442297603435e-19
1.434793496816e-19
1.425599524172e-19
1.422317953493e-19
1.418765956258e-19
1.411822168113e-19
1.404781083756e-19
1.397557444404e-19
1.392418408956e-19
1.387327196118e-19
1.382022176450e-19
1.376365906191e-19
1.371282612794e-19
1.367655250002e-19
1.360827573384e-19
1.354854864022e-19
1.353103391173e-19
1.342758805505e-19
1.336900102170e-19
1.329026951952e-19
1.323013557145e-19
1.322359731242e-19
1.319407401174e-19
1.313204110504e-19
1.311036450165e-19
1.299032833408e-19
1.288804478385e-19
1.286468050401e-19
1.274580119007e-19
1.266263420203e-19
1.259276875835e-19
1.252359715802e-19
1.249308421857e-19
1.235244710077e-19
1.232200294929e-19
1.222453880587e-19
1.219071966003e-19
1.218348359400e-19
1.209651517913e-19
1.207234769072e-19
1.204319150146e-19
1.185579376088e-19
1.180298757444e-19
1.176234366078e-19
1.165592767535e-19
1.158404835489e-19
1.152416981067e-19
1.149055429438e-19
1.145525093160e-19
1.139566560541e-19
1.135511695252e-19
1.125801240494e-19
1.124178763345e-19
1.120167792622e-19
1.109715279289e-19
1.109209306939e-19
1.100688282418e-19
1.100030961925e-19
1.097366546910e-19
1.090894085859e-19
1.088698250263e-19
1.088075034434e-19
1.079194947963e-19
1.078483612847e-19
1.071419524972e-19
1.065087437764e-19
1.058619306863e-19
1.055213479457e-19
1.052380078484e-19
1.050503835850e-19
1.045964893455e-19
1.042636995032e-19
1.035276111139e-19
1.029305751407e-19
1.023496707044e-19
1.020442450568e-19
1.015697224361e-19
1.014891210258e-19
1.005713043296e-19
9.949957079630e-20
9.899622708421e-20
9.863320911585e-20
9.783230550218e-20
9.769035970436e-20
9.747739947401e-20
9.700297334131e-20
9.670011244849e-20
9.633826609114e-20
9.598037225512e-20
9.536971461924e-20
9.516379547940e-20
9.459643109338e-20
9.431755173848e-20
9.369199168093e-20
9.348964686251e-20
9.330808348996e-20
9.301766825945e-20
9.228468121570e-20
9.154676968645e-20
9.128728010968e-20
9.095792741832e-20
9.028815388343e-20
8.987240287711e-20
8.966811639062e-20
8.962540021464e-20
8.898779444856e-20
8.845377143407e-20
8.843080553765e-20
8.774158192507e-20
8.756009392759e-20
8.737691199635e-20
8.647263404026e-20
8.617343490041e-20
8.555094211022e-20
8.509285056430e-20
8.503950435748e-20
8.471353035112e-20
8.413936567618e-20
8.371397211562e-20
8.356578702666e-20
8.315362083089e-20
8.291808112406e-20
8.280187600561e-20
8.232113384523e-20
8.164966955842e-20
8.077529335083e-20
8.045855564201e-20
7.993956138610e-20
7.948679693219e-20
7.941195526638e-20
7.893458327150e-20
7.845705288859e-20
7.791648938699e-20
7.749152300842e-20
7.719121355521e-20
7.693536877899e-20
7.615360783171e-20
7.602914964830e-20
7.578612601519e-20
7.520488109212e-20
7.479057739795e-20
7.454593119781e-20
7.405069463245e-20
7.389355960047e-20
7.368422040654e-20
7.302869703228e-20
7.276927749703e-20
7.235481407544e-20
7.217622942080e-20
7.160460088551e-20
7.118514549155e-20
7.079809108124e-20
7.061440985076e-20
7.035426515533e-20
7.013528776519e-20
6.948070907609e-20
6.902287195915e-20
6.879235558199e-20
6.863906078665e-20
6.820479017658e-20
6.789470342823e-20
6.765468406919e-20
6.710912144652e-20
6.681903026844e-20
6.632595957216e-20
6.597038509984e-20
6.588361553637e-20
6.544905986845e-20
6.521622806403e-20
6.511748023975e-20
6.488734408889e-20
6.480034370222e-20
6.449237847090e-20
6.443346054074e-20
6.382099732603e-20
6.376067501908e-20
6.329315883701e-20
6.308460825729e-20
6.269373773997e-20
6.215628512479e-20
6.211509774583e-20
6.189758952547e-20
6.165380371347e-20
6.133426097567e-20
6.125228870503e-20
6.115314845343e-20
6.083819767244e-20
6.066422166623e-20
6.029786716304e-20
6.018809990237e-20
6.006143496095e-20
5.976038401860e-20
5.955750716580e-20
5.936719379142e-20
5.903800832415e-20
5.876849224830e-20
5.861613836888e-20
5.836590666957e-20
5.821045783137e-20
5.773141255632e-20
5.770961328265e-20
5.749695292140e-20
5.723180769420e-20
5.697559260084e-20
5.687621466350e-20
5.664312886097e-20
5.632796896774e-20
5.615876157881e-20
5.589232150453e-20
5.555132593951e-20
5.502612638620e-20
5.477189240334e-20
5.463175773746e-20
5.425888383074e-20
5.398160332857e-20
5.375938962768e-20
5.369676472439e-20
5.339257989610e-20
5.322763056037e-20
5.311811568524e-20
5.290105079203e-20
5.274413010385e-20
5.251804192233e-20
5.240023578959e-20
5.221832264855e-20
5.194633088595e-20
5.187493271451e-20
5.158362240583e-20
5.147538426373e-20
5.137048090118e-20
5.115234320858e-20
5.110312200620e-20
5.091756348065e-20
5.055496643310e-20
5.030481501595e-20
5.025347701706e-20
4.991970107662e-20
4.958370734111e-20
4.945803665489e-20
4.912057134515e-20
4.893063629027e-20
4.873793908165e-20
4.852620737436e-20
4.840343404485e-20
4.815408982033e-20
4.797398438485e-20
4.764739652642e-20
4.754944271936e-20
4.746826317078e-20
4.716605089170e-20
4.699181066727e-20
4.667264804636e-20
4.663098701305e-20
4.633193372881e-20
4.608186539340e-20
4.599715006309e-20
4.579017309841e-20
4.550226134818e-20
4.522119701821e-20
4.496376017666e-20
4.467897684626e-20
4.455388390941e-20
4.434290936478e-20
4.410164607944e-20
4.399260433222e-20
4.375743181037e-20
4.344042427723e-20
4.323361417083e-20
4.292121495526e-20
4.282636760466e-20
4.234210704274e-20
4.203377133236e-20
4.161200606272e-20
4.158568134819e-20
4.127424960605e-20
4.098718140211e-20
4.074101932887e-20
4.062401357214e-20
4.029625781233e-20
4.013703317205e-20
4.005688899620e-20
3.970769382693e-20
3.953273587758e-20
3.922624134678e-20
3.881872063287e-20
3.860149710874e-20
3.834447744315e-20
3.808806686708e-20
3.798051763173e-20
3.749671574719e-20
3.744796033524e-20
3.735416665529e-20
3.704020369289e-20
3.698284290246e-20
3.691921922729e-20
3.670350432175e-20
3.647425769363e-20
3.628359929671e-20
3.594623360339e-20
3.592227248916e-20
3.583300008734e-20
3.551199928378e-20
3.538836263275e-20
3.531730866119e-20
3.502939392144e-20
3.459365279411e-20
3.455021894921e-20
3.422762435994e-20
3.414457398926e-20
3.406465998831e-20
3.383653080056e-20
3.356820046782e-20
3.331739442666e-20
3.306564355433e-20
3.281777949019e-20
3.259733612116e-20
3.243695438489e-20
3.230567157643e-20
3.217233564455e-20
3.195549878417e-20
3.173280304014e-20
3.160880353763e-20
3.137851732396e-20
3.111509214662e-20
3.092181196144e-20
3.077311639463e-20
3.066925356892e-20
3.048175928803e-20
3.037750663272e-20
3.009893496937e-20
2.993956494589e-20
2.977836989015e-20
2.958148033221e-20
2.943246630412e-20
2.905974619603e-20
2.878693405716e-20
2.850752998215e-20
2.837665201260e-20
2.833029082339e-20
2.815529825457e-20
2.780510411656e-20
2.770506055994e-20
2.727294344046e-20
2.709185770575e-20
2.690908758602e-20
2.685863512041e-20
2.680095313460e-20
2.666541452499e-20
2.661303438610e-20
2.631964057984e-20
2.615366958765e-20
2.607533358011e-20
2.584719406607e-20
2.572622186366e-20
2.555091407339e-20
2.544324328585e-20
2.527965027373e-20
2.513117573268e-20
2.503102119180e-20
2.480853544842e-20
2.479842314683e-20
2.463103407169e-20
2.455673849694e-20
2.434427015723e-20
2.428994822026e-20
2.422250865749e-20
2.417865343695e-20
2.395063265571e-20
2.378608557284e-20
2.354006114669e-20
2.344749335722e-20
2.337718506370e-20
2.325619444818e-20
2.322513755385e-20
2.290811865622e-20
2.281977444781e-20
2.276181173874e-20
2.258340968229e-20
2.255053650503e-20
2.236774365916e-20
2.228446563288e-20
2.202277476467e-20
2.188958966917e-20
2.177529340468e-20
2.157574050337e-20
2.154363526257e-20
2.138792856469e-20
2.131375738664e-20
2.117078129404e-20
2.110350460060e-20
2.093427475415e-20
2.086710825004e-20
2.065176798397e-20
2.059865015465e-20
2.052527558481e-20
2.047399439543e-20
2.035899402379e-20
2.021519112203e-20
2.018923842257e-20
2.006857823436e-20
1.999421892671e-20
1.985611051252e-20
1.968949343013e-20
1.956836194776e-20
1.945689762175e-20
1.934190234133e-20
1.917279041825e-20
1.905861776727e-20
1.891209322915e-20
1.883030676636e-20
1.873567566191e-20
1.871548099517e-20
1.862837415128e-20
1.856275060912e-20
1.849356319717e-20
1.815302998415e-20
1.801175583380e-20
1.787508120491e-20
1.781623944491e-20
1.766539624294e-20
1.758459324925e-20
1.753066650577e-20
1.745870509043e-20
1.726601375298e-20
1.715590586127e-20
1.714782143492e-20
1.708897041516e-20
1.698865182882e-20
1.696774664813e-20
1.664057462322e-20
1.655962139359e-20
1.644644278906e-20
1.637276163164e-20
1.631502360411e-20
1.616501936462e-20
1.598121426563e-20
1.587522947013e-20
1.579829923456e-20
1.573321817308e-20
1.560913764865e-20
1.551624807303e-20
1.543618136296e-20
1.542354488198e-20
1.530254758997e-20
1.525055692245e-20
1.510840453307e-20
1.506697573300e-20
1.494926367921e-20
1.491851164902e-20
1.488568540680e-20
1.476852910505e-20
1.463825067127e-20
1.451429122871e-20
1.434853357837e-20
1.430459855782e-20
1.419113530445e-20
1.399583550005e-20
1.388385370162e-20
1.382027157503e-20
1.376789761847e-20
1.375706380595e-20
1.361240343646e-20
1.356507527095e-20
1.344734948734e-20
1.340833729884e-20
1.333021783381e-20
1.323315029527e-20
1.322424722801e-20
1.318616218684e-20
1.303383028864e-20
1.295001341942e-20
1.285324166801e-20
1.277844870719e-20
1.267313280039e-20
1.264203628868e-20
1.251260417807e-20
1.244237911346e-20
1.234265395961e-20
1.225163725122e-20
1.221530963412e-20
1.209645942867e-20
1.204169533039e-20
1.194031086296e-20
1.190917875100e-20
1.181926591623e-20
1.174049371798e-20
1.170704716746e-20
1.161658464853e-20
1.151699135786e-20
1.149190790419e-20
1.138367562159e-20
1.135645591020e-20
1.126038132280e-20
1.112155509755e-20
1.104194404829e-20
1.091492925248e-20
1.080921949903e-20
1.071173754848e-20
1.069793552899e-20
1.060790480501e-20
1.052399761498e-20
1.043666241900e-20
1.041891571178e-20
1.036864716255e-20
1.024402632014e-20
1.019765818905e-20
1.014889871125e-20
1.008335187463e-20
9.947734675715e-21
9.939467232271e-21
9.885642225046e-21
9.817101991801e-21
9.739757743458e-21
9.605078762832e-21
9.584005235995e-21
9.538882780507e-21
9.511306959143e-21
9.411956981532e-21
9.358390054866e-21
9.289311903654e-21
9.244120556621e-21
9.197159540010e-21
9.123665352323e-21
9.083534174227e-21
8.977075482435e-21
8.949033954946e-21
8.897102051129e-21
8.803170190442e-21
8.738955195070e-21
8.673990429161e-21
8.647533106260e-21
8.598532854024e-21
8.581207253289e-21
8.517193537786e-21
8.478685584667e-21
8.426973483365e-21
8.412709466125e-21
8.357211414485e-21
8.301873829799e-21
8.249241545575e-21
8.202451162615e-21
8.122649368498e-21
8.095502615523e-21
7.962753634063e-21
7.929749776302e-21
7.904464110170e-21
7.868556878624e-21
7.799931942683e-21
7.699831699531e-21
7.655210377599e-21
7.598874245635e-21
7.541435997185e-21
7.474213661465e-21
7.443846334603e-21
7.365033624657e-21
7.364513544878e-21
7.297348391620e-21
7.230479114234e-21
7.169095137682e-21
7.132355608199e-21
7.108449490154e-21
7.063062319522e-21
7.004968989968e-21
6.997702408128e-21
6.922448602779e-21
6.918115512584e-21
6.898375158263e-21
6.860990975640e-21
6.797767146959e-21
6.763936911256e-21
6.741291473419e-21
6.683722622778e-21
6.604797221921e-21
6.591447390095e-21
6.517502374499e-21
6.456358658756e-21
6.447418609189e-21
6.434826903005e-21
6.334430451473e-21
6.314731627151e-21
6.261504863605e-21
6.212185227913e-21
6.139512179382e-21
6.074036807214e-21
6.063204438827e-21
5.960524691316e-21
5.937262659387e-21
5.896198847364e-21
5.883931369915e-21
5.830894685606e-21
5.817293924498e-21
5.785049897350e-21
5.733763886845e-21
5.721582264539e-21
5.700582193364e-21
5.658187523678e-21
5.594134952298e-21
5.558463583590e-21
5.520532316713e-21
5.486373939660e-21
5.410217090825e-21
5.392295242171e-21
5.364862777705e-21
5.339463508308e-21
5.269855084705e-21
5.247316984616e-21
5.231217274715e-21
5.194564915492e-21
5.150738430365e-21
5.131146238762e-21
5.121123389382e-21
5.101684746762e-21
5.063919763912e-21
5.040186400131e-21
5.001759507199e-21
4.957788138117e-21
4.938390246944e-21
4.893975398189e-21
4.863622829006e-21
4.846008578456e-21
4.812250309131e-21
4.764235028295e-21
4.703958137067e-21
4.696258592920e-21
4.640094751040e-21
4.621760426264e-21
4.596735550442e-21
4.589123399118e-21
4.541390480568e-21
4.523803962720e-21
4.483893760346e-21
4.431230777600e-21
4.417773406062e-21
4.396438296422e-21
4.319586190949e-21
4.317748261534e-21
4.287558825451e-21
4.275289620928e-21
4.241024180178e-21
4.225194384157e-21
4.203066584700e-21
4.186817243882e-21
4.127256338147e-21
4.122041469658e-21
4.087914371172e-21
4.065699494301e-21
4.035055319050e-21
4.012562321357e-21
4.007966552429e-21
3.969383559276e-21
3.957119582362e-21
3.893119820572e-21
3.870329387547e-21
3.836240600886e-21
3.830493924050e-21
3.786901261335e-21
3.747376028474e-21
3.731787218411e-21
3.708633364265e-21
3.701251185540e-21
3.669011368012e-21
3.660056110092e-21
3.633866240191e-21
3.597522764718e-21
3.574090141744e-21
3.553427421175e-21
3.543930497528e-21
3.494496626227e-21
3.490355890094e-21
3.458855914983e-21
3.435391876199e-21
3.414965088266e-21
3.400062160595e-21
3.379661933674e-21
3.370560082691e-21
3.345354438092e-21
3.331680765983e-21
3.322272158424e-21
3.279075741355e-21
3.275326609903e-21
3.241240790688e-21
3.229716903025e-21
3.209355023984e-21
3.192923110381e-21
3.169344772834e-21
3.133852965100e-21
3.129991477749e-21
3.104774151972e-21
3.081444290848e-21
3.067728047823e-21
3.061898067199e-21
3.036700316457e-21
3.017572076260e-21
2.998757712957e-21
2.992499211677e-21
2.952368638009e-21
2.931836556940e-21
2.909228411580e-21
2.902862854022e-21
2.876117229640e-21
2.852368738100e-21
2.842699317429e-21
2.824559729637e-21
2.790215594834e-21
2.784861989201e-21
2.772613644290e-21
2.739952400366e-21
2.728891494451e-21
2.716674391624e-21
2.704903632912e-21
2.676624672256e-21
2.673532617664e-21
2.655273349324e-21
2.645991209511e-21
2.627959045205e-21
2.622191775627e-21
2.614701719712e-21
2.596846244875e-21
2.569884343830e-21
2.556587639382e-21
2.533921104539e-21
2.532993380114e-21
2.520224271121e-21
2.509015758963e-21
2.489440268190e-21
2.469931264770e-21
2.454259127065e-21
2.432339126149e-21
2.421833389986e-21
2.417241817893e-21
2.398067469961e-21
2.386888310422e-21
2.362180560838e-21
2.348264478484e-21
2.331216317847e-21
2.321849924069e-21
2.297753005307e-21
2.292540430276e-21
2.284944615544e-21
2.275041126922e-21
2.260492255402e-21
2.250532538137e-21
2.220225501479e-21
2.205432312135e-21
2.190552697193e-21
2.163234662575e-21
2.160921889242e-21
2.141808790946e-21
2.137195807754e-21
2.117264041612e-21
2.092032526990e-21
2.086730048176e-21
2.070252085675e-21
2.055799435238e-21
2.035904951312e-21
2.026297009851e-21
2.017682156546e-21
2.009294953322e-21
1.987858125487e-21
1.979342432767e-21
1.970793519653e-21
1.954540910099e-21
1.944663733589e-21
1.931404957942e-21
1.917219161980e-21
1.907193267742e-21
1.901046200569e-21
1.872089881621e-21
1.868626030835e-21
1.861505491307e-21
1.842352507730e-21
1.829633011105e-21
1.823089353201e-21
1.809341547821e-21
1.791025704389e-21
1.775208165179e-21
1.771079846329e-21
1.764249491999e-21
1.749299858703e-21
1.746142197201e-21
1.730772712420e-21
1.719954911389e-21
1.706872886034e-21
1.693231575552e-21
1.680561417890e-21
1.676043717517e-21
1.668624430723e-21
1.646620132421e-21
1.633787501782e-21
1.622373582888e-21
1.616701606619e-21
1.606081893349e-21
1.592798352151e-21
1.586527908509e-21
1.563319060841e-21
1.558536958097e-21
1.551698493100e-21
1.541053470621e-21
1.527643890152e-21
1.522116239295e-21
1.515807542103e-21
1.506589657475e-21
1.501439630899e-21
1.485833103384e-21
1.479923535508e-21
1.471422504750e-21
1.457941071072e-21
1.444544892475e-21
1.439129037157e-21
1.416668092647e-21
1.415130865311e-21
1.410532959039e-21
1.397579453940e-21
1.386156801162e-21
1.379071132338e-21
1.365543722987e-21
1.350400892594e-21
1.340614054622e-21
1.334376211053e-21
1.326114142778e-21
1.311108102450e-21
1.297939154550e-21
1.293513837849e-21
1.286256774247e-21
1.264049199782e-21
1.252383412092e-21
1.235346910874e-21
1.233575776270e-21
1.225970465845e-21
1.218875912133e-21
1.210473897320e-21
1.206205160969e-21
1.190590179664e-21
1.184505485101e-21
1.170249373627e-21
1.152476112728e-21
1.148484194988e-21
1.133845627824e-21
1.118480532071e-21
1.102737464867e-21
1.099353187509e-21
1.093432067768e-21
1.083423955529e-21
1.074856800208e-21
1.070016667438e-21
1.045921086453e-21
1.045168582404e-21
1.032042180574e-21
1.012547463684e-21
1.007353486509e-21
1.001656505691e-21
9.951572388051e-22
9.876062525498e-22
9.817298404470e-22
9.642922468956e-22
9.608117812122e-22
9.542940673308e-22
9.488351760499e-22
9.333713002981e-22
9.255330301308e-22
9.072074956573e-22
9.010331688839e-22
8.956108910377e-22
8.809644756750e-22
8.685555331849e-22
8.635690777646e-22
8.590826701391e-22
8.502393419898e-22
8.463336216335e-22
8.294050589772e-22
8.213952466245e-22
8.149740366210e-22
8.107414837317e-22
7.908224988583e-22
7.862247576758e-22
7.825048615471e-22
7.761390344987e-22
7.677487412494e-22
7.564998435157e-22
7.523888121300e-22
7.495041443968e-22
7.402990609085e-22
7.357122985573e-22
7.306698987145e-22
7.185086978001e-22
7.128924743623e-22
6.972444835769e-22
6.902862263331e-22
6.790986424810e-22
6.784049354173e-22
6.741998864920e-22
6.615574594374e-22
6.586599179347e-22
6.534557600269e-22
6.476252433051e-22
6.454840732505e-22
6.370347335109e-22
6.286805548597e-22
6.199060087370e-22
6.153991145556e-22
6.103425813103e-22
6.016311920082e-22
5.915411857557e-22
5.912803044034e-22
5.872519842580e-22
5.740070472009e-22
5.702662593044e-22
5.672048829923e-22
5.616642288141e-22
5.572842667125e-22
5.526721251800e-22
5.440666518968e-22
5.306159610826e-22
5.269089755925e-22
5.217080194271e-22
5.180551816044e-22
5.124294597496e-22
5.009501675984e-22
4.983474856157e-22
4.948824695036e-22
4.907511379071e-22
4.888096039200e-22
4.780016217578e-22
4.701451227227e-22
4.651510560537e-22
4.620612642613e-22
4.547139840319e-22
4.521763183791e-22
4.454468199938e-22
4.440263775112e-22
4.408383160706e-22
4.356178301291e-22
4.298657769235e-22
4.240459555021e-22
4.215085582710e-22
4.173559365475e-22
4.160888467394e-22
4.098603600982e-22
4.038648118474e-22
3.997957276824e-22
3.968508055654e-22
3.911980417198e-22
3.835660801563e-22
3.828482343679e-22
3.787598949787e-22
3.749568020924e-22
3.696990882641e-22
3.674395265936e-22
3.601520877067e-22
3.573129759023e-22
3.480196962989e-22
3.452509133091e-22
3.413211434728e-22
3.371704281847e-22
3.338150613090e-22
3.310767084337e-22
3.254827526329e-22
3.209892936921e-22
3.200380017498e-22
3.173461652400e-22
3.118839805385e-22
3.089191376083e-22
3.057906074376e-22
3.036592298629e-22
3.010821150895e-22
2.974575784189e-22
2.911367696680e-22
2.901651581333e-22
2.890797232724e-22
2.830951250764e-22
2.821046554514e-22
2.796471410946e-22
2.719496355401e-22
2.705843618253e-22
2.689268075251e-22
2.616661054905e-22
2.596777128076e-22
2.574546898660e-22
2.527133209507e-22
2.480395733560e-22
2.463732964417e-22
2.414978614149e-22
2.388796004535e-22
2.374566397362e-22
2.354814027757e-22
2.336863107157e-22
2.317424989862e-22
2.291408323934e-22
2.246685662641e-22
2.229596324019e-22
2.182597657653e-22
2.172958448717e-22
2.127909431601e-22
2.098480727525e-22
2.055791148225e-22
2.023841601863e-22
2.000110767305e-22
1.991924715726e-22
1.967264830281e-22
1.961843930603e-22
1.925380816961e-22
1.897754944740e-22
1.886074897953e-22
1.857089104610e-22
1.833093274152e-22
1.819879465970e-22
1.782855151762e-22
1.762285986725e-22
1.745852951163e-22
1.738651810571e-22
1.721078224800e-22
1.694002867983e-22
1.656465335600e-22
1.650387598705e-22
1.636860614747e-22
1.615871036855e-22
1.589018079568e-22
1.573015141180e-22
1.561104051103e-22
1.545590806129e-22
1.514788811027e-22
1.502488602828e-22
1.496883462099e-22
1.466863455502e-22
1.464282606976e-22
1.427796558242e-22
1.413618570935e-22
1.397043598318e-22
1.384566437346e-22
1.376609766968e-22
1.367241965762e-22
1.352290752517e-22
1.333146396583e-22
1.318584110308e-22
1.298361684607e-22
1.295519067380e-22
1.284844014595e-22
1.247653779758e-22
1.244362478784e-22
1.233660055556e-22
1.227853500687e-22
1.211264369186e-22
1.209075254218e-22
1.195201357962e-22
1.173699707525e-22
1.163131839322e-22
1.156479908404e-22
1.131468877928e-22
1.126635344091e-22
1.112037195382e-22
1.100980378553e-22
1.088057372109e-22
1.071069367572e-22
1.069098241163e-22
1.056328094112e-22
1.042116558505e-22
1.036252316256e-22
1.020821604033e-22
1.016865765711e-22
1.006029192560e-22
9.864840027883e-23
9.829874337536e-23
9.695548750463e-23
9.660913820211e-23
9.540063588055e-23
9.425629549433e-23
9.413329234470e-23
9.324432902637e-23
9.171972641585e-23
9.121285855672e-23
9.081562143791e-23
9.010651803117e-23
8.936665615976e-23
8.814931062793e-23
8.694571541057e-23
8.471389593623e-23
8.433133471217e-23
8.410294785828e-23
8.246105932429e-23
8.173690978345e-23
7.996783278919e-23
7.924606240795e-23
7.881586867140e-23
7.797243251808e-23
7.709468814283e-23
7.575720883844e-23
7.462487719581e-23
7.349476633312e-23
7.252470396920e-23
7.233453064559e-23
7.100874420216e-23
6.984138927461e-23
6.902841532847e-23
6.861500852574e-23
6.788561598539e-23
6.733468339070e-23
6.608143677206e-23
6.498700312473e-23
6.404858017286e-23
6.336839479175e-23
6.199996899174e-23
6.177901611962e-23
6.090350430666e-23
6.021022215482e-23
5.975268465366e-23
5.801295419839e-23
5.762382313033e-23
5.722823353495e-23
5.560994233091e-23
5.477701704056e-23
5.433490245234e-23
5.417007117326e-23
5.311307613530e-23
5.254870302153e-23
5.160924773866e-23
5.104417656422e-23
5.057579236719e-23
4.990012993105e-23
4.949884127874e-23
4.851629257402e-23
4.776399414772e-23
4.695217510542e-23
4.650858575650e-23
4.588510614644e-23
4.512530723030e-23
4.470203868184e-23
4.390754558852e-23
4.328412093867e-23
4.275746035286e-23
4.184294163378e-23
4.147933139533e-23
4.103717412914e-23
4.075368323988e-23
4.028729798002e-23
3.889993322509e-23
3.826031253972e-23
3.794741809574e-23
3.752044780985e-23
3.725695340087e-23
3.626160429169e-23
3.589871795959e-23
3.553420818246e-23
3.480683104786e-23
3.423835049345e-23
3.400421484652e-23
3.317954992895e-23
3.242099590008e-23
3.211903387632e-23
3.140195333162e-23
3.105438948428e-23
3.083399741194e-23
3.037904961995e-23
3.000075239687e-23
2.983657823790e-23
2.951834579001e-23
2.906588358020e-23
2.879960887711e-23
2.811013062844e-23
2.759896150384e-23
2.696741613969e-23
2.669757109985e-23
2.661699079666e-23
2.641861125111e-23
2.603772677247e-23
2.542734920115e-23
2.505066023246e-23
2.478882060998e-23
2.447487916453e-23
2.415717575702e-23
2.409528376412e-23
2.392755622567e-23
2.345381711821e-23
2.310004130768e-23
2.293956866511e-23
2.265711621640e-23
2.245835917294e-23
2.195403114429e-23
2.165528510744e-23
2.140284536533e-23
2.114376494460e-23
2.091230792943e-23
2.069806558268e-23
2.057266418015e-23
2.019693363075e-23
1.997579171843e-23
1.977960085463e-23
1.918909294917e-23
1.914517954888e-23
1.901476065136e-23
1.859447765921e-23
1.853113236325e-23
1.817635014767e-23
1.803114336053e-23
1.789530952229e-23
1.762480729151e-23
1.745361884110e-23
1.728728691962e-23
1.690709495011e-23
1.676333895121e-23
1.669971951845e-23
1.651257868559e-23
1.624833220567e-23
1.620436899070e-23
1.599980657982e-23
1.581626232545e-23
1.565683786868e-23
1.556062582476e-23
1.534095081384e-23
1.515483332457e-23
1.485821992945e-23
1.460921323263e-23
1.442853436438e-23
1.426633714142e-23
1.398131207108e-23
1.379215473144e-23
1.362053307793e-23
1.349154519705e-23
1.338477296634e-23
1.309345523507e-23
1.302876660935e-23
1.276989753714e-23
1.270242751809e-23
1.251097131694e-23
1.234513019877e-23
1.209484748317e-23
1.177428127219e-23
1.163056095081e-23
1.139843162480e-23
1.138841935859e-23
1.120475381643e-23
1.110207708120e-23
1.097876889040e-23
1.071474149487e-23
1.052854895062e-23
1.043039408300e-23
1.026070418155e-23
1.000861613407e-23
9.822979963719e-24
9.554238676243e-24
9.487743045695e-24
9.399276102173e-24
9.325456667433e-24
9.218187131916e-24
9.104329457275e-24
8.994057828591e-24
8.932769584998e-24
8.828756569115e-24
8.643488354689e-24
8.512069046771e-24
8.435441219646e-24
8.266095630408e-24
8.168281802995e-24
8.151892531398e-24
8.003632872327e-24
7.754126995143e-24
7.729865736203e-24
7.546380549538e-24
7.454591445104e-24
7.399458039788e-24
7.322414077923e-24
7.201120628004e-24
7.147146619259e-24
6.962600632814e-24
6.901266446279e-24
6.844998017700e-24
6.643953992999e-24
6.590194738938e-24
6.500198004920e-24
6.410084273778e-24
6.272197509094e-24
6.250254106705e-24
6.103260128656e-24
6.040298821783e-24
5.987079541322e-24
5.903598866094e-24
5.773004831998e-24
5.722506027221e-24
5.649574029734e-24
5.587745639088e-24
5.490823721435e-24
5.392160637059e-24
5.365860032489e-24
5.302518383302e-24
5.211382551148e-24
5.131896422738e-24
5.007114071746e-24
4.979464352404e-24
4.911142472862e-24
4.860846786844e-24
4.794316683914e-24
4.770872855796e-24
4.669926476997e-24
4.600570134009e-24
4.517661973050e-24
4.503584132325e-24
4.406130519699e-24
4.362637538130e-24
4.270324433140e-24
4.242050998418e-24
4.206323895816e-24
4.146036678656e-24
4.079956045563e-24
3.990600663818e-24
3.915907374364e-24
3.876468852457e-24
3.856787700347e-24
3.792933096260e-24
3.721713197799e-24
3.640088556457e-24
3.636893145195e-24
3.561861220547e-24
3.533775191409e-24
3.482571379150e-24
3.456950040098e-24
3.423996679851e-24
3.396696195349e-24
3.384183575238e-24
3.335378621404e-24
3.273182764182e-24
3.228715154754e-24
3.210497217132e-24
3.132990511230e-24
3.086133640771e-24
3.067210370570e-24
3.026867024927e-24
2.998182044726e-24
2.957199769567e-24
2.912884085729e-24
2.884321621880e-24
2.851583604940e-24
2.832747693356e-24
2.807086166333e-24
2.753788284209e-24
2.713262719006e-24
2.684478343629e-24
2.618987560988e-24
2.590427396567e-24
2.542020741270e-24
2.526847270916e-24
2.492474060008e-24
2.459540170379e-24
2.421375563011e-24
2.408849257019e-24
2.338984008059e-24
2.320582561508e-24
2.282432801205e-24
2.255363126767e-24
2.224926839452e-24
2.198764313309e-24
2.176919963304e-24
2.150964553747e-24
2.127669819953e-24
2.114314562915e-24
2.074209781691e-24
2.037545613273e-24
2.027002842834e-24
1.975572140302e-24
1.951963885035e-24
1.946302642355e-24
1.930991312570e-24
1.883293842492e-24
1.868374541182e-24
1.855568264817e-24
1.806284208747e-24
1.775749968416e-24
1.765325778116e-24
1.741310813958e-24
1.737365952374e-24
1.708352156592e-24
1.679747796126e-24
1.646397177745e-24
1.625999906640e-24
1.595347333990e-24
1.575292622423e-24
1.555475477955e-24
1.535486745086e-24
1.528339671967e-24
1.502764882866e-24
1.484579318250e-24
1.474772793466e-24
1.422484796488e-24
1.391432865807e-24
1.373540962211e-24
1.361781789505e-24
1.348266295349e-24
1.335428415022e-24
1.288171270005e-24
1.270122311400e-24
1.249476633634e-24
1.232959348409e-24
1.212854985514e-24
1.192287138546e-24
1.181133113313e-24
1.157523151644e-24
1.134382245198e-24
1.122826606975e-24
1.098284427084e-24
1.078157820414e-24
1.052654681040e-24
1.044336665815e-24
1.033449726373e-24
1.024923401339e-24
1.002269580703e-24
9.701952830577e-25
9.517258422446e-25
9.402767309831e-25
9.313726742912e-25
9.031253208929e-25
8.857066107625e-25
8.791699540464e-25
8.554135469732e-25
8.393985380037e-25
8.302790476901e-25
8.125109794608e-25
7.948728535547e-25
7.827199723212e-25
7.800730971610e-25
7.588767204642e-25
7.480649014310e-25
7.203668932477e-25
7.149615426871e-25
7.038491387642e-25
6.949849477135e-25
6.871087626763e-25
6.752131790254e-25
6.668374861097e-25
6.536275495141e-25
6.409871074225e-25
6.251116238499e-25
6.193295808302e-25
6.100490679783e-25
5.945430876364e-25
5.913455241107e-25
5.693441163966e-25
5.652465369900e-25
5.508351927779e-25
5.430238947856e-25
5.384148001103e-25
5.188799187814e-25
5.124365150274e-25
5.054460725070e-25
4.871376600465e-25
4.830962035187e-25
4.799074168169e-25
4.725816944144e-25
4.658856501119e-25
4.623432041674e-25
4.431606330220e-25
4.370589335695e-25
4.364471404396e-25
4.186664775670e-25
4.120262794615e-25
4.037374321308e-25
3.947321004831e-25
3.866529605566e-25
3.809697991071e-25
3.739017339906e-25
3.682546472918e-25
3.632913956195e-25
3.523928333309e-25
3.481505984066e-25
3.407243613747e-25
3.378907750891e-25
3.214121144948e-25
3.188412212633e-25
3.152731726505e-25
3.106233259742e-25
3.059435553978e-25
3.004274702154e-25
2.971776431738e-25
2.915466922293e-25
2.878924298402e-25
2.803870241974e-25
2.718780841494e-25
2.666758852876e-25
2.553341016576e-25
2.519797643218e-25
2.495326149098e-25
2.437136098454e-25
2.391254432890e-25
2.347685217599e-25
2.329000804384e-25
2.293646208711e-25
2.254158985030e-25
2.147038180622e-25
2.115045865244e-25
2.061911662251e-25
2.053500485819e-25
1.987595110602e-25
1.963264339676e-25
1.896875990142e-25
1.883572902450e-25
1.842812089872e-25
1.760345898097e-25
1.707957284168e-25
1.676970611043e-25
1.651114302566e-25
1.598196506835e-25
1.561958478375e-25
1.516190085958e-25
1.507151859385e-25
1.464606177043e-25
1.416910958886e-25
1.388061351205e-25
1.335130991775e-25
1.318361903145e-25
1.303748609031e-25
1.251681444091e-25
1.227912098768e-25
1.196896878565e-25
1.177585355922e-25
1.139360098326e-25
1.128198996028e-25
1.115281822007e-25
1.068893238818e-25
1.024693530234e-25
1.005073146072e-25
9.679607305846e-26
9.595930508136e-26
9.556189113157e-26
9.315875149799e-26
8.947034876597e-26
8.716732930797e-26
8.650473262683e-26
8.266133879919e-26
8.238594249783e-26
7.956513079468e-26
7.786846479507e-26
7.675628623156e-26
7.348705526010e-26
7.185047041859e-26
6.946254398743e-26
6.726840301198e-26
6.603735164780e-26
6.444122470603e-26
6.293569065658e-26
6.218637998141e-26
6.053886400802e-26
5.836239249755e-26
5.644926741348e-26
5.556964896362e-26
5.404527995165e-26
5.217983844363e-26
5.159263262711e-26
5.074209394529e-26
4.954657349129e-26
4.543503726721e-26
4.448313310370e-26
4.406103137708e-26
4.202461511962e-26
4.147709099235e-26
4.041931089440e-26
3.893376408663e-26
3.871220749743e-26
3.840479863478e-26
3.635071272819e-26
3.615859370300e-26
3.481375680172e-26
3.287669073247e-26
3.155462207003e-26
3.029914177074e-26
3.012172162854e-26
2.907919516360e-26
2.850730078786e-26
2.758251687488e-26
2.722284953051e-26
2.603857549160e-26
2.556440708535e-26
2.532929190178e-26
2.452364997022e-26
2.355003719080e-26
2.241887122842e-26
2.091829151249e-26
2.078061798767e-26
2.052854327852e-26
2.003738771218e-26
1.971004915349e-26
1.919239982585e-26
1.852023098077e-26
1.845810895635e-26
1.785062653901e-26
1.737907624504e-26
1.678616305733e-26
1.658366675927e-26
1.609481209130e-26
1.587854190388e-26
1.495050708596e-26
1.460423907388e-26
1.405746736084e-26
1.335839631458e-26
1.308496635574e-26
1.282447479847e-26
1.253062073521e-26
1.203454633951e-26
1.164812716747e-26
1.137770631522e-26
1.115805662507e-26
1.077459956179e-26
1.051713504791e-26
1.032398423295e-26
1.009074492495e-26
9.964021933740e-27
9.262791424324e-27
8.900879788505e-27
8.590450456439e-27
8.430446692508e-27
8.320646003653e-27
8.092536689110e-27
7.907634490308e-27
7.730332851192e-27
7.505354404535e-27
7.254428856220e-27
7.102384024009e-27
6.747412299108e-27
6.695054635016e-27
6.537793180934e-27
6.167547463971e-27
5.995717998339e-27
5.794949449898e-27
5.672710499321e-27
5.561434083194e-27
5.534868028204e-27
5.445367590760e-27
5.157599227652e-27
5.067295881071e-27
4.854833891796e-27
4.709592237673e-27
4.549195084007e-27
4.434221119263e-27
4.335560435035e-27
4.098856446143e-27
4.088089931052e-27
3.994498769062e-27
3.781993938034e-27
3.730780505993e-27
3.645255901070e-27
3.533567468978e-27
3.457319521098e-27
3.268747347332e-27
3.203464629986e-27
3.105402784686e-27
3.070157878536e-27
2.915759960533e-27
2.830241105625e-27
2.760920946359e-27
2.667052871146e-27
2.601186449820e-27
2.477512792677e-27
2.412219297565e-27
2.397194993054e-27
2.353356936958e-27
2.217012966504e-27
2.105001825876e-27
2.058445599048e-27
2.006022848964e-27
1.991082569285e-27
1.939080852014e-27
1.868268622320e-27
1.790035865038e-27
1.759726378474e-27
1.681689209252e-27
1.657883779788e-27
1.632378756944e-27
1.557121002195e-27
1.499873402135e-27
1.446454631848e-27
1.397664209994e-27
1.357275272314e-27
1.346303701396e-27
1.300252002119e-27
1.248119252758e-27
1.226921693657e-27
1.211019961529e-27
1.129434739258e-27
1.114588925546e-27
1.070833461768e-27
1.030691924207e-27
1.002441078902e-27
9.829274511367e-28
9.113418964844e-28
9.039624607181e-28
8.672251950751e-28
8.316369051739e-28
8.001362860001e-28
7.733920116417e-28
7.382587639088e-28
7.277805081726e-28
7.151658639387e-28
6.701982134302e-28
6.422744992532e-28
6.221118146929e-28
5.836237222805e-28
5.694459760750e-28
5.547683226945e-28
5.318090099604e-28
5.240553220089e-28
5.108050366601e-28
4.816938494390e-28
4.775835713937e-28
4.283564196467e-28
4.232567242738e-28
4.143418472196e-28
4.015459135314e-28
3.805981575873e-28
3.727787731188e-28
3.317242229886e-28
3.232790721239e-28
3.052298387048e-28
2.993235132398e-28
2.891410864406e-28
2.837665301185e-28
2.613492022438e-28
2.524070821744e-28
2.414492107926e-28
2.338214966027e-28
2.314715699627e-28
2.286666485221e-28
1.888286770255e-28
1.830621755909e-28
1.775709306872e-28
1.616627766481e-28
1.555400917740e-28
1.544383132332e-28
1.383641393093e-28
1.369974078726e-28
1.179731565182e-28
1.140643893592e-28
1.096539370180e-28
1.034596408253e-28
9.528568604757e-29
8.873618536066e-29
8.615192893943e-29
7.948445667600e-29
7.390062924265e-29
7.126025027180e-29
6.285461296388e-29
5.737938892963e-29
5.414895090598e-29
5.013234195293e-29
4.805880200543e-29
4.585844467744e-29
4.343372830280e-29
3.987455977180e-29
3.387016879699e-29
2.973155441704e-29
2.824883660324e-29
2.735104934087e-29
2.332539170895e-29
2.090573921076e-29
1.939141541558e-29
1.819611213496e-29
1.588666618505e-29
1.487191147908e-29
1.037042451464e-29
8.804617451375e-30
8.064430577641e-30
7.187274103183e-30
6.007751963219e-30
5.114704840055e-30
4.118475737241e-30
2.496692696321e-30
2.309609487510e-30
1.283914109728e-30
1.250856618685e-31
