#lambda_0=4.025313323722e-01
1.000000000000e+00
6.876927034332e-01
6.876917184199e-01
6.874653116653e-01
6.874646888340e-01
3.963917006461e-01
3.953394876576e-01
3.691037798900e-01
3.690703411288e-01
3.687020264845e-01
3.686976999450e-01
3.660767210276e-01
3.508137620190e-01
3.499796597670e-01
1.685612585430e-01
1.685597500810e-01
1.684906999329e-01
1.684861277229e-01
1.668547472689e-01
1.668063550423e-01
1.665024706252e-01
1.664101701926e-01
1.537689006443e-01
1.537665408887e-01
1.536988907320e-01
1.536956919523e-01
1.489790312781e-01
1.489589591237e-01
1.489024004558e-01
1.488594053346e-01
1.397143732684e-01
1.388613022559e-01
8.978155221841e-02
8.976687226467e-02
8.976608744368e-02
8.975502153310e-02
8.856485442309e-02
8.856063909893e-02
8.847857421344e-02
8.844601514955e-02
7.510668979043e-02
6.903234298662e-02
6.903082940922e-02
6.839712256586e-02
6.839384844045e-02
6.335335476264e-02
6.332754527095e-02
6.208907962262e-02
6.087873915062e-02
6.079284642441e-02
6.076619988590e-02
4.996407417086e-02
4.965829559751e-02
4.948576015637e-02
4.934779760239e-02
4.910041572745e-02
4.908458065020e-02
4.888927414962e-02
4.877967418385e-02
4.848892022567e-02
3.765587163353e-02
3.760242126415e-02
3.759829766364e-02
3.759057792096e-02
3.338129261521e-02
3.119729382614e-02
3.114475059325e-02
2.642247268195e-02
2.474260290742e-02
2.449727455101e-02
2.253211080261e-02
2.242633206078e-02
2.232441678215e-02
2.123524859441e-02
1.894848545264e-02
1.828853607130e-02
1.798680745879e-02
1.796992100885e-02
1.656915357354e-02
1.477030312556e-02
1.472841259783e-02
1.455417879529e-02
1.452491447986e-02
1.412873682517e-02
1.410693362645e-02
1.402681013014e-02
1.397479295939e-02
1.274070778359e-02
1.263435803817e-02
1.241759975186e-02
1.239219224456e-02
1.234699744755e-02
1.233448039050e-02
1.224977603283e-02
1.184181917917e-02
1.179725999153e-02
1.178086701021e-02
1.168014496375e-02
1.108197864512e-02
1.086970999511e-02
1.074226559793e-02
1.073096457556e-02
1.057004660141e-02
1.020584039729e-02
1.010231582941e-02
9.993517020461e-03
9.861057488092e-03
9.475837996227e-03
9.271267423724e-03
8.404510595646e-03
8.216776037306e-03
7.956552205550e-03
7.859202503065e-03
7.695674903811e-03
7.234674341464e-03
7.140601904548e-03
7.064618750907e-03
7.042186057423e-03
7.030062381233e-03
7.029009254601e-03
6.979680596276e-03
6.968108591882e-03
6.964426059165e-03
6.932943527299e-03
6.713879631659e-03
6.683045111054e-03
6.642789663373e-03
6.544944160276e-03
6.520812777372e-03
6.511806264478e-03
6.440966801382e-03
6.423655904283e-03
6.387657482384e-03
6.086372153816e-03
6.059181973466e-03
5.946731869690e-03
5.721714376133e-03
5.716864885424e-03
5.695912958879e-03
5.634797201017e-03
5.632307341823e-03
5.542588488884e-03
5.533352918508e-03
5.459731285278e-03
5.344342065795e-03
5.257738192714e-03
5.254032703042e-03
5.230092565741e-03
5.227772702597e-03
5.163806648574e-03
4.952044698844e-03
4.676649493628e-03
4.658842339917e-03
4.645398224892e-03
4.636224182355e-03
4.619450217201e-03
4.578469126388e-03
4.356538533965e-03
4.326073255399e-03
4.221247536646e-03
4.170761761686e-03
3.916307339403e-03
3.777940720057e-03
3.746434183596e-03
3.740760401155e-03
3.630109583111e-03
3.624614766257e-03
3.607029858228e-03
3.539613069540e-03
3.531304432577e-03
3.529647040478e-03
3.519696501722e-03
3.483920284604e-03
3.483038127139e-03
3.469425192308e-03
3.457543350780e-03
3.445867113362e-03
3.424120441024e-03
3.420368392383e-03
3.414780207962e-03
3.408038996537e-03
3.404551509597e-03
3.338023023575e-03
3.261072691495e-03
3.251161153763e-03
3.231858620105e-03
3.229191053995e-03
3.213468947397e-03
3.211753728279e-03
3.184702470358e-03
3.162947014700e-03
3.162309705467e-03
3.131083742169e-03
3.116432394186e-03
3.075640711770e-03
3.047611807734e-03
3.042914040858e-03
3.032923920061e-03
2.990865034817e-03
2.946776246923e-03
2.935052064145e-03
2.934318492781e-03
2.931450962479e-03
2.887591679310e-03
2.871248954539e-03
2.842283405249e-03
2.839950984030e-03
2.833316659371e-03
2.831256431205e-03
2.822050042605e-03
2.810036186350e-03
2.809446773054e-03
2.806196388347e-03
2.769569702893e-03
2.768716793123e-03
2.723854931729e-03
2.703415154927e-03
2.671627887180e-03
2.664778944136e-03
2.658090320376e-03
2.657532419153e-03
2.636381691077e-03
2.628039211135e-03
2.626005964382e-03
2.591465688556e-03
2.573731644947e-03
2.556808438664e-03
2.523020234972e-03
2.522734608506e-03
2.481031572012e-03
2.470335068746e-03
2.463999843866e-03
2.442460153919e-03
2.440664325778e-03
2.431163497942e-03
2.426661381793e-03
2.417098213457e-03
2.406295017228e-03
2.400134350990e-03
2.386238023254e-03
2.364608509077e-03
2.360299688924e-03
2.356406483633e-03
2.279574623100e-03
2.269392315409e-03
2.264155428632e-03
2.213621943570e-03
2.161926303597e-03
2.161186873179e-03
2.132736126618e-03
2.126058168377e-03
2.123562240404e-03
2.121108142995e-03
2.119531833407e-03
2.115349892761e-03
2.113710965746e-03
2.002146892486e-03
2.001125253979e-03
1.908728171701e-03
1.681201063616e-03
1.675209374851e-03
1.564298480600e-03
1.530112835811e-03
1.514885121521e-03
1.512344581504e-03
1.500055988206e-03
1.446287581962e-03
1.441039875270e-03
1.406714046189e-03
1.403340462388e-03
1.400406267757e-03
1.396934608641e-03
1.390934538549e-03
1.370655443272e-03
1.365053679776e-03
1.364803080589e-03
1.363140443738e-03
1.350215462052e-03
1.343325804933e-03
1.331235191775e-03
1.292010367656e-03
1.242373687079e-03
1.206464196539e-03
1.188542080494e-03
1.165253601897e-03
1.112443179063e-03
1.109662803743e-03
1.096696668561e-03
1.090403930160e-03
1.084422617539e-03
1.081244320176e-03
1.062354306214e-03
1.053992726201e-03
1.047111321686e-03
1.028693121664e-03
1.020247636524e-03
1.016964997985e-03
1.005035271783e-03
1.004028472614e-03
9.996853885473e-04
9.829464971104e-04
9.820393520245e-04
9.778534466824e-04
9.607113644904e-04
9.581186976771e-04
9.479690077422e-04
9.447995341227e-04
9.431196166494e-04
9.391808791051e-04
9.316671528492e-04
9.313013029971e-04
9.185000793487e-04
9.167687468153e-04
9.148537874002e-04
9.051692229640e-04
9.042403155713e-04
8.820677852278e-04
8.808823745766e-04
8.791796329888e-04
8.643545429013e-04
8.530148952231e-04
8.496343266051e-04
8.443728269630e-04
8.392068858038e-04
8.352762781016e-04
8.249041659752e-04
8.175503282685e-04
8.113590752509e-04
8.091876612573e-04
8.015627981542e-04
7.913190831510e-04
7.850024495353e-04
7.813942205188e-04
7.671134907728e-04
7.565167997734e-04
7.408817155911e-04
7.361776929529e-04
7.307700830379e-04
7.301455206069e-04
7.225279357604e-04
7.219103844024e-04
7.166318048872e-04
7.033140435159e-04
6.958423631391e-04
6.931836755999e-04
6.892526423247e-04
6.835000357665e-04
6.803244142360e-04
6.734768383982e-04
6.668558246380e-04
6.620626851123e-04
6.588330181713e-04
6.526517159400e-04
6.525361320997e-04
6.488064346871e-04
6.447161673472e-04
6.416012334773e-04
6.407034753675e-04
6.294479865818e-04
6.141038346118e-04
6.047635552914e-04
6.004082175134e-04
5.990943522296e-04
5.968465128697e-04
5.952182488541e-04
5.924367089272e-04
5.861147005851e-04
5.826899426841e-04
5.788691438375e-04
5.772800346931e-04
5.713809699062e-04
5.672733907604e-04
5.667611626512e-04
5.567636989414e-04
5.521015135063e-04
5.489688998491e-04
5.467527007598e-04
5.414524641351e-04
5.384971992874e-04
5.334327361828e-04
5.278586459939e-04
5.209633546089e-04
5.193019716487e-04
5.174409250274e-04
5.172068798939e-04
5.051992144230e-04
5.026296923976e-04
5.001116246272e-04
4.994124572263e-04
4.976394918605e-04
4.849590648482e-04
4.832080442125e-04
4.796867859726e-04
4.656117434837e-04
4.625057134315e-04
4.614754777965e-04
4.579135617335e-04
4.552378603781e-04
4.550927790086e-04
4.521105752146e-04
4.496003268435e-04
4.482536613251e-04
4.460827557323e-04
4.390391820832e-04
4.371003012146e-04
4.328682446336e-04
4.316984659731e-04
4.310311622799e-04
4.280044591172e-04
4.242981011279e-04
4.218927559453e-04
4.133799199097e-04
4.115341859053e-04
4.105368482983e-04
4.061187774039e-04
4.040437150105e-04
4.037895334808e-04
4.001910820786e-04
3.998824296237e-04
3.957225981155e-04
3.945625760102e-04
3.931380852346e-04
3.922718748437e-04
3.860871122570e-04
3.857686190427e-04
3.840195045319e-04
3.828803539788e-04
3.827514953242e-04
3.780913467940e-04
3.727332851933e-04
3.685280606468e-04
3.672539245344e-04
3.670255412217e-04
3.638701356681e-04
3.614560267933e-04
3.614409494572e-04
3.552565191420e-04
3.542622945043e-04
3.540055619837e-04
3.520655345055e-04
3.519990100732e-04
3.496524037687e-04
3.495614683148e-04
3.493912565137e-04
3.483197823917e-04
3.475109432938e-04
3.466907323788e-04
3.440137548931e-04
3.421277680257e-04
3.390591022236e-04
3.381845956729e-04
3.380919811994e-04
3.369288108397e-04
3.347167510242e-04
3.329763069735e-04
3.323393002089e-04
3.277848238187e-04
3.240879710097e-04
3.231453550881e-04
3.215312534452e-04
3.188609725911e-04
3.167392007045e-04
3.158961095867e-04
3.149201163876e-04
3.132271958501e-04
3.126635644199e-04
3.126393827524e-04
3.111779204564e-04
3.111593409940e-04
3.111145342149e-04
3.098099466962e-04
3.079670936302e-04
3.078998797735e-04
3.066200528555e-04
3.062882495622e-04
3.053434829416e-04
3.048657955205e-04
3.047786467866e-04
3.045526190864e-04
3.044810107343e-04
3.027028555027e-04
3.017574618838e-04
3.010553586688e-04
3.006126157658e-04
2.999242206148e-04
2.978271679869e-04
2.953885125715e-04
2.952283505805e-04
2.917744456677e-04
2.898798716537e-04
2.885188779002e-04
2.858447634123e-04
2.857071682669e-04
2.841146177151e-04
2.824539123730e-04
2.819881945641e-04
2.817383928655e-04
2.813994691506e-04
2.792580016066e-04
2.781172914463e-04
2.767967537604e-04
2.762620944788e-04
2.752791757326e-04
2.729977045637e-04
2.711522031069e-04
2.705879856963e-04
2.685598645377e-04
2.664377058670e-04
2.660567299540e-04
2.654985646954e-04
2.643806397567e-04
2.631412212632e-04
2.623276550834e-04
2.619752815422e-04
2.600348470899e-04
2.591045475068e-04
2.571975980205e-04
2.554758414715e-04
2.522197400768e-04
2.495059930641e-04
2.466606543530e-04
2.457222612557e-04
2.456445077596e-04
2.446930149484e-04
2.446916773169e-04
2.445588376453e-04
2.415109983439e-04
2.393777095266e-04
2.385986416890e-04
2.382885631492e-04
2.356122429627e-04
2.346666433400e-04
2.337388924827e-04
2.332060046609e-04
2.319523336740e-04
2.304256656413e-04
2.278609601393e-04
2.271933157654e-04
2.270563382651e-04
2.261066055875e-04
2.249437744489e-04
2.247673640848e-04
2.247080998538e-04
2.243450522350e-04
2.215010391447e-04
2.207741367819e-04
2.196554499201e-04
2.184936313987e-04
2.175299972032e-04
2.167161211112e-04
2.166573682325e-04
2.166338356856e-04
2.157495450365e-04
2.156930398787e-04
2.155013636081e-04
2.133310395617e-04
2.118560908147e-04
2.100179966107e-04
2.076243947151e-04
2.062453958010e-04
2.057569871409e-04
2.054845237751e-04
2.047755975873e-04
1.994141508556e-04
1.978256635791e-04
1.973815774841e-04
1.961099005003e-04
1.926544521380e-04
1.924744387146e-04
1.914683476624e-04
1.898273462582e-04
1.884846173021e-04
1.884197673681e-04
1.880722509069e-04
1.875920472834e-04
1.869130499267e-04
1.865371052661e-04
1.861394085758e-04
1.847552742515e-04
1.839902390612e-04
1.833593070781e-04
1.831416978485e-04
1.821817749069e-04
1.794003186113e-04
1.762432899442e-04
1.758002644392e-04
1.737313697850e-04
1.712769911784e-04
1.697176618042e-04
1.694828408600e-04
1.689797263254e-04
1.673725784554e-04
1.664819761836e-04
1.647976710736e-04
1.641680645053e-04
1.633086698589e-04
1.619996804074e-04
1.564468475108e-04
1.555500458516e-04
1.535192429046e-04
1.525056857346e-04
1.514425773128e-04
1.503982381569e-04
1.491667324109e-04
1.466612684290e-04
1.464810080319e-04
1.450530707996e-04
1.435750228694e-04
1.428072129934e-04
1.427421567288e-04
1.424440298570e-04
1.403654330768e-04
1.397574898783e-04
1.393088976820e-04
1.383223419204e-04
1.378378914302e-04
1.366031256778e-04
1.365174195737e-04
1.354506651856e-04
1.353277424705e-04
1.328825649439e-04
1.327894337152e-04
1.320410225993e-04
1.299626891962e-04
1.293412774795e-04
1.282298554542e-04
1.282084080233e-04
1.278437505550e-04
1.275823088031e-04
1.255817639482e-04
1.246207484684e-04
1.241149086229e-04
1.239399587710e-04
1.226957065321e-04
1.223592044640e-04
1.212023777563e-04
1.193477002558e-04
1.191477340879e-04
1.190681840106e-04
1.171074630595e-04
1.168273221140e-04
1.166861737325e-04
1.161034464447e-04
1.141171524363e-04
1.129380535592e-04
1.124393089516e-04
1.122297185740e-04
1.120542123730e-04
1.109532962821e-04
1.108573408452e-04
1.104143038384e-04
1.103294435089e-04
1.096119093632e-04
1.074625715890e-04
1.067587322825e-04
1.059178575246e-04
1.047642073384e-04
1.041272505980e-04
1.032550628027e-04
1.030692056019e-04
1.028275659612e-04
1.019641663217e-04
1.015289049310e-04
1.013956162166e-04
1.004976531292e-04
1.003049017704e-04
1.000008482415e-04
9.898516775855e-05
9.848949482453e-05
9.827786464846e-05
9.805559129286e-05
9.645768293137e-05
9.644238018353e-05
9.590036057820e-05
9.531635762933e-05
9.495611827960e-05
9.395764654987e-05
9.345365386169e-05
9.323913281043e-05
9.299937041769e-05
9.257642769654e-05
9.253960633930e-05
9.233511557783e-05
9.205929931834e-05
9.178370278917e-05
9.117842138061e-05
9.115485274055e-05
9.036779098468e-05
9.026547503778e-05
8.997113357179e-05
8.984995560251e-05
8.984980068609e-05
8.930142602560e-05
8.861385479086e-05
8.827351833056e-05
8.823497277319e-05
8.763322422790e-05
8.667715273368e-05
8.627312801562e-05
8.624574180735e-05
8.616452353317e-05
8.612189280381e-05
8.581370989561e-05
8.544901719125e-05
8.542872551407e-05
8.525739184030e-05
8.490670236678e-05
8.486452411393e-05
8.425336086666e-05
8.346224093777e-05
8.340262932619e-05
8.220553200729e-05
8.217863134056e-05
8.090307061407e-05
8.069936312609e-05
8.055111136420e-05
8.030819294504e-05
8.020800174959e-05
8.003580737901e-05
7.965634781645e-05
7.959420378077e-05
7.917253074993e-05
7.892367938389e-05
7.817526466438e-05
7.765786043200e-05
7.721493846261e-05
7.682073860481e-05
7.663872013938e-05
7.620096417044e-05
7.556242332145e-05
7.502363102179e-05
7.477440256089e-05
7.446209830313e-05
7.421946006183e-05
7.386642009906e-05
7.379519788492e-05
7.341545453971e-05
7.337725905665e-05
7.324508279564e-05
7.308822782489e-05
7.261594075632e-05
7.204095234465e-05
7.181398588711e-05
7.169914335248e-05
7.106577068019e-05
7.082323689945e-05
7.036157136354e-05
7.031517673964e-05
7.029945851383e-05
7.011242410350e-05
7.003434410642e-05
6.996818601062e-05
6.912509985578e-05
6.904019339856e-05
6.901865595171e-05
6.896902513233e-05
6.835876600387e-05
6.831702688667e-05
6.828254420682e-05
6.761225325318e-05
6.748300726462e-05
6.712874970639e-05
6.692550409199e-05
6.652522233626e-05
6.652123414173e-05
6.632273960885e-05
6.622907917494e-05
6.582940214221e-05
6.567032363201e-05
6.551649093500e-05
6.514567050095e-05
6.512899907441e-05
6.506020182067e-05
6.458319048950e-05
6.450079348013e-05
6.444646279610e-05
6.437427425445e-05
6.403487518926e-05
6.348510838418e-05
6.344208270311e-05
6.323568381846e-05
6.285010767764e-05
6.239037845550e-05
6.233735288723e-05
6.226896537384e-05
6.211456834703e-05
6.198807566492e-05
6.162734153068e-05
6.145328438514e-05
6.116720881662e-05
6.107482790010e-05
6.107322687647e-05
6.092977834611e-05
6.069020169796e-05
6.044602494566e-05
6.019058745268e-05
5.980348802086e-05
5.960936007277e-05
5.954070666780e-05
5.914118893679e-05
5.897705210414e-05
5.887226850759e-05
5.884441430522e-05
5.810177208511e-05
5.807542310908e-05
5.783707897677e-05
5.764009344711e-05
5.745405288715e-05
5.726622648680e-05
5.696943873195e-05
5.686159600696e-05
5.680714250871e-05
5.654035296710e-05
5.651976030319e-05
5.633366570053e-05
5.632675168710e-05
5.590141637917e-05
5.577244670196e-05
5.557771798945e-05
5.524040342103e-05
5.521498016826e-05
5.508406280126e-05
5.483504813957e-05
5.454360063041e-05
5.450882807415e-05
5.450522571474e-05
5.432127037834e-05
5.424414807841e-05
5.396847680947e-05
5.360902418114e-05
5.356293068147e-05
5.345491459373e-05
5.294864362580e-05
5.255253953619e-05
5.251277446008e-05
5.225407046769e-05
5.214903465885e-05
5.204108915854e-05
5.199707346902e-05
5.189551244861e-05
5.183724018432e-05
5.176394593936e-05
5.149190376260e-05
5.119787525244e-05
5.089021811824e-05
5.080106069630e-05
5.076275659713e-05
5.072073592975e-05
5.062149169990e-05
5.051806087564e-05
5.018200065797e-05
4.987947068691e-05
4.958337706721e-05
4.936513230543e-05
4.930787918468e-05
4.873229616980e-05
4.866634600337e-05
4.863945127987e-05
4.852793122111e-05
4.842927190340e-05
4.834604404618e-05
4.822276939885e-05
4.820650870709e-05
4.819006574532e-05
4.805148551449e-05
4.757924010751e-05
4.755306102807e-05
4.744321579851e-05
4.721611956601e-05
4.680745549407e-05
4.655530494773e-05
4.644017779555e-05
4.639499867827e-05
4.638026238459e-05
4.637923059060e-05
4.606695391245e-05
4.590358108965e-05
4.574925515649e-05
4.564858320519e-05
4.525380433819e-05
4.515009910372e-05
4.489994701628e-05
4.489335238689e-05
4.482851175135e-05
4.413875694143e-05
4.403083466732e-05
4.398560504067e-05
4.382571035573e-05
4.361890971926e-05
4.359036221788e-05
4.305313644310e-05
4.299199752560e-05
4.285450009212e-05
4.261512700625e-05
4.260824336720e-05
4.226741122362e-05
4.226180845644e-05
4.224453444112e-05
4.219822934974e-05
4.198446533123e-05
4.193639980371e-05
4.141267048703e-05
4.130921057601e-05
4.129099924618e-05
4.101902947436e-05
4.099251998357e-05
4.094331658261e-05
4.058699924534e-05
4.038896218974e-05
4.038330971869e-05
4.016647915722e-05
4.014422691310e-05
3.945295186101e-05
3.941895853952e-05
3.933750918627e-05
3.932604792411e-05
3.931393164233e-05
3.916003734318e-05
3.883119573355e-05
3.868771572896e-05
3.857266433782e-05
3.852009626416e-05
3.838173836855e-05
3.834192471316e-05
3.827344750053e-05
3.817084974935e-05
3.785287955229e-05
3.785052567624e-05
3.782247123176e-05
3.760023798528e-05
3.740478638014e-05
3.732229630521e-05
3.728227844080e-05
3.727415010256e-05
3.715594875533e-05
3.703931032009e-05
3.693168815958e-05
3.688627680301e-05
3.672877846357e-05
3.657231351778e-05
3.639984225598e-05
3.638259481372e-05
3.637998256547e-05
3.615425024072e-05
3.610289266290e-05
3.579869656853e-05
3.557274725771e-05
3.540007454529e-05
3.518422728827e-05
3.505163801188e-05
3.499421937570e-05
3.475207915284e-05
3.465385790598e-05
3.460885045546e-05
3.450074549445e-05
3.443429205115e-05
3.442944939817e-05
3.397322095666e-05
3.386118221319e-05
3.383400637377e-05
3.375008842952e-05
3.360393243737e-05
3.345154593806e-05
3.341745259309e-05
3.339883179040e-05
3.307360140651e-05
3.303710578869e-05
3.295488623079e-05
3.276325822606e-05
3.260937917858e-05
3.260183185273e-05
3.259371243286e-05
3.255048469850e-05
3.187352356815e-05
3.175285965180e-05
3.165250434233e-05
3.161418393077e-05
3.161175840296e-05
3.149391717778e-05
3.140819989980e-05
3.134456277600e-05
3.110236292977e-05
3.104145504197e-05
3.099712599695e-05
3.098270894512e-05
3.065732676772e-05
3.058115076657e-05
3.057578009407e-05
3.053499975717e-05
3.046715613159e-05
3.043618252042e-05
3.036107098899e-05
3.022875719218e-05
3.022075877377e-05
3.011580727551e-05
3.001665438202e-05
3.000801884667e-05
2.989592652453e-05
2.969840466871e-05
2.962954571517e-05
2.953306310618e-05
2.942335255658e-05
2.941698821780e-05
2.924402243023e-05
2.921573926844e-05
2.917725898272e-05
2.892080848980e-05
2.887644233898e-05
2.884392260148e-05
2.878850695651e-05
2.876848921309e-05
2.870859835624e-05
2.844638936262e-05
2.844152352613e-05
2.833866124820e-05
2.832043394882e-05
2.823687879277e-05
2.786379037078e-05
2.784923644123e-05
2.768987515128e-05
2.760977129552e-05
2.753703780969e-05
2.744660580871e-05
2.743311171241e-05
2.740519799759e-05
2.737631418327e-05
2.727687797481e-05
2.712101942189e-05
2.710750670633e-05
2.709452326144e-05
2.689219346278e-05
2.688209246536e-05
2.687360703714e-05
2.685831572768e-05
2.677187172223e-05
2.649471407309e-05
2.648072487532e-05
2.645697229729e-05
2.641155583080e-05
2.628484023482e-05
2.611439727089e-05
2.607440340432e-05
2.603685747858e-05
2.594188428233e-05
2.591329824008e-05
2.584283922366e-05
2.580986509835e-05
2.561513215234e-05
2.540935351313e-05
2.540484950718e-05
2.530041767813e-05
2.522827915561e-05
2.514989354192e-05
2.509274164498e-05
2.499230679775e-05
2.492599267406e-05
2.491283814940e-05
2.482566019460e-05
2.460635689611e-05
2.452993622932e-05
2.449732317664e-05
2.448471458740e-05
2.442150330083e-05
2.435238386750e-05
2.401586140072e-05
2.368771360269e-05
2.365357792065e-05
2.361889239137e-05
2.358702534257e-05
2.345348753316e-05
2.341982707227e-05
2.339800934308e-05
2.338376950790e-05
2.325992170362e-05
2.325065793083e-05
2.311902667735e-05
2.303961765538e-05
2.303811504792e-05
2.297029890949e-05
2.290447891746e-05
2.286431554643e-05
2.283330770277e-05
2.281399896369e-05
2.278416266199e-05
2.254724698418e-05
2.253397054905e-05
2.236767707439e-05
2.235036142650e-05
2.227239891492e-05
2.218173336868e-05
2.212839592472e-05
2.211248893776e-05
2.194659779233e-05
2.193349142070e-05
2.189992863688e-05
2.184736930770e-05
2.183191777056e-05
2.176393280323e-05
2.173796884485e-05
2.165003768796e-05
2.157426170647e-05
2.148002738196e-05
2.139427358541e-05
2.134572585574e-05
2.134511950360e-05
2.127505674679e-05
2.124473250030e-05
2.121647982534e-05
2.114618699071e-05
2.106796729502e-05
2.091917232340e-05
2.087202829080e-05
2.084412652025e-05
2.071395629781e-05
2.061271079384e-05
2.059887138335e-05
2.053288456585e-05
2.040494057010e-05
2.038712375204e-05
2.034160663665e-05
2.033404348212e-05
2.026008784114e-05
2.023940857098e-05
2.019840528933e-05
2.011188964694e-05
2.006255033585e-05
2.004764695066e-05
1.982256481037e-05
1.978864697254e-05
1.977760966445e-05
1.977038979424e-05
1.967661016402e-05
1.963199361007e-05
1.958469042391e-05
1.934979915750e-05
1.929351704434e-05
1.925864741878e-05
1.925539287092e-05
1.925046785202e-05
1.921672415496e-05
1.908504733496e-05
1.908371863282e-05
1.906146348193e-05
1.902555998001e-05
1.901803393413e-05
1.897669544349e-05
1.897359912085e-05
1.894984650120e-05
1.884892633664e-05
1.867571706760e-05
1.860754726907e-05
1.854935640562e-05
1.853405103080e-05
1.843460859113e-05
1.841365006733e-05
1.835803313460e-05
1.834867955209e-05
1.830523285524e-05
1.829224947205e-05
1.828901390440e-05
1.825910308587e-05
1.821053130526e-05
1.820891786039e-05
1.815137284608e-05
1.805847779548e-05
1.783160474250e-05
1.779402967651e-05
1.775674583157e-05
1.771226966588e-05
1.770877271668e-05
1.765568849834e-05
1.764896197196e-05
1.756561742148e-05
1.751932846761e-05
1.747508158998e-05
1.745618682963e-05
1.738479955646e-05
1.733316089732e-05
1.730859079514e-05
1.728417397813e-05
1.725841610397e-05
1.714983853254e-05
1.706395013609e-05
1.704940944878e-05
1.702743778128e-05
1.699035149008e-05
1.698963336858e-05
1.698443053765e-05
1.696716275549e-05
1.689007591066e-05
1.681757012128e-05
1.677191061831e-05
1.676875524857e-05
1.673510170333e-05
1.663365524585e-05
1.657585265279e-05
1.646769248919e-05
1.639354745031e-05
1.639173746273e-05
1.638135341322e-05
1.633950745018e-05
1.624609270292e-05
1.620612011308e-05
1.611850797408e-05
1.611415674162e-05
1.611369216559e-05
1.605927627977e-05
1.604937269011e-05
1.601373967285e-05
1.593613916710e-05
1.589413945295e-05
1.588779093074e-05
1.585678024720e-05
1.585387287628e-05
1.582144234945e-05
1.581949120765e-05
1.579117344707e-05
1.567530206831e-05
1.563868343795e-05
1.561782789321e-05
1.559152848560e-05
1.557987417749e-05
1.551835151407e-05
1.551752317433e-05
1.542955257903e-05
1.540298961717e-05
1.531173612020e-05
1.530902658765e-05
1.527733876508e-05
1.524801017094e-05
1.523819300024e-05
1.522690540503e-05
1.520316008373e-05
1.516928514835e-05
1.515501377615e-05
1.514960622352e-05
1.513331783246e-05
1.512344056623e-05
1.509260186327e-05
1.496553925911e-05
1.495526084315e-05
1.495447739165e-05
1.477912310277e-05
1.476242432369e-05
1.475031666053e-05
1.469338209480e-05
1.457970804443e-05
1.457349575130e-05
1.457174847590e-05
1.453385935319e-05
1.451691610174e-05
1.450678770270e-05
1.446318025319e-05
1.442520645653e-05
1.439102063543e-05
1.436470475310e-05
1.432581001068e-05
1.422977190590e-05
1.417376176787e-05
1.416387657520e-05
1.415488022522e-05
1.415394456048e-05
1.411246496513e-05
1.407178905701e-05
1.399526633667e-05
1.398532423632e-05
1.396723448151e-05
1.394752962422e-05
1.391053024408e-05
1.384945678893e-05
1.380180218447e-05
1.376056754738e-05
1.374087374241e-05
1.370251756733e-05
1.367583215259e-05
1.367428702429e-05
1.365827774984e-05
1.364714295279e-05
1.362591004668e-05
1.350305055848e-05
1.344961350264e-05
1.344344936574e-05
1.344302388064e-05
1.343656658910e-05
1.331540131671e-05
1.331082559276e-05
1.330671726124e-05
1.327525161569e-05
1.321414438414e-05
1.319694438812e-05
1.314893305648e-05
1.314179738830e-05
1.313724314508e-05
1.309662771191e-05
1.304321762305e-05
1.298213590879e-05
1.296905519999e-05
1.290032914888e-05
1.289509778654e-05
1.288115822019e-05
1.284647702758e-05
1.271393804480e-05
1.269647221227e-05
1.262111400889e-05
1.259724452415e-05
1.259412742790e-05
1.255274687614e-05
1.254600326515e-05
1.251020144508e-05
1.249659448520e-05
1.248308049451e-05
1.247016504993e-05
1.242641992938e-05
1.236333495733e-05
1.234981667633e-05
1.230534021064e-05
1.227976374032e-05
1.226276114446e-05
1.220764325270e-05
1.205539447961e-05
1.202362235328e-05
1.200859380537e-05
1.199404967909e-05
1.198882703950e-05
1.198197699535e-05
1.193964179001e-05
1.193726231195e-05
1.181695322429e-05
1.181237395152e-05
1.175986748557e-05
1.175914413073e-05
1.175064698197e-05
1.170499425671e-05
1.168723025333e-05
1.168625489010e-05
1.160783839030e-05
1.159676165587e-05
1.159338960448e-05
1.154233638802e-05
1.148253030751e-05
1.139349734216e-05
1.135030107320e-05
1.130158914690e-05
1.129716348969e-05
1.129247899529e-05
1.126965442180e-05
1.120969544796e-05
1.118697776867e-05
1.114561472312e-05
1.111077819672e-05
1.103745683464e-05
1.103094180192e-05
1.090062270332e-05
1.089904484126e-05
1.089464594372e-05
1.083504814687e-05
1.078781833142e-05
1.077212618922e-05
1.076180771233e-05
1.066322252694e-05
1.062462770848e-05
1.061493290944e-05
1.057843856467e-05
1.057366728810e-05
1.056846097131e-05
1.052069197152e-05
1.048675718763e-05
1.047796970353e-05
1.045544737878e-05
1.040667895376e-05
1.037193290958e-05
1.037107577396e-05
1.025350689910e-05
1.022778251690e-05
1.021610505802e-05
1.017561125637e-05
1.013582761871e-05
1.012149538184e-05
1.009628832158e-05
1.008459105039e-05
1.005507835464e-05
1.000126410628e-05
1.000040753759e-05
9.997224228340e-06
9.993378361662e-06
9.981621916666e-06
9.959011821074e-06
9.896994756354e-06
9.893082742700e-06
9.889964052869e-06
9.852690147217e-06
9.825386479177e-06
9.817760989620e-06
9.785431456409e-06
9.768238612782e-06
9.644331362031e-06
9.606431992055e-06
9.595251810558e-06
9.530534337844e-06
9.530041163133e-06
9.498788336492e-06
9.456427354042e-06
9.447643740741e-06
9.415782659811e-06
9.379748620706e-06
9.346073952750e-06
9.322346784596e-06
9.322338686630e-06
9.265812819974e-06
9.256715370297e-06
9.256414440358e-06
9.250985518574e-06
9.242783346222e-06
9.203382616186e-06
9.136187333703e-06
9.053816963482e-06
9.050577228289e-06
9.011582831103e-06
9.006807879121e-06
8.982330911705e-06
8.974985741178e-06
8.950704868006e-06
8.926906295591e-06
8.926643396476e-06
8.889261803477e-06
8.848158829925e-06
8.811588172553e-06
8.761200857667e-06
8.738201389845e-06
8.687090809874e-06
8.614412087403e-06
8.585375661200e-06
8.584409639107e-06
8.563629092160e-06
8.537808444236e-06
8.524715216251e-06
8.486915068258e-06
8.457872719000e-06
8.412025696856e-06
8.410961017117e-06
8.403146659751e-06
8.324562519718e-06
8.311118747181e-06
8.295027842132e-06
8.243650498271e-06
8.241520474043e-06
8.239794974659e-06
8.172765515882e-06
8.119064633667e-06
8.116889136483e-06
8.096559110606e-06
8.062667497918e-06
8.046490465251e-06
8.026503868869e-06
8.012213520341e-06
8.001985563465e-06
7.997805345630e-06
7.973018728530e-06
7.965170510441e-06
7.918748265919e-06
7.909088670261e-06
7.889345522890e-06
7.870958750730e-06
7.807181993935e-06
7.754245183122e-06
7.675504713732e-06
7.636632865686e-06
7.598896060303e-06
7.565336732712e-06
7.555374515931e-06
7.546074566359e-06
7.543780623591e-06
7.511682617139e-06
7.493281260434e-06
7.453414143072e-06
7.423606796456e-06
7.418674221814e-06
7.415459146476e-06
7.412812085147e-06
7.409926843937e-06
7.395439322737e-06
7.391212643661e-06
7.355751648854e-06
7.351239033103e-06
7.216407472485e-06
7.186173395585e-06
7.150942457584e-06
7.143538582173e-06
7.106698946100e-06
7.097628561919e-06
7.095387193514e-06
7.089146091984e-06
7.088661373743e-06
7.064129967065e-06
7.055250229917e-06
7.033307595443e-06
7.028174063286e-06
6.948932817365e-06
6.935490419198e-06
6.935462314191e-06
6.871694837684e-06
6.819029097774e-06
6.790672475945e-06
6.790116632940e-06
6.788156833593e-06
6.774928028357e-06
6.769103964500e-06
6.740863549069e-06
6.711472224793e-06
6.702039783315e-06
6.695037590410e-06
6.676685140099e-06
6.640703035811e-06
6.599981374285e-06
6.580045446029e-06
6.579914653420e-06
6.545376788837e-06
6.542926231963e-06
6.519337783473e-06
6.517878950603e-06
6.503779452690e-06
6.486807213138e-06
6.462264562595e-06
6.458513253294e-06
6.455989598641e-06
6.452170613530e-06
6.448339859791e-06
6.445517443675e-06
6.432114106688e-06
6.389215525612e-06
6.383668892632e-06
6.380301681276e-06
6.346880341355e-06
6.306134517365e-06
6.289721731058e-06
6.271044502207e-06
6.262343328100e-06
6.238550827372e-06
6.219529581921e-06
6.214337808088e-06
6.132457922720e-06
6.120882007280e-06
6.120744898771e-06
6.108238471121e-06
6.103753520091e-06
6.097168872056e-06
6.083608650771e-06
6.048504233079e-06
6.037418465495e-06
6.014175765604e-06
5.991664257917e-06
5.946627133289e-06
5.912832992171e-06
5.902583430708e-06
5.900793728816e-06
5.900125481289e-06
5.895083914344e-06
5.882327862469e-06
5.871245806966e-06
5.828937983895e-06
5.828846041391e-06
5.826349994479e-06
5.808590832547e-06
5.794802053290e-06
5.776135940463e-06
5.770075860219e-06
5.768579914829e-06
5.745566518372e-06
5.697549283177e-06
5.683223556527e-06
5.680549106941e-06
5.649728392198e-06
5.606534785299e-06
5.603569484634e-06
5.589592079446e-06
5.575919449385e-06
5.571850213124e-06
5.561615514888e-06
5.548099540377e-06
5.543174870720e-06
5.520920592844e-06
5.514810651481e-06
5.511144556880e-06
5.479384888779e-06
5.469079383622e-06
5.465434595256e-06
5.463992222436e-06
5.462441411187e-06
5.446906983974e-06
5.416095542864e-06
5.414130605701e-06
5.395607563954e-06
5.391410552127e-06
5.390008646039e-06
5.386461222531e-06
5.346544048807e-06
5.341925774035e-06
5.322906284746e-06
5.314875033808e-06
5.308671027427e-06
5.307723070087e-06
5.259080227061e-06
5.259071655848e-06
5.248344844216e-06
5.245170574363e-06
5.240374010328e-06
5.228003425241e-06
5.218423811743e-06
5.199988537275e-06
5.173544354163e-06
5.170522328487e-06
5.140645772176e-06
5.139628992521e-06
5.132727619213e-06
5.101453735722e-06
5.086452964805e-06
5.081517133332e-06
5.074418951251e-06
5.066659584830e-06
5.055998866587e-06
5.027775843155e-06
5.027290029831e-06
5.021341474226e-06
5.013711444452e-06
5.001783062317e-06
5.001099735571e-06
4.987675839787e-06
4.954435259026e-06
4.941944898617e-06
4.941226546910e-06
4.927203858704e-06
4.917323126212e-06
4.914272489610e-06
4.904527164722e-06
4.882354714027e-06
4.870802549381e-06
4.860536876223e-06
4.852174396754e-06
4.844304762660e-06
4.843921790319e-06
4.838933282113e-06
4.815503934176e-06
4.812222957136e-06
4.801948139509e-06
4.778215839141e-06
4.773802749315e-06
4.764585136945e-06
4.760931559016e-06
4.739572832729e-06
4.732379452429e-06
4.732226208920e-06
4.725376632277e-06
4.709387587052e-06
4.702328605877e-06
4.696296001090e-06
4.692611811001e-06
4.678462150308e-06
4.677048432849e-06
4.650442980069e-06
4.613875715616e-06
4.610746929141e-06
4.606971737873e-06
4.580791180599e-06
4.566731657975e-06
4.559209765687e-06
4.557360055801e-06
4.551773638202e-06
4.548617581221e-06
4.538398017376e-06
4.529274723844e-06
4.519999991248e-06
4.514932920201e-06
4.471391162586e-06
4.453601357547e-06
4.452939767537e-06
4.447553939180e-06
4.443712078429e-06
4.440200267899e-06
4.431223169730e-06
4.402095251368e-06
4.399211391289e-06
4.392682823647e-06
4.377342795614e-06
4.376473630568e-06
4.347351586807e-06
4.338677374611e-06
4.324790048158e-06
4.322608617911e-06
4.306242310995e-06
4.297133129572e-06
4.292614442691e-06
4.287943779557e-06
4.278976357112e-06
4.274739083080e-06
4.260804848915e-06
4.251599195149e-06
4.244265657402e-06
4.223263566939e-06
4.218680279931e-06
4.214254168528e-06
4.208186024939e-06
4.165081729842e-06
4.161296506707e-06
4.159308742746e-06
4.153574683226e-06
4.141186715643e-06
4.124812516914e-06
4.119824201880e-06
4.109247787570e-06
4.106022382569e-06
4.101318764872e-06
4.098110335238e-06
4.097421267265e-06
4.066379134405e-06
4.051018843799e-06
4.050992316236e-06
4.049702654629e-06
4.049035907208e-06
4.046998378270e-06
4.027873448535e-06
4.012971822806e-06
4.003653074299e-06
3.992702770609e-06
3.979649058143e-06
3.972643289090e-06
3.966560230620e-06
3.943425432333e-06
3.931594601769e-06
3.923571423135e-06
3.913847582404e-06
3.902073089446e-06
3.896072793884e-06
3.888407921976e-06
3.887991389972e-06
3.866605544806e-06
3.865520709138e-06
3.860659708552e-06
3.859614780218e-06
3.854491746127e-06
3.842498059218e-06
3.840685371648e-06
3.830120502159e-06
3.828702046341e-06
3.826127258816e-06
3.814842437395e-06
3.808546699271e-06
3.800682762385e-06
3.794949994916e-06
3.786609383466e-06
3.772831116584e-06
3.756325953276e-06
3.752827812195e-06
3.748367641269e-06
3.732257673348e-06
3.723204563280e-06
3.717354059676e-06
3.707390086094e-06
3.689626643300e-06
3.685305406414e-06
3.682891222636e-06
3.676886836063e-06
3.672209817715e-06
3.671984679336e-06
3.671320256112e-06
3.648657364812e-06
3.643166624234e-06
3.640488442352e-06
3.638511581399e-06
3.624676033931e-06
3.624379950208e-06
3.610811772775e-06
3.605301838580e-06
3.575069536002e-06
3.574940872098e-06
3.567281604492e-06
3.564717921360e-06
3.549210435194e-06
3.547799485659e-06
3.546939170619e-06
3.546038166788e-06
3.520537783756e-06
3.514896801568e-06
3.507979962586e-06
3.488286093884e-06
3.484211012134e-06
3.482204725615e-06
3.478282477884e-06
3.471810537892e-06
3.465891761054e-06
3.463140755043e-06
3.460327654900e-06
3.455881455153e-06
3.443081296432e-06
3.435582334105e-06
3.433855444764e-06
3.429648221773e-06
3.427665053046e-06
3.424993332812e-06
3.410747429611e-06
3.408035688728e-06
3.405402057762e-06
3.388254271273e-06
3.382944430116e-06
3.379372954679e-06
3.378275588444e-06
3.370646130262e-06
3.363733292291e-06
3.353957627716e-06
3.340911349772e-06
3.339610543461e-06
3.334538553719e-06
3.334215042318e-06
3.327376678556e-06
3.319988044316e-06
3.315485899118e-06
3.297554801621e-06
3.294609752059e-06
3.289333970684e-06
3.288354592136e-06
3.287325968952e-06
3.268628862213e-06
3.258471964519e-06
3.254192577879e-06
3.249813756472e-06
3.239166516570e-06
3.234137563897e-06
3.221197143906e-06
3.220790309770e-06
3.214061498816e-06
3.206870847213e-06
3.206845044125e-06
3.197247183267e-06
3.196435901402e-06
3.184384675184e-06
3.181964144903e-06
3.177991983425e-06
3.154887012886e-06
3.149935886967e-06
3.145782264868e-06
3.139243284166e-06
3.138155107952e-06
3.132443992508e-06
3.114787839544e-06
3.113735900910e-06
3.113582260600e-06
3.113555881570e-06
3.106849504220e-06
3.106844334672e-06
3.100567808442e-06
3.096838012023e-06
3.075345477058e-06
3.073106617303e-06
3.063861925823e-06
3.061846999509e-06
3.061714379270e-06
3.046107353234e-06
3.045570598646e-06
3.040811189461e-06
3.028428527258e-06
3.017454074420e-06
3.011725475947e-06
3.009711726812e-06
2.980254297997e-06
2.978536753005e-06
2.978508619166e-06
2.974160883999e-06
2.973537295100e-06
2.971972108389e-06
2.971098295702e-06
2.957254645748e-06
2.954499286060e-06
2.943769744715e-06
2.938102913201e-06
2.937151072333e-06
2.922342767386e-06
2.911225004264e-06
2.910045260086e-06
2.897716794941e-06
2.896428579182e-06
2.893486013086e-06
2.881800931763e-06
2.863839901810e-06
2.861108079107e-06
2.860230220130e-06
2.853949472670e-06
2.853316887300e-06
2.852287446074e-06
2.847450244879e-06
2.843420880301e-06
2.841045419806e-06
2.830850027733e-06
2.828032585781e-06
2.826489948647e-06
2.822765105071e-06
2.807992643134e-06
2.791779292705e-06
2.788442289203e-06
2.781119731916e-06
2.776452814852e-06
2.776227289545e-06
2.756377847819e-06
2.745148824117e-06
2.744500773647e-06
2.732978278984e-06
2.730876591554e-06
2.730355914591e-06
2.723425730335e-06
2.719307157132e-06
2.712892406927e-06
2.712431376453e-06
2.707361122889e-06
2.703951534698e-06
2.694119277644e-06
2.689354592535e-06
2.687086224556e-06
2.679006230555e-06
2.678116407174e-06
2.675929376888e-06
2.671977880001e-06
2.654748460250e-06
2.648402769154e-06
2.639398677123e-06
2.635237994788e-06
2.633188537925e-06
2.630820067748e-06
2.624642139009e-06
2.623651441860e-06
2.617490983075e-06
2.605299282442e-06
2.605248080904e-06
2.601077388853e-06
2.601070937702e-06
2.596308960645e-06
2.592085285235e-06
2.581395578519e-06
2.577528685948e-06
2.568534695710e-06
2.559995632004e-06
2.557491777226e-06
2.553985313722e-06
2.553020725659e-06
2.551841447983e-06
2.541241249733e-06
2.539594365671e-06
2.535597354467e-06
2.535300070912e-06
2.530193078908e-06
2.518689960828e-06
2.513983119200e-06
2.505574341744e-06
2.495783027835e-06
2.490769443019e-06
2.488201307332e-06
2.479389672874e-06
2.478488765724e-06
2.475693598483e-06
2.475208494474e-06
2.468174655106e-06
2.465269370797e-06
2.452567109694e-06
2.451410729784e-06
2.445168072796e-06
2.441436571177e-06
2.436024496382e-06
2.429913323697e-06
2.426981273993e-06
2.424409434776e-06
2.424026702040e-06
2.400045387228e-06
2.398920467514e-06
2.398477688938e-06
2.394850320290e-06
2.391635583038e-06
2.391415243226e-06
2.388648858812e-06
2.387390827443e-06
2.382163451262e-06
2.379133329728e-06
2.378155015831e-06
2.377832258130e-06
2.370898669912e-06
2.367651631498e-06
2.367521096332e-06
2.351270477879e-06
2.350258567437e-06
2.342766035812e-06
2.337413121964e-06
2.332221024148e-06
2.329823461103e-06
2.322247131993e-06
2.321688260834e-06
2.314300814386e-06
2.309929763116e-06
2.307299655307e-06
2.303735773196e-06
2.297969250315e-06
2.291177959697e-06
2.276356650395e-06
2.272896584751e-06
2.260140974695e-06
2.258473363925e-06
2.244559678705e-06
2.243374189544e-06
2.241738363976e-06
2.236881941162e-06
2.226890595853e-06
2.224803628754e-06
2.223118349977e-06
2.222588950604e-06
2.220739304677e-06
2.218086880904e-06
2.212600292788e-06
2.210208910691e-06
2.202121214332e-06
2.195312955039e-06
2.188877676505e-06
2.186975023821e-06
2.176158541759e-06
2.174407978351e-06
2.170927100866e-06
2.166227759558e-06
2.161061665834e-06
2.159666408553e-06
2.158627307390e-06
2.149567981369e-06
2.145465753769e-06
2.140388845057e-06
2.139319525065e-06
2.139072938188e-06
2.138735713777e-06
2.130369768029e-06
2.124172815107e-06
2.122260124004e-06
2.115814782662e-06
2.113964663307e-06
2.106249667038e-06
2.103646334572e-06
2.100997765633e-06
2.098182997920e-06
2.095746566392e-06
2.092625292180e-06
2.087507152313e-06
2.086796624403e-06
2.082433646922e-06
2.077764292309e-06
2.073860287771e-06
2.068781023179e-06
2.056032185636e-06
2.055341363205e-06
2.049274253449e-06
2.039744219322e-06
2.037385634651e-06
2.036569441290e-06
2.036011883845e-06
2.032872597602e-06
2.028779863262e-06
2.027516353973e-06
2.020362179879e-06
2.015042496774e-06
2.012751129719e-06
2.010117648669e-06
2.000005522730e-06
1.984333644805e-06
1.983087346345e-06
1.981661629567e-06
1.973675327904e-06
1.963545294600e-06
1.961865188180e-06
1.957363834057e-06
1.953779259942e-06
1.951596710960e-06
1.941449293333e-06
1.941004233826e-06
1.935331845052e-06
1.931664088589e-06
1.928629400788e-06
1.921519482830e-06
1.917325395607e-06
1.914537296141e-06
1.902157083269e-06
1.900245874480e-06
1.900116353315e-06
1.896103386267e-06
1.893399126987e-06
1.887944015013e-06
1.885816660151e-06
1.883862700793e-06
1.881129570288e-06
1.873028832370e-06
1.864455504422e-06
1.862743743086e-06
1.862134480283e-06
1.857492619379e-06
1.857179219749e-06
1.853438392633e-06
1.844000822527e-06
1.843234879200e-06
1.842639648541e-06
1.841210402617e-06
1.827949023008e-06
1.824849930679e-06
1.822519045334e-06
1.816427727187e-06
1.813270378811e-06
1.808283929178e-06
1.802520121786e-06
1.798716838194e-06
1.798558669146e-06
1.783319989645e-06
1.782852609511e-06
1.781386685568e-06
1.781275157688e-06
1.780335406279e-06
1.776620828070e-06
1.768699826743e-06
1.768411655432e-06
1.768060791266e-06
1.764223316604e-06
1.763087020304e-06
1.756477533422e-06
1.753269084496e-06
1.750736951428e-06
1.738832987409e-06
1.737954596572e-06
1.736802588522e-06
1.732037674485e-06
1.731040339679e-06
1.724176278977e-06
1.721770040244e-06
1.721744102352e-06
1.717830610606e-06
1.707716251188e-06
1.704787726205e-06
1.704049109090e-06
1.698353372605e-06
1.695023565895e-06
1.692147424517e-06
1.681345370714e-06
1.678886713226e-06
1.678371421799e-06
1.677244890885e-06
1.674713055208e-06
1.666011273674e-06
1.662606217362e-06
1.654878905499e-06
1.643338739372e-06
1.642061262669e-06
1.640728266822e-06
1.640593219069e-06
1.637590580908e-06
1.636442252756e-06
1.634206573838e-06
1.627904737475e-06
1.616219900080e-06
1.614067496371e-06
1.613973909553e-06
1.610419173694e-06
1.608242374319e-06
1.606224678005e-06
1.603221565765e-06
1.602186863275e-06
1.601451466735e-06
1.598339639376e-06
1.592861395591e-06
1.585556180693e-06
1.585308419582e-06
1.583528326264e-06
1.582345183814e-06
1.580954925844e-06
1.579419818501e-06
1.577910785164e-06
1.570382069241e-06
1.569559996174e-06
1.567892037119e-06
1.560773556815e-06
1.555634096318e-06
1.551243031233e-06
1.547915359761e-06
1.543191877396e-06
1.541713381800e-06
1.538267625632e-06
1.535680302899e-06
1.530693560521e-06
1.525282715157e-06
1.525004005025e-06
1.522514660460e-06
1.520049401652e-06
1.512472234595e-06
1.509949987785e-06
1.508104827779e-06
1.502654329965e-06
1.497703488169e-06
1.495073118169e-06
1.494227624804e-06
1.494124622977e-06
1.489594575209e-06
1.487624207533e-06
1.484821488402e-06
1.474722908199e-06
1.472573705764e-06
1.466492937437e-06
1.463390002118e-06
1.460835591309e-06
1.457296539017e-06
1.456282783524e-06
1.456222231477e-06
1.452350161962e-06
1.447211503367e-06
1.445379033251e-06
1.440137733398e-06
1.436991360107e-06
1.436931033281e-06
1.432603977699e-06
1.432028941566e-06
1.417456354323e-06
1.416078505522e-06
1.415853135418e-06
1.413178749576e-06
1.408536563414e-06
1.404028897663e-06
1.398126970646e-06
1.397539559060e-06
1.395953344397e-06
1.395522480795e-06
1.392527484744e-06
1.392248156711e-06
1.389235903568e-06
1.382973876703e-06
1.381813874501e-06
1.371583864918e-06
1.367985686374e-06
1.367310318897e-06
1.367238036339e-06
1.367128315140e-06
1.365581848177e-06
1.358450854202e-06
1.356884939316e-06
1.356330043491e-06
1.347302594566e-06
1.343247376003e-06
1.342043727033e-06
1.338907166562e-06
1.334635750044e-06
1.332683073796e-06
1.330496512009e-06
1.329221018386e-06
1.320330219497e-06
1.319535778070e-06
1.316710165463e-06
1.315467673628e-06
1.310774878389e-06
1.310144990149e-06
1.309867285539e-06
1.307581650209e-06
1.305144889280e-06
1.302685473995e-06
1.302467797833e-06
1.288633681640e-06
1.288242454547e-06
1.287702953363e-06
1.281719633645e-06
1.275561170010e-06
1.272972235886e-06
1.272362541323e-06
1.269764701952e-06
1.265680851570e-06
1.263976640315e-06
1.262667687190e-06
1.260513060538e-06
1.259309343765e-06
1.259025751089e-06
1.252475250152e-06
1.251738553571e-06
1.250211997720e-06
1.245578846029e-06
1.242446299783e-06
1.242386883229e-06
1.240228502774e-06
1.239701602598e-06
1.238598644748e-06
1.236053395336e-06
1.227792805350e-06
1.226360130346e-06
1.223556370588e-06
1.222721830689e-06
1.222345455220e-06
1.217446879818e-06
1.215417323106e-06
1.204678770395e-06
1.201759794944e-06
1.201365731324e-06
1.196674165828e-06
1.196321035408e-06
1.191483463415e-06
1.191345122286e-06
1.190250093929e-06
1.188061100495e-06
1.188002878096e-06
1.187462969215e-06
1.186266521654e-06
1.181993533963e-06
1.178022388105e-06
1.176190970740e-06
1.174264635590e-06
1.173684125458e-06
1.172278501491e-06
1.169466734859e-06
1.167392640264e-06
1.162383613712e-06
1.159569471040e-06
1.158233744744e-06
1.156285191820e-06
1.154421547268e-06
1.153141340858e-06
1.146393134951e-06
1.145068790382e-06
1.144992688497e-06
1.141187716882e-06
1.139367412176e-06
1.139128926514e-06
1.136287235696e-06
1.134176212096e-06
1.130762836791e-06
1.129307988678e-06
1.127825309138e-06
1.124578338269e-06
1.123228276066e-06
1.120455410596e-06
1.116452279997e-06
1.114389639592e-06
1.114002295531e-06
1.113804094736e-06
1.105996356387e-06
1.101917770859e-06
1.101431258096e-06
1.100156957497e-06
1.098973208332e-06
1.092745053646e-06
1.089122722875e-06
1.088334067111e-06
1.087760786988e-06
1.087538756027e-06
1.087509624327e-06
1.084388174315e-06
1.079721507489e-06
1.077404263658e-06
1.076542269248e-06
1.075901867274e-06
1.075000256020e-06
1.072187430491e-06
1.063766073102e-06
1.063420322601e-06
1.059988180747e-06
1.059877485617e-06
1.058985026333e-06
1.055721320636e-06
1.054502364526e-06
1.052869505969e-06
1.052166745515e-06
1.051613461951e-06
1.046600322119e-06
1.044589472474e-06
1.044428949173e-06
1.043238850249e-06
1.036090525290e-06
1.036012362944e-06
1.033796684148e-06
1.033708806970e-06
1.027986249004e-06
1.027114541979e-06
1.027097270908e-06
1.025948163276e-06
1.020120028812e-06
1.017507895154e-06
1.012344242676e-06
1.012142375374e-06
1.005971855650e-06
1.005616958676e-06
1.005486886068e-06
1.004969725432e-06
1.000819522335e-06
9.965159493766e-07
9.961298004663e-07
9.953626640720e-07
9.938453048030e-07
9.918237669999e-07
9.909614388763e-07
9.890901494958e-07
9.888219701238e-07
9.875189596511e-07
9.870302423353e-07
9.827128061315e-07
9.792842796359e-07
9.753851493821e-07
9.740513411277e-07
9.740361579789e-07
9.737972283175e-07
9.694678456233e-07
9.686695045392e-07
9.678394826752e-07
9.663041967944e-07
9.649270611866e-07
9.647372798045e-07
9.644986465223e-07
9.641823182696e-07
9.628183390388e-07
9.551956232668e-07
9.547806015538e-07
9.437539740187e-07
9.429874727848e-07
9.425168280079e-07
9.413511761181e-07
9.373693905099e-07
9.338556601013e-07
9.329343746760e-07
9.308787770442e-07
9.305092623789e-07
9.245563985505e-07
9.240971239775e-07
9.233218893957e-07
9.214636232989e-07
9.210048941114e-07
9.191346942738e-07
9.162379130443e-07
9.149785457822e-07
9.148921220838e-07
9.146402680082e-07
9.130768272358e-07
9.111772118352e-07
9.086716884074e-07
9.075521473659e-07
9.049695598780e-07
9.010030920293e-07
9.002465751492e-07
8.980440631532e-07
8.965267806143e-07
8.957733665477e-07
8.939210718651e-07
8.930254959735e-07
8.929601498546e-07
8.883755470745e-07
8.864038034320e-07
8.840908646801e-07
8.830360917959e-07
8.809360109482e-07
8.753216555094e-07
8.745574135393e-07
8.732586855024e-07
8.721963418921e-07
8.706613806853e-07
8.694305909824e-07
8.683571813847e-07
8.643125152665e-07
8.598771419376e-07
8.596594642963e-07
8.581930047770e-07
8.565756432493e-07
8.529738567508e-07
8.519083799787e-07
8.515050479149e-07
8.474790087666e-07
8.469303746631e-07
8.461393886658e-07
8.441416517124e-07
8.440699726641e-07
8.411742930899e-07
8.406998082834e-07
8.391332885619e-07
8.370597735015e-07
8.360576173104e-07
8.359064878872e-07
8.335679910594e-07
8.319561587394e-07
8.303854130066e-07
8.295876138421e-07
8.287677188135e-07
8.235836406809e-07
8.219996176640e-07
8.174247928173e-07
8.172685983061e-07
8.163612449811e-07
8.109311908563e-07
8.107978710142e-07
8.097229999193e-07
8.096564057494e-07
8.068586842151e-07
8.043290669068e-07
8.021597583976e-07
8.001326843408e-07
7.975433668103e-07
7.974438689557e-07
7.949539334889e-07
7.935335439600e-07
7.916602029341e-07
7.914476242970e-07
7.903944363853e-07
7.871002868589e-07
7.859936674100e-07
7.855541513781e-07
7.847636126247e-07
7.836268783520e-07
7.816604842504e-07
7.783685359900e-07
7.761451204090e-07
7.751805270958e-07
7.732588397301e-07
7.731992226727e-07
7.718773739269e-07
7.708061777535e-07
7.700206813674e-07
7.694371683598e-07
7.626918635844e-07
7.605255888631e-07
7.604343125007e-07
7.583997513337e-07
7.578248800900e-07
7.575661878407e-07
7.532307265087e-07
7.528157885827e-07
7.522593120188e-07
7.496175023151e-07
7.483120733864e-07
7.475629862749e-07
7.458077479937e-07
7.457851025139e-07
7.446148287161e-07
7.411512435545e-07
7.386832725301e-07
7.359706509787e-07
7.346082144098e-07
7.334872177472e-07
7.324751638666e-07
7.297152417781e-07
7.276643185663e-07
7.263215101876e-07
7.252013172044e-07
7.249928111534e-07
7.226458336555e-07
7.224659122927e-07
7.221964329112e-07
7.209671354712e-07
7.183685848989e-07
7.176806787579e-07
7.172123701178e-07
7.165127337090e-07
7.147950874873e-07
7.133837703553e-07
7.102876314315e-07
7.102714540260e-07
7.090064278866e-07
7.064855900105e-07
7.032080175688e-07
7.006307156383e-07
6.994288662248e-07
6.989587950409e-07
6.959318378501e-07
6.938507885092e-07
6.929440329037e-07
6.912176917067e-07
6.900076028966e-07
6.895524099688e-07
6.891818818623e-07
6.880134978474e-07
6.867479503225e-07
6.820634595521e-07
6.816853856979e-07
6.791579809214e-07
6.775519204322e-07
6.767899449579e-07
6.738444823978e-07
6.733380165049e-07
6.717013843373e-07
6.712351031210e-07
6.702047571188e-07
6.692882881472e-07
6.685715789521e-07
6.674180753463e-07
6.655491362774e-07
6.641594673871e-07
6.625249146532e-07
6.624954580085e-07
6.592249892741e-07
6.566352923453e-07
6.553975353649e-07
6.541224512265e-07
6.533145535736e-07
6.532478763364e-07
6.526264349718e-07
6.513943082761e-07
6.509138504967e-07
6.475503807145e-07
6.472847780063e-07
6.434643991507e-07
6.416593411529e-07
6.407324417378e-07
6.390120615522e-07
6.384095322149e-07
6.356589251556e-07
6.352820295887e-07
6.339650827080e-07
6.336080100302e-07
6.315248917505e-07
6.306203235041e-07
6.305101618906e-07
6.302080291400e-07
6.260222016263e-07
6.256749427920e-07
6.228791238711e-07
6.208822750696e-07
6.191604831440e-07
6.171410962762e-07
6.164879475179e-07
6.164408513094e-07
6.160039578878e-07
6.141884222964e-07
6.129616566557e-07
6.093044570865e-07
6.086663307792e-07
6.080770603254e-07
6.064100353704e-07
6.047608482693e-07
6.020460397574e-07
6.000781369893e-07
5.962411644464e-07
5.958383728285e-07
5.951686764877e-07
5.949914718809e-07
5.943442216969e-07
5.933254483456e-07
5.920952279708e-07
5.917173161737e-07
5.908382365889e-07
5.880845975542e-07
5.877180425377e-07
5.869258401521e-07
5.854248694435e-07
5.824150858535e-07
5.814575224950e-07
5.803078394763e-07
5.793617498465e-07
5.793570035278e-07
5.778974627887e-07
5.763918822406e-07
5.743626398526e-07
5.731849038263e-07
5.707198619817e-07
5.671093860412e-07
5.670627891183e-07
5.621969369612e-07
5.618162459173e-07
5.600332595054e-07
5.586477327042e-07
5.584442509555e-07
5.578893071512e-07
5.573650853996e-07
5.565724759002e-07
5.563675403027e-07
5.563110179599e-07
5.556321811215e-07
5.510933860493e-07
5.508611389557e-07
5.507839399906e-07
5.501382260775e-07
5.496667456376e-07
5.471549644210e-07
5.439553243907e-07
5.422190833773e-07
5.420408509215e-07
5.419662073256e-07
5.396819096170e-07
5.392048328462e-07
5.380489143114e-07
5.372617353771e-07
5.351711915612e-07
5.345233494769e-07
5.344592387690e-07
5.325596532075e-07
5.318911501506e-07
5.313893688464e-07
5.296050443040e-07
5.259065368237e-07
5.250995347875e-07
5.238937788763e-07
5.218537422526e-07
5.213286529927e-07
5.203908525890e-07
5.184900636310e-07
5.170890536280e-07
5.158841251771e-07
5.154704368393e-07
5.146873664340e-07
5.126143330476e-07
5.111975105702e-07
5.104590008509e-07
5.090258497815e-07
5.089336074812e-07
5.082266382589e-07
5.080379311007e-07
5.070999985772e-07
5.042955909198e-07
5.026863839346e-07
5.008344028756e-07
4.998831290752e-07
4.996011254192e-07
4.975431666955e-07
4.969508142562e-07
4.961381413116e-07
4.952930290907e-07
4.940654890333e-07
4.930997834931e-07
4.921958122119e-07
4.913222113754e-07
4.903734814447e-07
4.901630860061e-07
4.899689976039e-07
4.888807528971e-07
4.886238215940e-07
4.881539526332e-07
4.856556728131e-07
4.849559211900e-07
4.819255916270e-07
4.812759308823e-07
4.780624194841e-07
4.772264768425e-07
4.769975450267e-07
4.758380411852e-07
4.748524630605e-07
4.744666128612e-07
4.744376645286e-07
4.731682594219e-07
4.692746490439e-07
4.679056152972e-07
4.677695391336e-07
4.649407122458e-07
4.649395137766e-07
4.643750563591e-07
4.636606553779e-07
4.636587875380e-07
4.634522062351e-07
4.599004161701e-07
4.586745421501e-07
4.585034129740e-07
4.583519297415e-07
4.569978690126e-07
4.563575991786e-07
4.552646563195e-07
4.542485425616e-07
4.530191829299e-07
4.527187737535e-07
4.526924821407e-07
4.516230944044e-07
4.514905891717e-07
4.511361082887e-07
4.458581142977e-07
4.455544969780e-07
4.449070511557e-07
4.429455799109e-07
4.429431701055e-07
4.427714451349e-07
4.426422191638e-07
4.422189083360e-07
4.388257066153e-07
4.373700490993e-07
4.348137498220e-07
4.344709402064e-07
4.331135578585e-07
4.308304545767e-07
4.304644474006e-07
4.295214397737e-07
4.291045837092e-07
4.283127267923e-07
4.282182241797e-07
4.277891971036e-07
4.246102822908e-07
4.244406880060e-07
4.235686521544e-07
4.221859193613e-07
4.218698680309e-07
4.210643713338e-07
4.208540012481e-07
4.202997468280e-07
4.186177996341e-07
4.183581890403e-07
4.183421132083e-07
4.176669530794e-07
4.174934559205e-07
4.164908502491e-07
4.125584201270e-07
4.096818054406e-07
4.081407645164e-07
4.078912008122e-07
4.076796554459e-07
4.065118260841e-07
4.049366728242e-07
4.046962452007e-07
4.022801845234e-07
4.019704114437e-07
4.004476815359e-07
3.999802865143e-07
3.991117027861e-07
3.988579797920e-07
3.985430599055e-07
3.983983488542e-07
3.980911002671e-07
3.970329539707e-07
3.950018483495e-07
3.946351619357e-07
3.929070934487e-07
3.900695939101e-07
3.893512578838e-07
3.893486947657e-07
3.893084331987e-07
3.882725735129e-07
3.873131839114e-07
3.855034711579e-07
3.846729591872e-07
3.840207887789e-07
3.824710917622e-07
3.819580393254e-07
3.818351140305e-07
3.815397073646e-07
3.797719329647e-07
3.786811369648e-07
3.781318266176e-07
3.777992336449e-07
3.775263702275e-07
3.762069199287e-07
3.760854965565e-07
3.753579371979e-07
3.742941741150e-07
3.732306624853e-07
3.722851924000e-07
3.681881882525e-07
3.678893952331e-07
3.678191600576e-07
3.652681827807e-07
3.649037463274e-07
3.644126991307e-07
3.643621489618e-07
3.634097510141e-07
3.629414664431e-07
3.622235084983e-07
3.618473050806e-07
3.593151634871e-07
3.580682554357e-07
3.574678444693e-07
3.561200197714e-07
3.560100980919e-07
3.558054412503e-07
3.555601136637e-07
3.554028038128e-07
3.550767204865e-07
3.544576250861e-07
3.530250962922e-07
3.520974964114e-07
3.516936185763e-07
3.499414174700e-07
3.490464408810e-07
3.486510669965e-07
3.462185902315e-07
3.454600821910e-07
3.438929407180e-07
3.424437539845e-07
3.423416894413e-07
3.410737356134e-07
3.399961467520e-07
3.399781798760e-07
3.386039914985e-07
3.385534816960e-07
3.381687378200e-07
3.380919535424e-07
3.377267805107e-07
3.373456873197e-07
3.362707714746e-07
3.360311786138e-07
3.334106676130e-07
3.333541479656e-07
3.330615169454e-07
3.303821794141e-07
3.294592591971e-07
3.294413230505e-07
3.293202947086e-07
3.292603609039e-07
3.284607596075e-07
3.277919877836e-07
3.270066099153e-07
3.266633410183e-07
3.240757702999e-07
3.233621767338e-07
3.227823931307e-07
3.212016738313e-07
3.201897647557e-07
3.196505749547e-07
3.196016424896e-07
3.186353598440e-07
3.174616739932e-07
3.164817591182e-07
3.158726209011e-07
3.148614608454e-07
3.130615450304e-07
3.116001125443e-07
3.114889086481e-07
3.096546367261e-07
3.095618866175e-07
3.095175879670e-07
3.084907147062e-07
3.066502473101e-07
3.066474525591e-07
3.042791765381e-07
3.041443836499e-07
3.038893440151e-07
3.020417463711e-07
3.015663633072e-07
3.009082854127e-07
3.005502370521e-07
3.004559771315e-07
2.987082406370e-07
2.986249051888e-07
2.985673996618e-07
2.967403900440e-07
2.961650079647e-07
2.959447775643e-07
2.955794880863e-07
2.949846736916e-07
2.948489359067e-07
2.939434598272e-07
2.927639738014e-07
2.924869652966e-07
2.921818076886e-07
2.894506806868e-07
2.893483925682e-07
2.881707916686e-07
2.871925580029e-07
2.870843867393e-07
2.866391789798e-07
2.858985601640e-07
2.853693334796e-07
2.845904364351e-07
2.832543863577e-07
2.821257783345e-07
2.813448427802e-07
2.805511118385e-07
2.797960602383e-07
2.780605956533e-07
2.778119972107e-07
2.773381077740e-07
2.757725832802e-07
2.754646734649e-07
2.750554492707e-07
2.750029245543e-07
2.745890245595e-07
2.741526769653e-07
2.738564767857e-07
2.734555927460e-07
2.727272451793e-07
2.725505339570e-07
2.722448113831e-07
2.721659680799e-07
2.714575212495e-07
2.704853981527e-07
2.689443993133e-07
2.683038652991e-07
2.660300102574e-07
2.659648136750e-07
2.655543065807e-07
2.650870224149e-07
2.638335665050e-07
2.634077944926e-07
2.628912906193e-07
2.621898951682e-07
2.621547032338e-07
2.614658455285e-07
2.613557465766e-07
2.600215671830e-07
2.590054528601e-07
2.584910955783e-07
2.582003544050e-07
2.572796062293e-07
2.567709491620e-07
2.563117593061e-07
2.561710206654e-07
2.553250239430e-07
2.545976252900e-07
2.538419630198e-07
2.526710360107e-07
2.526423268021e-07
2.518050971082e-07
2.508086941078e-07
2.498678905455e-07
2.494629551306e-07
2.494132886867e-07
2.493368323282e-07
2.490737196671e-07
2.486597627741e-07
2.474879371444e-07
2.473502507832e-07
2.457056467817e-07
2.449186269983e-07
2.442024752004e-07
2.439904108860e-07
2.431567565563e-07
2.426406616266e-07
2.424158255431e-07
2.422070822461e-07
2.420080704052e-07
2.400949683319e-07
2.399272295934e-07
2.394937239531e-07
2.386661713102e-07
2.384859953083e-07
2.383975108493e-07
2.366986148997e-07
2.356068914269e-07
2.347748596005e-07
2.336692861804e-07
2.334205887732e-07
2.328379879501e-07
2.313239437446e-07
2.307304119357e-07
2.306760369188e-07
2.304821458944e-07
2.297880748663e-07
2.295716820172e-07
2.290899846021e-07
2.284913139935e-07
2.278677162351e-07
2.268833508159e-07
2.268517104199e-07
2.255446513486e-07
2.254900769308e-07
2.251532489369e-07
2.244288616518e-07
2.236088227153e-07
2.224705413619e-07
2.224315668866e-07
2.220024695096e-07
2.219219826917e-07
2.218888434065e-07
2.214070134241e-07
2.208389975721e-07
2.199791697882e-07
2.194511322222e-07
2.185440543267e-07
2.184348441160e-07
2.166403717034e-07
2.162948825646e-07
2.155398925127e-07
2.152423198281e-07
2.146559487530e-07
2.146269286224e-07
2.145009613078e-07
2.131618758867e-07
2.130103252334e-07
2.122999684615e-07
2.118929607206e-07
2.109414568423e-07
2.108974227375e-07
2.105507844560e-07
2.101644412483e-07
2.091743633004e-07
2.082984332641e-07
2.081269693615e-07
2.066158159226e-07
2.056605721754e-07
2.049398774498e-07
2.041801618811e-07
2.038373734440e-07
2.034298897632e-07
2.030395593276e-07
2.027241137215e-07
2.024320828756e-07
2.018775070188e-07
2.016175923857e-07
2.015319216710e-07
1.992761163715e-07
1.990904973250e-07
1.989333882470e-07
1.988721597755e-07
1.982765830429e-07
1.972481211573e-07
1.970366382465e-07
1.965521667840e-07
1.963752385830e-07
1.961089650744e-07
1.955056470885e-07
1.953385399966e-07
1.951996341489e-07
1.929004319214e-07
1.928314713357e-07
1.921449794890e-07
1.920650096234e-07
1.917312167918e-07
1.912311038429e-07
1.901025728985e-07
1.888162353955e-07
1.887314418577e-07
1.880262541856e-07
1.872999051453e-07
1.864793056558e-07
1.855639879628e-07
1.847700257754e-07
1.838040959052e-07
1.836663947478e-07
1.834827107787e-07
1.834203796591e-07
1.829768137064e-07
1.828405765592e-07
1.823712944035e-07
1.812381598318e-07
1.809542414705e-07
1.804930919179e-07
1.803480596339e-07
1.802955944149e-07
1.795617227742e-07
1.784955901699e-07
1.782327491308e-07
1.765433455347e-07
1.760748093056e-07
1.749195036220e-07
1.746778562851e-07
1.746254299663e-07
1.745282779677e-07
1.743422337129e-07
1.735261850088e-07
1.734700571821e-07
1.728466959852e-07
1.725637024905e-07
1.707887245740e-07
1.701905021334e-07
1.700671950138e-07
1.696207023847e-07
1.694922976442e-07
1.693316777261e-07
1.691695012255e-07
1.685687061537e-07
1.676819318351e-07
1.671344752901e-07
1.671198151760e-07
1.661794202141e-07
1.660056646628e-07
1.657683959948e-07
1.652364916647e-07
1.652176760447e-07
1.650218692351e-07
1.639894560864e-07
1.634961579432e-07
1.632998660508e-07
1.625575809008e-07
1.612571030310e-07
1.609800116941e-07
1.608098939272e-07
1.604173491219e-07
1.597442057031e-07
1.596549078387e-07
1.593600980516e-07
1.593547665485e-07
1.593380997694e-07
1.573296688961e-07
1.571547024036e-07
1.570902665047e-07
1.569407326247e-07
1.559126175269e-07
1.550852188343e-07
1.544080487869e-07
1.540111738664e-07
1.537650462499e-07
1.535275289248e-07
1.528180021517e-07
1.526581828287e-07
1.525098034025e-07
1.524452063166e-07
1.522963630885e-07
1.520606618197e-07
1.517447641845e-07
1.514372658444e-07
1.513198480582e-07
1.512897045965e-07
1.498472518658e-07
1.497915003241e-07
1.491123541184e-07
1.488533675592e-07
1.472867221970e-07
1.471698123820e-07
1.469442489310e-07
1.465274403719e-07
1.456812397285e-07
1.453990368291e-07
1.449828675574e-07
1.438271265014e-07
1.436980611796e-07
1.435966379901e-07
1.435016342878e-07
1.433437006471e-07
1.430694821367e-07
1.424079018979e-07
1.424053388413e-07
1.417409699877e-07
1.415433110426e-07
1.409920788442e-07
1.407857416226e-07
1.397444926034e-07
1.390427234518e-07
1.389281011599e-07
1.381838847181e-07
1.379492692299e-07
1.377442366181e-07
1.372679677049e-07
1.370505226037e-07
1.370431225347e-07
1.369703451764e-07
1.363829279468e-07
1.363197460887e-07
1.353696093086e-07
1.352171812974e-07
1.349742975936e-07
1.339834222433e-07
1.336497082000e-07
1.336191435147e-07
1.334315282466e-07
1.333172222919e-07
1.329688081005e-07
1.327670239646e-07
1.321719241397e-07
1.321590244511e-07
1.319116506062e-07
1.317633452487e-07
1.316745820223e-07
1.309174228041e-07
1.304952250509e-07
1.302650587243e-07
1.301033721156e-07
1.299081113463e-07
1.292002345031e-07
1.291207812723e-07
1.288897749419e-07
1.282267757263e-07
1.279161239773e-07
1.278984801398e-07
1.275929163256e-07
1.267577155127e-07
1.265642968119e-07
1.264521547774e-07
1.263416795004e-07
1.257532945593e-07
1.246569383105e-07
1.245443500092e-07
1.244472477224e-07
1.243284582117e-07
1.242821959159e-07
1.238426230939e-07
1.234457061179e-07
1.233930384456e-07
1.227113034147e-07
1.223757964659e-07
1.223571396295e-07
1.219869488042e-07
1.216009838954e-07
1.207359813283e-07
1.206523820284e-07
1.202934583508e-07
1.200492924674e-07
1.188819485634e-07
1.187727167588e-07
1.186037159158e-07
1.185955764813e-07
1.185588832458e-07
1.184927311578e-07
1.178969483350e-07
1.171555066749e-07
1.167045739000e-07
1.163558448666e-07
1.154158428773e-07
1.147719532998e-07
1.146024348248e-07
1.145530408930e-07
1.143970827972e-07
1.142837424016e-07
1.140097541865e-07
1.138871695134e-07
1.137935018319e-07
1.130770006737e-07
1.130602534251e-07
1.123627846302e-07
1.119795002523e-07
1.117568568214e-07
1.117438295733e-07
1.116058574662e-07
1.115353423236e-07
1.115153796279e-07
1.114577023711e-07
1.107484685688e-07
1.095778587214e-07
1.091564010869e-07
1.086629340352e-07
1.086000223666e-07
1.079476043359e-07
1.076424841534e-07
1.076061411792e-07
1.070746591214e-07
1.066247522318e-07
1.064383985173e-07
1.059746187013e-07
1.058477960177e-07
1.058427472858e-07
1.057855607624e-07
1.055788908029e-07
1.050643251768e-07
1.050163895178e-07
1.045781213178e-07
1.044343487438e-07
1.038016556866e-07
1.036344311737e-07
1.032769735324e-07
1.027461579121e-07
1.024004403329e-07
1.017880515558e-07
1.014347737838e-07
1.014115451176e-07
1.012751719479e-07
1.008832975039e-07
1.005947495912e-07
1.004234539012e-07
1.003590919215e-07
9.992358734648e-08
9.874844713846e-08
9.864898301474e-08
9.861719025665e-08
9.849444189147e-08
9.837559367381e-08
9.820896647165e-08
9.799753851169e-08
9.783290145176e-08
9.771312515869e-08
9.717304702475e-08
9.670098435477e-08
9.621677725961e-08
9.601066417219e-08
9.586653875820e-08
9.544665432633e-08
9.472333499187e-08
9.462122706354e-08
9.444446535811e-08
9.416123046549e-08
9.374345380627e-08
9.340147464533e-08
9.338918450891e-08
9.312859496137e-08
9.271405976730e-08
9.253365201486e-08
9.243852045325e-08
9.237815820248e-08
9.223169171187e-08
9.213011574780e-08
9.133356901572e-08
9.110632459618e-08
9.110446430343e-08
9.059921483523e-08
9.052499484444e-08
9.026538684781e-08
9.007180625980e-08
8.977360331189e-08
8.955150841933e-08
8.927843551985e-08
8.917221130643e-08
8.894739174293e-08
8.870748699974e-08
8.817877671547e-08
8.804753210727e-08
8.774715891150e-08
8.773396404876e-08
8.719851802204e-08
8.698473486439e-08
8.692926537093e-08
8.683919187611e-08
8.667815596538e-08
8.616491597693e-08
8.561423416225e-08
8.555744180323e-08
8.554121025029e-08
8.547623122485e-08
8.517760011557e-08
8.516664114199e-08
8.490252639956e-08
8.483822349248e-08
8.441345480129e-08
8.438939123516e-08
8.389460170993e-08
8.385131048623e-08
8.384630511701e-08
8.346905368694e-08
8.327059211036e-08
8.326435752484e-08
8.325560383938e-08
8.275277190424e-08
8.275071565163e-08
8.275053401245e-08
8.232898247477e-08
8.201182155194e-08
8.187964371548e-08
8.106746135591e-08
8.099856919729e-08
8.099262210205e-08
8.067968470875e-08
8.021263361053e-08
7.954368346323e-08
7.944201976677e-08
7.942511423960e-08
7.937963100711e-08
7.911697094249e-08
7.889242468153e-08
7.851637377522e-08
7.801972601240e-08
7.800391798196e-08
7.793394002405e-08
7.793164346475e-08
7.756717899326e-08
7.718224108563e-08
7.673334209307e-08
7.662588077797e-08
7.640084351731e-08
7.626540085671e-08
7.613596279890e-08
7.603934684356e-08
7.546770138789e-08
7.543611671992e-08
7.535674100877e-08
7.489684509917e-08
7.447384518193e-08
7.434365571764e-08
7.431489501886e-08
7.401452113456e-08
7.379644808288e-08
7.356599623685e-08
7.356457177809e-08
7.348135804945e-08
7.238567829376e-08
7.234863552550e-08
7.222817493671e-08
7.185688121159e-08
7.122968264701e-08
7.122226250857e-08
7.111134431151e-08
7.086429784577e-08
7.077439836473e-08
7.068537990380e-08
7.016717488106e-08
7.014020869959e-08
7.010017696048e-08
6.999272536451e-08
6.993635511550e-08
6.961355854976e-08
6.944612304915e-08
6.912914580952e-08
6.897023453677e-08
6.894341167241e-08
6.881267659111e-08
6.872753845750e-08
6.857589945603e-08
6.850961880665e-08
6.804884058219e-08
6.777369981507e-08
6.765036530963e-08
6.747390908654e-08
6.687870165679e-08
6.662285402884e-08
6.655380782302e-08
6.625871633854e-08
6.618065894761e-08
6.593125214303e-08
6.521540461661e-08
6.517920444208e-08
6.511230864062e-08
6.484671363939e-08
6.484036281438e-08
6.450260182605e-08
6.425321348767e-08
6.410605703345e-08
6.396358749076e-08
6.382696699234e-08
6.375169835843e-08
6.302938955752e-08
6.276653915784e-08
6.263381579452e-08
6.255064796487e-08
6.243636650552e-08
6.222866213351e-08
6.211303607534e-08
6.208525516847e-08
6.201170099101e-08
6.176715093339e-08
6.176431723604e-08
6.167580184630e-08
6.162020999507e-08
6.084007604453e-08
6.078856234126e-08
6.042926142093e-08
6.011544436161e-08
6.000234802045e-08
5.988184341021e-08
5.978048739382e-08
5.965131744998e-08
5.952870102938e-08
5.935321480837e-08
5.914317162980e-08
5.848011900205e-08
5.835880272486e-08
5.823784908020e-08
5.822941053261e-08
5.821131262700e-08
5.809850005804e-08
5.791062605604e-08
5.781232329256e-08
5.780329506155e-08
5.742282091641e-08
5.732887573818e-08
5.707378741647e-08
5.680187743943e-08
5.669798358576e-08
5.660539385494e-08
5.655661043237e-08
5.633149834561e-08
5.621038048152e-08
5.612100707023e-08
5.600572029047e-08
5.548144594417e-08
5.529202750465e-08
5.522722483208e-08
5.519254153662e-08
5.493730384098e-08
5.478214857319e-08
5.465138780986e-08
5.460875277634e-08
5.434855872418e-08
5.393371629127e-08
5.373856311388e-08
5.355819039822e-08
5.344910035088e-08
5.328414853530e-08
5.325246433627e-08
5.320672419349e-08
5.272854903951e-08
5.247984259356e-08
5.237780256491e-08
5.235334863265e-08
5.213749651144e-08
5.209879993223e-08
5.208612907388e-08
5.205955941414e-08
5.178766698383e-08
5.150714955733e-08
5.138763645470e-08
5.116495687360e-08
5.107077993063e-08
5.103771776653e-08
5.100183989064e-08
5.098237181725e-08
5.090005193429e-08
5.062216866434e-08
5.025717892722e-08
5.014311903469e-08
5.012503968492e-08
5.006614686834e-08
4.970175742754e-08
4.947803771138e-08
4.930932884013e-08
4.863742522811e-08
4.860957095896e-08
4.855499187390e-08
4.849277144849e-08
4.848108620221e-08
4.843562538734e-08
4.842969119905e-08
4.788927599833e-08
4.778570953076e-08
4.756245014928e-08
4.752349446891e-08
4.751286932804e-08
4.729336036996e-08
4.713173016188e-08
4.707290592006e-08
4.679317593563e-08
4.672729016449e-08
4.666680480889e-08
4.645576647512e-08
4.642093950746e-08
4.640537785755e-08
4.623704088229e-08
4.622886871291e-08
4.586986639415e-08
4.565599511388e-08
4.543135437536e-08
4.514376456989e-08
4.510748006157e-08
4.503442287246e-08
4.495231429127e-08
4.484317676807e-08
4.479996999077e-08
4.479838710428e-08
4.446555648148e-08
4.420893519405e-08
4.420249340206e-08
4.370376539492e-08
4.368720469388e-08
4.350319612292e-08
4.349547183098e-08
4.325503591837e-08
4.310609601739e-08
4.283863839391e-08
4.259981045646e-08
4.249007151113e-08
4.241616211743e-08
4.210302373857e-08
4.197988348313e-08
4.179266889799e-08
4.153530140139e-08
4.147151316566e-08
4.128506209890e-08
4.119851600287e-08
4.108647072151e-08
4.073167485451e-08
4.056883286123e-08
4.055919990260e-08
4.044381308404e-08
4.020856353204e-08
3.999059359095e-08
3.998001631775e-08
3.993507523776e-08
3.987415346773e-08
3.968061429562e-08
3.961384546951e-08
3.925811142024e-08
3.916119666016e-08
3.911948458722e-08
3.905750613128e-08
3.886685707282e-08
3.849022194355e-08
3.818495080323e-08
3.794770707076e-08
3.790262767275e-08
3.776166404523e-08
3.775209080811e-08
3.770411615155e-08
3.766309023402e-08
3.748186529776e-08
3.724196700514e-08
3.720188090129e-08
3.717971892400e-08
3.658740325227e-08
3.651644447566e-08
3.630958396635e-08
3.624060517242e-08
3.611762896630e-08
3.605002218842e-08
3.584002799983e-08
3.562414104854e-08
3.558460646292e-08
3.552209611228e-08
3.537184977359e-08
3.527463764978e-08
3.525639128523e-08
3.505749509769e-08
3.487414355844e-08
3.470371943405e-08
3.451167070214e-08
3.442845539907e-08
3.430403206030e-08
3.413244748492e-08
3.406492622093e-08
3.358880351731e-08
3.352018407616e-08
3.334580624047e-08
3.326785690948e-08
3.303354817995e-08
3.291249930110e-08
3.273259107255e-08
3.246531938340e-08
3.237565097569e-08
3.226569774761e-08
3.205285190476e-08
3.178718892818e-08
3.167095871076e-08
3.164658905101e-08
3.135877297938e-08
3.130798853023e-08
3.122139515989e-08
3.119291206455e-08
3.111815108167e-08
3.094679333621e-08
3.060945581901e-08
3.059416046282e-08
3.048352964483e-08
3.040584901139e-08
3.035464662149e-08
3.005296000465e-08
2.996860862433e-08
2.993996244878e-08
2.981999871238e-08
2.964440009160e-08
2.955677540396e-08
2.945843973883e-08
2.945649353494e-08
2.920089036933e-08
2.918303886810e-08
2.909671837247e-08
2.908331176300e-08
2.891879612605e-08
2.865112147616e-08
2.836113730458e-08
2.834956700103e-08
2.828131513430e-08
2.823610686019e-08
2.797881890804e-08
2.780426858102e-08
2.775223527307e-08
2.773593118455e-08
2.749535954673e-08
2.741838397870e-08
2.736114906046e-08
2.731258912268e-08
2.727196692689e-08
2.711983983575e-08
2.707635414456e-08
2.701302269330e-08
2.695699166359e-08
2.674803341916e-08
2.664913688808e-08
2.646965057660e-08
2.632408812349e-08
2.621026023577e-08
2.616489467657e-08
2.610122848746e-08
2.569663758762e-08
2.565361074186e-08
2.554823607241e-08
2.548543488287e-08
2.539657541172e-08
2.536927160711e-08
2.528245469959e-08
2.500491263785e-08
2.484099680267e-08
2.479383294908e-08
2.465810941800e-08
2.457496212165e-08
2.456081003523e-08
2.438424973540e-08
2.420900516216e-08
2.408955009345e-08
2.398121225746e-08
2.385022930038e-08
2.379144386884e-08
2.374756277764e-08
2.363886227839e-08
2.358316035326e-08
2.350478846402e-08
2.349022487501e-08
2.344571280540e-08
2.328064205130e-08
2.324551718741e-08
2.310086070646e-08
2.302535973458e-08
2.286153541231e-08
2.277925301611e-08
2.267728488651e-08
2.244453645576e-08
2.216741114671e-08
2.194174394881e-08
2.184010364862e-08
2.168868098327e-08
2.165941557080e-08
2.163297417049e-08
2.161950363555e-08
2.157206369613e-08
2.137084581117e-08
2.125921494910e-08
2.122611932726e-08
2.099675691637e-08
2.088068360145e-08
2.070188091553e-08
2.069445165135e-08
2.060308412287e-08
2.054909308092e-08
2.031231869453e-08
2.011871222524e-08
2.007671170312e-08
2.002116142197e-08
1.997800025491e-08
1.994740875623e-08
1.983039647899e-08
1.953040560772e-08
1.951920413165e-08
1.945726194295e-08
1.928820841956e-08
1.913838935624e-08
1.909401817709e-08
1.904737594209e-08
1.901471465716e-08
1.882768163585e-08
1.858005951129e-08
1.856381636245e-08
1.855741547862e-08
1.853599029933e-08
1.849962070555e-08
1.835923674916e-08
1.823228902962e-08
1.820218060091e-08
1.814842856464e-08
1.814336915814e-08
1.806788404968e-08
1.774532873899e-08
1.767932113557e-08
1.748619516975e-08
1.722213100810e-08
1.714918732946e-08
1.711122230882e-08
1.703537284103e-08
1.679469462813e-08
1.678360151355e-08
1.669086062928e-08
1.662782572963e-08
1.659862213120e-08
1.659625969847e-08
1.630522651649e-08
1.628902539366e-08
1.617097566798e-08
1.616887169707e-08
1.609761103811e-08
1.586772629438e-08
1.576709326652e-08
1.576072250914e-08
1.568169282664e-08
1.561181248303e-08
1.553184677601e-08
1.540880082036e-08
1.521919055439e-08
1.518303116552e-08
1.517261130258e-08
1.508438936120e-08
1.505552261736e-08
1.490836105658e-08
1.483988375549e-08
1.459999451057e-08
1.456992996081e-08
1.455670445819e-08
1.440569699356e-08
1.427193819996e-08
1.420068338100e-08
1.414954273177e-08
1.412968842957e-08
1.410056241682e-08
1.395866136895e-08
1.392774746553e-08
1.381670202070e-08
1.367150981939e-08
1.362312689090e-08
1.360544123042e-08
1.333638212975e-08
1.322239616690e-08
1.319395572706e-08
1.311968593418e-08
1.299841156192e-08
1.296541162729e-08
1.288340943103e-08
1.270659574551e-08
1.264296467427e-08
1.257965467178e-08
1.251034580672e-08
1.250630460855e-08
1.250124999499e-08
1.230502433455e-08
1.229504771245e-08
1.226680985521e-08
1.225515703866e-08
1.224592244961e-08
1.206877360215e-08
1.204515208427e-08
1.191896070906e-08
1.187507477845e-08
1.177864673268e-08
1.164191835187e-08
1.163818776353e-08
1.153543553079e-08
1.138417429976e-08
1.124861818034e-08
1.122535587858e-08
1.121646864229e-08
1.118459187314e-08
1.111577449502e-08
1.107030612337e-08
1.093409419472e-08
1.084433428340e-08
1.079886036707e-08
1.062558431980e-08
1.062462016636e-08
1.046335687277e-08
1.031659385938e-08
1.009926424603e-08
1.008388314425e-08
1.007045998424e-08
1.001668877016e-08
1.000926397737e-08
9.937191488266e-09
9.913919655306e-09
9.862295688416e-09
9.847149995395e-09
9.716055758591e-09
9.637119625561e-09
9.607230218281e-09
9.574870640252e-09
9.486460344467e-09
9.467445599484e-09
9.174496675625e-09
9.071841196539e-09
8.984349694077e-09
8.946059157421e-09
8.754877315403e-09
8.726373168794e-09
8.726013796013e-09
8.680976408789e-09
8.571372487806e-09
8.458342268187e-09
8.404690403163e-09
8.382362269881e-09
8.375863182940e-09
8.309164818081e-09
8.303966709813e-09
8.209856590155e-09
8.181360242418e-09
8.086035078127e-09
8.004022781493e-09
7.937637171677e-09
7.885848337877e-09
7.789433468993e-09
7.740024486463e-09
7.722356834965e-09
7.700986297271e-09
7.594864165593e-09
7.377388394564e-09
7.355183134314e-09
7.353470200392e-09
7.346058165875e-09
7.332882723787e-09
7.293159113652e-09
7.127718652843e-09
7.100575685127e-09
6.913036466253e-09
6.806312337574e-09
6.802129107923e-09
6.787819712046e-09
6.758537857766e-09
6.624731254624e-09
6.598947140005e-09
6.590678207159e-09
6.522225022000e-09
6.484199850770e-09
6.457291557799e-09
6.430442967411e-09
6.379601258813e-09
6.305255969869e-09
6.104870348806e-09
6.042866244370e-09
6.013358271732e-09
5.992976910800e-09
5.959352209255e-09
5.821737657396e-09
5.744644146910e-09
5.738982245978e-09
5.639363564877e-09
5.573026930388e-09
5.551639331412e-09
5.518114412765e-09
5.382242603745e-09
5.364170974126e-09
5.321752112393e-09
5.096259070762e-09
5.090869580266e-09
5.040913260384e-09
5.023441584932e-09
5.015320080577e-09
4.996713220890e-09
4.969444677323e-09
4.926616910785e-09
4.841255113875e-09
4.747807839017e-09
4.703683816770e-09
4.668521954601e-09
4.662652591857e-09
4.455856276313e-09
4.388392711231e-09
4.371504211459e-09
4.305222561716e-09
4.253986499855e-09
4.217878338812e-09
4.160143456141e-09
4.059019460832e-09
4.047748384427e-09
4.041592670552e-09
4.008573955681e-09
3.982016837337e-09
3.977353467159e-09
3.876153132885e-09
3.826065175275e-09
3.824680872515e-09
3.734089026018e-09
3.733458581523e-09
3.730023637052e-09
3.543605110177e-09
3.535316845680e-09
3.519887617983e-09
3.491988007312e-09
3.439261111252e-09
3.395736427833e-09
3.344059331244e-09
3.320177690284e-09
3.244695063225e-09
3.226409142971e-09
3.207728596617e-09
3.146558431494e-09
3.101104771729e-09
2.953444236055e-09
2.924534090148e-09
2.900436616908e-09
2.874494849511e-09
2.869028160576e-09
2.740529436251e-09
2.718545982161e-09
2.682926633902e-09
2.608862405325e-09
2.559958547572e-09
2.526152884442e-09
2.486100144630e-09
2.482219482823e-09
2.416486724695e-09
2.404560485231e-09
2.385178725448e-09
2.332492255425e-09
2.314344037661e-09
2.271533260084e-09
2.211113602153e-09
2.166254722591e-09
2.029935181113e-09
1.992850017196e-09
1.954706663378e-09
1.946104556222e-09
1.856073077137e-09
1.834991617658e-09
1.790662556452e-09
1.768581422332e-09
1.752285225399e-09
1.748194965204e-09
1.606025303511e-09
1.596716061363e-09
1.498942077811e-09
1.485732615779e-09
1.459913183144e-09
1.449167976856e-09
1.442537583336e-09
1.416056604662e-09
1.410266479878e-09
1.376234399913e-09
1.365459529407e-09
1.307054080275e-09
1.234632498471e-09
1.196798966005e-09
1.152424837885e-09
1.120939423958e-09
1.074666838863e-09
1.041128569670e-09
1.027977707296e-09
9.959936987938e-10
9.865882259856e-10
9.141346915395e-10
8.939601177140e-10
7.538190353258e-10
7.393611423574e-10
7.235097650561e-10
7.166515750567e-10
7.006371357109e-10
5.875844616229e-10
5.168903271916e-10
5.069784534550e-10
4.680516847060e-10
4.454558949002e-10
4.371605810107e-10
4.322059880167e-10
3.808342437617e-10
3.768468845123e-10
2.975248607901e-10
2.963964960499e-10
2.838318062102e-10
2.476220278289e-10
2.347280007638e-10
2.253368443466e-10
2.203654054120e-10
1.122552581947e-10
9.896842985974e-11
4.697774093977e-11
