#lambda_0=2.607569103355e-01
1.000000000000e+00
1.979023142241e-01
1.979017267505e-01
1.438114773044e-01
1.438114773035e-01
1.247398693957e-01
1.245640868227e-01
1.081772537043e-01
1.081772537029e-01
8.101971383741e-02
8.101971383132e-02
7.711516345532e-02
7.711516345532e-02
7.711122913948e-02
7.711122913947e-02
7.711067764947e-02
7.711067764947e-02
7.710330258349e-02
7.710327773140e-02
6.099835913064e-02
6.099835911916e-02
6.099834364550e-02
6.099834323734e-02
6.099834254191e-02
6.099834176974e-02
6.099834101729e-02
6.099834051119e-02
6.099726046353e-02
6.099725676733e-02
6.099724837667e-02
6.099724025483e-02
6.099722750068e-02
6.099721908244e-02
6.099721275899e-02
6.099720926359e-02
6.099634587119e-02
6.099633757652e-02
6.099631909168e-02
6.099630105875e-02
6.099627165794e-02
6.099625128470e-02
6.099623697861e-02
6.099623227090e-02
6.098213659825e-02
6.098213292447e-02
6.098212427782e-02
6.098212157748e-02
6.098203030449e-02
6.098202990914e-02
6.098202412123e-02
6.098201998867e-02
6.098201983780e-02
6.098201947836e-02
6.098201897948e-02
6.098201862183e-02
6.098201802422e-02
6.098201770584e-02
6.098201745141e-02
6.098201735171e-02
6.098201569099e-02
6.098201562700e-02
6.098201547645e-02
6.098201539746e-02
6.098201520325e-02
1.526597632422e-02
5.848330967972e-03
5.848330967972e-03
3.580368600759e-03
3.580368600759e-03
2.920812663220e-03
2.920812587166e-03
2.509684817740e-03
2.509684817555e-03
2.240472742193e-03
1.371625582870e-03
1.371625582870e-03
1.118980522326e-03
1.118980522325e-03
9.614506910455e-04
9.614506909746e-04
8.397142292076e-04
6.850462525611e-04
6.850462525611e-04
5.886036531362e-04
5.886036530928e-04
5.588703243630e-04
4.801884186102e-04
4.801884185748e-04
4.125859106508e-04
8.466877251928e-07
8.466877251878e-07
6.952955645689e-07
6.952955645651e-07
3.403450591875e-07
3.403450559466e-07
3.243905519718e-07
3.243905519702e-07
2.970458567437e-07
2.970458567420e-07
2.663909738695e-07
2.663909738681e-07
1.985952998761e-07
1.985952986019e-07
1.630875982615e-07
1.630875982605e-07
1.620180460569e-07
1.620180460563e-07
1.392071594948e-07
1.392071594852e-07
1.330502855420e-07
1.330502855412e-07
1.303976458073e-07
1.303976458064e-07
1.143177602356e-07
1.143177595843e-07
1.138094509910e-07
1.138090619665e-07
7.983093492680e-08
7.983093492631e-08
6.967541144867e-08
6.967541144824e-08
6.512779877198e-08
6.512771288079e-08
5.684270968832e-08
5.684270968794e-08
5.595823299636e-08
5.595823299253e-08
4.883963821372e-08
4.883963821041e-08
8.896902875781e-09
5.876069316339e-09
4.743333013733e-11
4.743323419745e-11
4.697051025708e-11
3.857256790020e-11
3.857256790004e-11
3.167610882376e-11
3.165627592150e-11
3.165617664230e-11
1.888117039964e-11
1.888116977584e-11
1.816863203039e-11
1.816859536974e-11
1.647927820642e-11
1.647927820639e-11
1.550537457556e-11
1.550537061134e-11
1.353291829521e-11
1.353291829513e-11
1.208424903445e-11
1.208424895336e-11
1.112268300048e-11
1.112266055277e-11
9.412455750488e-12
9.412421253391e-12
9.074075336620e-12
9.074011680899e-12
7.796486164766e-12
7.796470428089e-12
7.589838051332e-12
7.394602759137e-12
7.394602567594e-12
6.624326895516e-12
6.624326535734e-12
6.072348647789e-12
6.069909081116e-12
5.781640624341e-12
5.182716506693e-12
5.182716471152e-12
3.582043565509e-12
3.582043171350e-12
2.191042717698e-12
2.191042437603e-12
1.861668391980e-12
1.803524538284e-12
1.763999171422e-12
1.535503363827e-12
1.535503172896e-12
1.372120733065e-12
3.299123942567e-13
2.212241036617e-13
1.227006770339e-14
5.109248475845e-15
2.673964732464e-15
2.667961802647e-15
2.630531547564e-15
2.630505889085e-15
2.160223856973e-15
2.160188997593e-15
1.760187286887e-15
1.747444759657e-15
1.747263825463e-15
1.679423767794e-15
1.434969964592e-15
1.434915883065e-15
1.059575397853e-15
1.055721910433e-15
1.024819252825e-15
1.024795869160e-15
9.193676805741e-16
9.193308052549e-16
7.042716849974e-16
7.014346030827e-16
6.245014852676e-16
6.244311452820e-16
6.127113040482e-16
6.125740213871e-16
5.176556694537e-16
5.174074072438e-16
4.378578525829e-16
4.378321042259e-16
4.300276396527e-16
4.250649390312e-16
4.249209100762e-16
3.139399535730e-16
2.102786437700e-16
2.087709523065e-16
2.055777105823e-16
1.938684934682e-16
1.875776104720e-16
1.845943442894e-16
1.827301168583e-16
1.825425669108e-16
1.260126369938e-16
1.084318439861e-16
7.489343074714e-17
7.442181451388e-17
7.355826839997e-17
7.078336061690e-17
6.575350027920e-17
6.405059285279e-17
6.285956914311e-17
6.022716396740e-17
5.875308302433e-17
5.720272400077e-17
5.495095435948e-17
5.337768911978e-17
5.160340218688e-17
5.110878654612e-17
5.010087374631e-17
4.987930824800e-17
4.868130275899e-17
4.837877528318e-17
4.737825319418e-17
4.680068437301e-17
4.621790772116e-17
4.609722044485e-17
4.539483924211e-17
4.483926593493e-17
4.441269926596e-17
4.364710332285e-17
4.272975901067e-17
4.213956364159e-17
4.167204005268e-17
4.082697242735e-17
4.050442381194e-17
4.009646975820e-17
3.919397092382e-17
3.864546327332e-17
3.840585226966e-17
3.800964958471e-17
3.741334626043e-17
3.716524547456e-17
3.690925316965e-17
3.655816380699e-17
3.648346754751e-17
3.586229002161e-17
3.531177107096e-17
3.503414076642e-17
3.490146449469e-17
3.456230649286e-17
3.438177958968e-17
3.406673594626e-17
3.377697675251e-17
3.334644990708e-17
3.325682152813e-17
3.288770943094e-17
3.262037708401e-17
3.246468113696e-17
3.218339566519e-17
3.187513738128e-17
3.162863589085e-17
3.144458624591e-17
3.121497361251e-17
3.076696705697e-17
3.046577477717e-17
3.032758015442e-17
3.007790689760e-17
2.989543284962e-17
2.965109091898e-17
2.936837254286e-17
2.911067314963e-17
2.890651353637e-17
2.868283793596e-17
2.837297446375e-17
2.815109888302e-17
2.801597487786e-17
2.762970798593e-17
2.748131622501e-17
2.712853612293e-17
2.699347702227e-17
2.659420316371e-17
2.640411987185e-17
2.623374602149e-17
2.610970352785e-17
2.581613116252e-17
2.569620882799e-17
2.543451758239e-17
2.527717909994e-17
2.512185047764e-17
2.491086577123e-17
2.451015558458e-17
2.440022406606e-17
2.413795278754e-17
2.402752529148e-17
2.389335578992e-17
2.376689039130e-17
2.342669237924e-17
2.337524656298e-17
2.321841187452e-17
2.299370156829e-17
2.273780390305e-17
2.264864037014e-17
2.224621101327e-17
2.213984921137e-17
2.205313456748e-17
2.191335991410e-17
2.170781710298e-17
2.159673592647e-17
2.136141187286e-17
2.128880081836e-17
2.114886646562e-17
2.089907244708e-17
2.083711612424e-17
2.059325465389e-17
2.050937805806e-17
2.030120992314e-17
2.018354783469e-17
2.011567012621e-17
2.000382410977e-17
1.985784893157e-17
1.965265148885e-17
1.950981279405e-17
1.941078014061e-17
1.927112465793e-17
1.921357384514e-17
1.894373607111e-17
1.884888682669e-17
1.877284477941e-17
1.858750313746e-17
1.841326342710e-17
1.835523016883e-17
1.823884931323e-17
1.815966795807e-17
1.808011993663e-17
1.783603242410e-17
1.773465904143e-17
1.765049268050e-17
1.746213979804e-17
1.727421158702e-17
1.711830997474e-17
1.702488317078e-17
1.690084075835e-17
1.687163090632e-17
1.666776557559e-17
1.652943441294e-17
1.637322725131e-17
1.626866700734e-17
1.615898923780e-17
1.600485562473e-17
1.592618830991e-17
1.582605599491e-17
1.573544245180e-17
1.563550684285e-17
1.556565816630e-17
1.537398708727e-17
1.530256279786e-17
1.517968517190e-17
1.512241761505e-17
1.500433567011e-17
1.483071348175e-17
1.473688332909e-17
1.466101013882e-17
1.456410298726e-17
1.454197585604e-17
1.435636062299e-17
1.430319777941e-17
1.415272756046e-17
1.403216651314e-17
1.401844701051e-17
1.388059107626e-17
1.380770864344e-17
1.366372336206e-17
1.361211053855e-17
1.351916127679e-17
1.348287142193e-17
1.339502790470e-17
1.330424634003e-17
1.325778128416e-17
1.313065611596e-17
1.303584828943e-17
1.298590645302e-17
1.291394506249e-17
1.279153576690e-17
1.262898471343e-17
1.259348007718e-17
1.256938514160e-17
1.237708079741e-17
1.228812515757e-17
1.223726070727e-17
1.217358995701e-17
1.209353071253e-17
1.201227322807e-17
1.193642566510e-17
1.185534414438e-17
1.178333704784e-17
1.164835872017e-17
1.155021461600e-17
1.150019358489e-17
1.140876208901e-17
1.135898003216e-17
1.125342770198e-17
1.121259080292e-17
1.109268037852e-17
1.102146585343e-17
1.095471032406e-17
1.088864686711e-17
1.082775788736e-17
1.079045295108e-17
1.071421067849e-17
1.064460684132e-17
1.057415338867e-17
1.055260705430e-17
1.044262994252e-17
1.042414397684e-17
1.038054933677e-17
1.029598215072e-17
1.023367790441e-17
1.014826571437e-17
1.011635132204e-17
1.005476327643e-17
9.980240093360e-18
9.937423101489e-18
9.883874552496e-18
9.819050591348e-18
9.765859438019e-18
9.676534931025e-18
9.636092637916e-18
9.595765984657e-18
9.572414145559e-18
9.465359620190e-18
9.437851405512e-18
9.393841748250e-18
9.336777722896e-18
9.246352881871e-18
9.210088238469e-18
9.134500067764e-18
9.067010634757e-18
9.028790705441e-18
8.998525704632e-18
8.886398952404e-18
8.839559361925e-18
8.766441851434e-18
8.731949845262e-18
8.713938749921e-18
8.649547564466e-18
8.621354681021e-18
8.575696663702e-18
8.535124213881e-18
8.488388403699e-18
8.464053307242e-18
8.392782614628e-18
8.375438483000e-18
8.336483692350e-18
8.230048027921e-18
8.178891394543e-18
8.132081885923e-18
8.104664854056e-18
8.032544535394e-18
7.995348101742e-18
7.958491985596e-18
7.893151248361e-18
7.883381061392e-18
7.847056166780e-18
7.765570324937e-18
7.739465331811e-18
7.657380274047e-18
7.606154739381e-18
7.560121460226e-18
7.530773162909e-18
7.482831705348e-18
7.446689219656e-18
7.415468624749e-18
7.383848975237e-18
7.357461647013e-18
7.309242536606e-18
7.256360822572e-18
7.219583369480e-18
7.170143905114e-18
7.106863512839e-18
7.081112115396e-18
7.044186005481e-18
7.019472478034e-18
6.969666599873e-18
6.941604183349e-18
6.914807937048e-18
6.906148423967e-18
6.845817095128e-18
6.813400737235e-18
6.790889927737e-18
6.740108411008e-18
6.722461179503e-18
6.666603924164e-18
6.646976700502e-18
6.608298770473e-18
6.565651885389e-18
6.547631425124e-18
6.474561109225e-18
6.449836725345e-18
6.422577870146e-18
6.400373644448e-18
6.375694172203e-18
6.353045299584e-18
6.329441703719e-18
6.274435131388e-18
6.248940173171e-18
6.223263819707e-18
6.207317460452e-18
6.169587946452e-18
6.134748462720e-18
6.098152189622e-18
6.067616807675e-18
6.033906001841e-18
6.003078491734e-18
5.985252363695e-18
5.956636139262e-18
5.919186568531e-18
5.886058099942e-18
5.878082750985e-18
5.834678526422e-18
5.797084115289e-18
5.783730093297e-18
5.751708403525e-18
5.735823104273e-18
5.711262096722e-18
5.659950717112e-18
5.628467594625e-18
5.602865408464e-18
5.580135154781e-18
5.560367058809e-18
5.512440042853e-18
5.492433988854e-18
5.471584036652e-18
5.440598984052e-18
5.397985764913e-18
5.372482014623e-18
5.358340518301e-18
5.341603925079e-18
5.308643914914e-18
5.286338989276e-18
5.254606183846e-18
5.228594988424e-18
5.205845826870e-18
5.183074465954e-18
5.155599065271e-18
5.127844284033e-18
5.106663733656e-18
5.093438841041e-18
5.054892535792e-18
5.033054951734e-18
4.995432929541e-18
4.982499191384e-18
4.951023985677e-18
4.930224671008e-18
4.910083059922e-18
4.890997582964e-18
4.869504567378e-18
4.838705585592e-18
4.823750169480e-18
4.782475244918e-18
4.749093699949e-18
4.745738422990e-18
4.732358297246e-18
4.706540592689e-18
4.665716258224e-18
4.651878684491e-18
4.623699401529e-18
4.600006042295e-18
4.583578284136e-18
4.557707565037e-18
4.552451534658e-18
4.527894543359e-18
4.502618837296e-18
4.480951156682e-18
4.456322922943e-18
4.439071237903e-18
4.426065192932e-18
4.409126984976e-18
4.386774066909e-18
4.371037102317e-18
4.343251781895e-18
4.318917954966e-18
4.285607807610e-18
4.259404009856e-18
4.245872375834e-18
4.223392292769e-18
4.195404987627e-18
4.187233830365e-18
4.165385709121e-18
4.153143599571e-18
4.127783351013e-18
4.115258141382e-18
4.092557030052e-18
4.078773114978e-18
4.044277325743e-18
4.028389852645e-18
4.007313575781e-18
3.990220978526e-18
3.974391537559e-18
3.957309979419e-18
3.927496881237e-18
3.911953889010e-18
3.898085026534e-18
3.885190275665e-18
3.863428774477e-18
3.856785595207e-18
3.834965974503e-18
3.817190050487e-18
3.805911634650e-18
3.781163332201e-18
3.770229381099e-18
3.753777876522e-18
3.732733177136e-18
3.701983129783e-18
3.688929265363e-18
3.676094094440e-18
3.652594826859e-18
3.643009460492e-18
3.614672176920e-18
3.612478639393e-18
3.590400500161e-18
3.571460914386e-18
3.548717074070e-18
3.540553528008e-18
3.532211974995e-18
3.507196497370e-18
3.493966906479e-18
3.478395543798e-18
3.463085797748e-18
3.453480623822e-18
3.442574953308e-18
3.425067406813e-18
3.403903465020e-18
3.387726488904e-18
3.381991266572e-18
3.356950035089e-18
3.333466462361e-18
3.328004016326e-18
3.319317363979e-18
3.291587693234e-18
3.281468420793e-18
3.259545857270e-18
3.244061616281e-18
3.236756857083e-18
3.215252310685e-18
3.204814770151e-18
3.187105640980e-18
3.178301021350e-18
3.162428859172e-18
3.152101047352e-18
3.125622691766e-18
3.118695504870e-18
3.101077920383e-18
3.081966642416e-18
3.073123634125e-18
3.064991238318e-18
3.053076558930e-18
3.039714366658e-18
3.011289985816e-18
3.002962644164e-18
2.994524281756e-18
2.972395253538e-18
2.966040422411e-18
2.950150861958e-18
2.935109499514e-18
2.920354349937e-18
2.905526336264e-18
2.893628724825e-18
2.885680689104e-18
2.864036925168e-18
2.860385654140e-18
2.835724487365e-18
2.826496626783e-18
2.810063707491e-18
2.798312224644e-18
2.774664567427e-18
2.767180079989e-18
2.743309519042e-18
2.736947605950e-18
2.730701586714e-18
2.709574729624e-18
2.708254769530e-18
2.693891361294e-18
2.674463249811e-18
2.652214481521e-18
2.645792912672e-18
2.637307139162e-18
2.624519241780e-18
2.609942449539e-18
2.602637603838e-18
2.583707959157e-18
2.575273161331e-18
2.560736357263e-18
2.544163678496e-18
2.537444010856e-18
2.521494332564e-18
2.504317469795e-18
2.499648657623e-18
2.469794649637e-18
2.462225329582e-18
2.445268870411e-18
2.439443252402e-18
2.419548199785e-18
2.405852167578e-18
2.395208959391e-18
2.381583488538e-18
2.379352119651e-18
2.358784720010e-18
2.353861873250e-18
2.346443520911e-18
2.331055841597e-18
2.318231334684e-18
2.303165121422e-18
2.285521599889e-18
2.275065443090e-18
2.260638154814e-18
2.244875901746e-18
2.235021196309e-18
2.227810576040e-18
2.216164292287e-18
2.200616738460e-18
2.190701743470e-18
2.173668246110e-18
2.162679166636e-18
2.152376356448e-18
2.144911513537e-18
2.132261914997e-18
2.123199488755e-18
2.110750037466e-18
2.102617737104e-18
2.086899990463e-18
2.078963608212e-18
2.066794435704e-18
2.058491496506e-18
2.049672576501e-18
2.034909242512e-18
2.018703479253e-18
2.007527814034e-18
1.999526816094e-18
1.991713562691e-18
1.975883284320e-18
1.961581764737e-18
1.952965172659e-18
1.944527440368e-18
1.929123362015e-18
1.921182771680e-18
1.908203136627e-18
1.901772892099e-18
1.884158498444e-18
1.872795428400e-18
1.861068338896e-18
1.849119037024e-18
1.836873039432e-18
1.830290616203e-18
1.817232305904e-18
1.813855249063e-18
1.804782242253e-18
1.793766330539e-18
1.780324454225e-18
1.774617558551e-18
1.767508879671e-18
1.750652256944e-18
1.744472910282e-18
1.734653852754e-18
1.719262692438e-18
1.711408412526e-18
1.702737000227e-18
1.692469859094e-18
1.680983170361e-18
1.666966018242e-18
1.658568437273e-18
1.643748020885e-18
1.636380620396e-18
1.625411784115e-18
1.617351702146e-18
1.610133206309e-18
1.598847157073e-18
1.586119794332e-18
1.579366538671e-18
1.563262684979e-18
1.551745447965e-18
1.538577207689e-18
1.532017105994e-18
1.524345431859e-18
1.517874803147e-18
1.508360496307e-18
1.498685240474e-18
1.483511614865e-18
1.476245462120e-18
1.465378005118e-18
1.457759813680e-18
1.451943756950e-18
1.446173970290e-18
1.438008624627e-18
1.432679810480e-18
1.420483815520e-18
1.406724361685e-18
1.395776163560e-18
1.381378204191e-18
1.372961364199e-18
1.368066385923e-18
1.362529874479e-18
1.347511209459e-18
1.342316453126e-18
1.337787240501e-18
1.329603400339e-18
1.320624372094e-18
1.310756125583e-18
1.302148802401e-18
1.298135480756e-18
1.285516024091e-18
1.277927648779e-18
1.268883370811e-18
1.256268126032e-18
1.245683748918e-18
1.242026647803e-18
1.237791798926e-18
1.220136322675e-18
1.216275210384e-18
1.207920908700e-18
1.200698566012e-18
1.188243644223e-18
1.184212231407e-18
1.179529027841e-18
1.168086504749e-18
1.158831146088e-18
1.154049626757e-18
1.145211224586e-18
1.139008839527e-18
1.136761091967e-18
1.127143974292e-18
1.116886429443e-18
1.106576600963e-18
1.103028733991e-18
1.090887775975e-18
1.083695350969e-18
1.068904819385e-18
1.067909064525e-18
1.059246273064e-18
1.054100825455e-18
1.047257669366e-18
1.041184499032e-18
1.034847412833e-18
1.025650704064e-18
1.023826236875e-18
1.017368977174e-18
1.006597057480e-18
1.002609087624e-18
9.935885591423e-19
9.836019445266e-19
9.751849729025e-19
9.718307477269e-19
9.652305749762e-19
9.571175509472e-19
9.540213541975e-19
9.476321830435e-19
9.421277321036e-19
9.360472965323e-19
9.277411536798e-19
9.219648816744e-19
9.138491223134e-19
9.121821338491e-19
9.035540981426e-19
8.947065278959e-19
8.900279258276e-19
8.794605260313e-19
8.754221921399e-19
8.700693196075e-19
8.615877362803e-19
8.554048957968e-19
8.513144746846e-19
8.463377498320e-19
8.420252481819e-19
8.354792247544e-19
8.275861737988e-19
8.163253956249e-19
8.146854467054e-19
8.108065980093e-19
8.051608401292e-19
8.030029600729e-19
7.943956909341e-19
7.907575170572e-19
7.833700930311e-19
7.749688067749e-19
7.704977140776e-19
7.633380490701e-19
7.586930727746e-19
7.549599779995e-19
7.517817395568e-19
7.454133462778e-19
7.430507764614e-19
7.321346040282e-19
7.278799265673e-19
7.220810928096e-19
7.165254238689e-19
7.106923879118e-19
7.021625521897e-19
6.960784871480e-19
6.940729856365e-19
6.890216671521e-19
6.846957834564e-19
6.767176147442e-19
6.695943729946e-19
6.671409092001e-19
6.626307755031e-19
6.598805369164e-19
6.538832227337e-19
6.522993377307e-19
6.434447649345e-19
6.386132245521e-19
6.359987900382e-19
6.287751871526e-19
6.264102555033e-19
6.218643887141e-19
6.149271074846e-19
6.112126682335e-19
6.079664784888e-19
6.038605559344e-19
5.993605001012e-19
5.936306755934e-19
5.862277360092e-19
5.828105636483e-19
5.783824226235e-19
5.738801473030e-19
5.702079385876e-19
5.678158193273e-19
5.628428080460e-19
5.611953163521e-19
5.540366391333e-19
5.497606307356e-19
5.454466555360e-19
5.399448403301e-19
5.380982918216e-19
5.351054994722e-19
5.308239753826e-19
5.267768414170e-19
5.204133924020e-19
5.173257335297e-19
5.133507779195e-19
5.079645610887e-19
5.029895464800e-19
4.988444447550e-19
4.958423727434e-19
4.911357571273e-19
4.867574319287e-19
4.837757857562e-19
4.803774897334e-19
4.756958614091e-19
4.709281561456e-19
4.677079012731e-19
4.636800124003e-19
4.614545003864e-19
4.593252462296e-19
4.521524880792e-19
4.480028155063e-19
4.464665455637e-19
4.437034832354e-19
4.389848942219e-19
4.350830050551e-19
4.325686177955e-19
4.298515068557e-19
4.274312237742e-19
4.239811970626e-19
4.175716448103e-19
4.142495183058e-19
4.109432020010e-19
4.100394539622e-19
4.087282791698e-19
4.037404161808e-19
4.015101253493e-19
3.996079686889e-19
3.929983527906e-19
3.896684426749e-19
3.872685308447e-19
3.860157031434e-19
3.812344346866e-19
3.798673023310e-19
3.758059422719e-19
3.747311331261e-19
3.702721575939e-19
3.657281638640e-19
3.650193142448e-19
3.615509695529e-19
3.604850359817e-19
3.584897390064e-19
3.544188273603e-19
3.519691693367e-19
3.454282279831e-19
3.421624340732e-19
3.406380813383e-19
3.397936441630e-19
3.375184128907e-19
3.346831261594e-19
3.321610652104e-19
3.288591128584e-19
3.265500405920e-19
3.235321583347e-19
3.220596205533e-19
3.201431247691e-19
3.184449959044e-19
3.164416115908e-19
3.129773347061e-19
3.079107762536e-19
3.038355933476e-19
3.018435704170e-19
2.994184316333e-19
2.964689766307e-19
2.939046046879e-19
2.917474816753e-19
2.912408517635e-19
2.878394939043e-19
2.851398045981e-19
2.841296380335e-19
2.817071178322e-19
2.810512418078e-19
2.754895387835e-19
2.736052342650e-19
2.723711479393e-19
2.703431813549e-19
2.674401370188e-19
2.639181660866e-19
2.616519057840e-19
2.601621832643e-19
2.583908435772e-19
2.569815910391e-19
2.543944390133e-19
2.525995440058e-19
2.507068879820e-19
2.494463830566e-19
2.473347142007e-19
2.449660912367e-19
2.427067921896e-19
2.409939604067e-19
2.390510757231e-19
2.375576466795e-19
2.346693590563e-19
2.321879220280e-19
2.314093484829e-19
2.286144780937e-19
2.273530470947e-19
2.257752229691e-19
2.230183521642e-19
2.225442394060e-19
2.192309921783e-19
2.169284083549e-19
2.158247840443e-19
2.145279955811e-19
2.126285521095e-19
2.117151899688e-19
2.091538939746e-19
2.078112955672e-19
2.065697530649e-19
2.035889379456e-19
2.028500738752e-19
2.013002951346e-19
1.996927461412e-19
1.981132345354e-19
1.966359064950e-19
1.942590304876e-19
1.922625609291e-19
1.913591395650e-19
1.902612562508e-19
1.879228619509e-19
1.863970170426e-19
1.844688994856e-19
1.840132637534e-19
1.831220879397e-19
1.811030975190e-19
1.794104637570e-19
1.776302296932e-19
1.752810606546e-19
1.744674408659e-19
1.733405080916e-19
1.716876054211e-19
1.710142673821e-19
1.701450885096e-19
1.678270003925e-19
1.671629063206e-19
1.652166832324e-19
1.636381326586e-19
1.627553459837e-19
1.611524718965e-19
1.597714519773e-19
1.587246024333e-19
1.567377063271e-19
1.564726413027e-19
1.551009670186e-19
1.536301344464e-19
1.529577961748e-19
1.523620995792e-19
1.502886667533e-19
1.492330059083e-19
1.478919241178e-19
1.463241299710e-19
1.451311319479e-19
1.444545371835e-19
1.439145632019e-19
1.428163413178e-19
1.411726137275e-19
1.401579587535e-19
1.397333993959e-19
1.382810373906e-19
1.367847997790e-19
1.350119529741e-19
1.345024014598e-19
1.341693480706e-19
1.329146052610e-19
1.320038522838e-19
1.307576250552e-19
1.292276756926e-19
1.283896245630e-19
1.265115167929e-19
1.260627680591e-19
1.253270268468e-19
1.250787901427e-19
1.230773894694e-19
1.220866264162e-19
1.211142241584e-19
1.199857646980e-19
1.199032952588e-19
1.182780121624e-19
1.173901207529e-19
1.170476330062e-19
1.156404405465e-19
1.146062306198e-19
1.142470677716e-19
1.132053148758e-19
1.114010404107e-19
1.109785710695e-19
1.104212300545e-19
1.091481717506e-19
1.081026456563e-19
1.073335473123e-19
1.066877682893e-19
1.059888955366e-19
1.049110159712e-19
1.035650212153e-19
1.030265868511e-19
1.017954789998e-19
1.008912891060e-19
1.004429823862e-19
1.000317139351e-19
9.887056683041e-20
9.821919857850e-20
9.780932852498e-20
9.643043290348e-20
9.606165449565e-20
9.524702495694e-20
9.432736210216e-20
9.318005438114e-20
9.244545185349e-20
9.170391753135e-20
9.074767999860e-20
8.965599481341e-20
8.899312982884e-20
8.865423864327e-20
8.798084945067e-20
8.740099896911e-20
8.654463960853e-20
8.605640191083e-20
8.562076643349e-20
8.490033386290e-20
8.381951557387e-20
8.345941982211e-20
8.283860888199e-20
8.234863370001e-20
8.193203315908e-20
8.116028190268e-20
7.967539385990e-20
7.941489691307e-20
7.885938666728e-20
7.827143103032e-20
7.798844576704e-20
7.736131306778e-20
7.637314721983e-20
7.564927140621e-20
7.491059883935e-20
7.473219552843e-20
7.395253873908e-20
7.341188826965e-20
7.259525063945e-20
7.199275431853e-20
7.138858637639e-20
7.098530923957e-20
7.015459697213e-20
6.966388043640e-20
6.919520447294e-20
6.829046702031e-20
6.778440899185e-20
6.707731760033e-20
6.671996928161e-20
6.643705290376e-20
6.628832628452e-20
6.572458387607e-20
6.537403312118e-20
6.457901311515e-20
6.384179260930e-20
6.301908741082e-20
6.235620301986e-20
6.195601548941e-20
6.136876308487e-20
6.097930043260e-20
6.050700794745e-20
6.036826996971e-20
5.980471826452e-20
5.944939533004e-20
5.898695276291e-20
5.837426862674e-20
5.778430606484e-20
5.742394458713e-20
5.713504357991e-20
5.630156651170e-20
5.578637832895e-20
5.543084909723e-20
5.468826760525e-20
5.406523401924e-20
5.379206314388e-20
5.343340135066e-20
5.283229270978e-20
5.248309385376e-20
5.228066382986e-20
5.130955443154e-20
5.074897787442e-20
5.041775165462e-20
4.982734160693e-20
4.971291583956e-20
4.928322588068e-20
4.893304484794e-20
4.856098538333e-20
4.811316033698e-20
4.791056706621e-20
4.752458818633e-20
4.691620017152e-20
4.682890115483e-20
4.641260244863e-20
4.607725222253e-20
4.516235040472e-20
4.490105244153e-20
4.467237546107e-20
4.423205998040e-20
4.377163436175e-20
4.319079684354e-20
4.287040014739e-20
4.264726690045e-20
4.248077784137e-20
4.164666240259e-20
4.136593980561e-20
4.101781763075e-20
4.074391066145e-20
4.025123481425e-20
3.977654896037e-20
3.955022677785e-20
3.930297573981e-20
3.882374379924e-20
3.857871404002e-20
3.808525400537e-20
3.793807493181e-20
3.756740827344e-20
3.740076117999e-20
3.691912166511e-20
3.666817717663e-20
3.639493006556e-20
3.613597263343e-20
3.600311609201e-20
3.520813913878e-20
3.497981060077e-20
3.478969300974e-20
3.447537539308e-20
3.396749998910e-20
3.370046697807e-20
3.341313047850e-20
3.314165998368e-20
3.275433228173e-20
3.237758471134e-20
3.227303933836e-20
3.189850097968e-20
3.162825297656e-20
3.117392606139e-20
3.088112725416e-20
3.063477957679e-20
3.026319728555e-20
2.984767262672e-20
2.961054642087e-20
2.944528376956e-20
2.919335334386e-20
2.897599151917e-20
2.877775542712e-20
2.837542610041e-20
2.831641898006e-20
2.797796179101e-20
2.775310269124e-20
2.739378770888e-20
2.719000348617e-20
2.707656263392e-20
2.670288834188e-20
2.652617473983e-20
2.628098645470e-20
2.602130145692e-20
2.581199217981e-20
2.553870528071e-20
2.524179181853e-20
2.490232570796e-20
2.486178973109e-20
2.448319986870e-20
2.427938564862e-20
2.404902075075e-20
2.379087552216e-20
2.359645697559e-20
2.341931875625e-20
2.316348189049e-20
2.283593940753e-20
2.258142987598e-20
2.230581760599e-20
2.217561210830e-20
2.196295200231e-20
2.182856308687e-20
2.169460113587e-20
2.147671454230e-20
2.117667030244e-20
2.104122723630e-20
2.085519453449e-20
2.067834398673e-20
2.056619548710e-20
2.006247387727e-20
1.992383738486e-20
1.988540914080e-20
1.961490186748e-20
1.937068281603e-20
1.919570137828e-20
1.897025506750e-20
1.870779169729e-20
1.858421708145e-20
1.838429268325e-20
1.828605868712e-20
1.810536934402e-20
1.795701885755e-20
1.773840025617e-20
1.760006416513e-20
1.737604771886e-20
1.717851990348e-20
1.698434518241e-20
1.681409501560e-20
1.663080674115e-20
1.659515973078e-20
1.632795452711e-20
1.606345205196e-20
1.599223257679e-20
1.579240991682e-20
1.566098664478e-20
1.548077309520e-20
1.526707314673e-20
1.523254221967e-20
1.499933269030e-20
1.480773898856e-20
1.471512589819e-20
1.455220530193e-20
1.445708705512e-20
1.425537546794e-20
1.419723444897e-20
1.392889371169e-20
1.389225896285e-20
1.372832123994e-20
1.359188681524e-20
1.339235746041e-20
1.320632620435e-20
1.302113649211e-20
1.285444811854e-20
1.279069558066e-20
1.261699035099e-20
1.255006872905e-20
1.241214213196e-20
1.229193093514e-20
1.223682609819e-20
1.191014698088e-20
1.178798707021e-20
1.164709444053e-20
1.159205222258e-20
1.136269156832e-20
1.130027064500e-20
1.116419163807e-20
1.110070489380e-20
1.102009528459e-20
1.076596767197e-20
1.069482335523e-20
1.060566807388e-20
1.044495822618e-20
1.033619523862e-20
1.026922916110e-20
1.013692253267e-20
1.007340960464e-20
9.912984865875e-21
9.831668926321e-21
9.734388861048e-21
9.666977907831e-21
9.572588021999e-21
9.400364074343e-21
9.327004709066e-21
9.226011336737e-21
9.072597182262e-21
9.011955326346e-21
8.922353833851e-21
8.777668899942e-21
8.697381075813e-21
8.594257841790e-21
8.506578984176e-21
8.445732295389e-21
8.329808625530e-21
8.175386154811e-21
8.074768378673e-21
8.041281406333e-21
7.917776120883e-21
7.769376820764e-21
7.725921195966e-21
7.665602890423e-21
7.591879272444e-21
7.453447777043e-21
7.377582440526e-21
7.332494489222e-21
7.235450876241e-21
7.176620723639e-21
7.095683374461e-21
6.932517944258e-21
6.872586965100e-21
6.732567437263e-21
6.708912571716e-21
6.625226762874e-21
6.546542116369e-21
6.489212030766e-21
6.354340596846e-21
6.277530019603e-21
6.227747107020e-21
6.179763366549e-21
6.018228424086e-21
5.983536356298e-21
5.928174493806e-21
5.864523575368e-21
5.831609362150e-21
5.752257547355e-21
5.634074662024e-21
5.612414007410e-21
5.565722100904e-21
5.479681993319e-21
5.443753438675e-21
5.408013962602e-21
5.327781266920e-21
5.237273698744e-21
5.166689710280e-21
5.079909410887e-21
5.040882926864e-21
4.984202198813e-21
4.895882444761e-21
4.783928890540e-21
4.713872659230e-21
4.651422031813e-21
4.564100893640e-21
4.529166159567e-21
4.461246780140e-21
4.418654019107e-21
4.333850854845e-21
4.280873706277e-21
4.222875353312e-21
4.159202608753e-21
4.123138035195e-21
4.045763210038e-21
3.995848768220e-21
3.932888162910e-21
3.887570099883e-21
3.837886254718e-21
3.787796846886e-21
3.757808999781e-21
3.722682950667e-21
3.674181662147e-21
3.622774836000e-21
3.566061329261e-21
3.544608453595e-21
3.490366402523e-21
3.451383461807e-21
3.350488887159e-21
3.303373908063e-21
3.268497165105e-21
3.249824359218e-21
3.173414983157e-21
3.141015697310e-21
3.097643012358e-21
3.050846237080e-21
3.007014787241e-21
2.977928955489e-21
2.897580355028e-21
2.863441671804e-21
2.845907300007e-21
2.814924200046e-21
2.796941212927e-21
2.739832196263e-21
2.675726505058e-21
2.628574744341e-21
2.608606923545e-21
2.546767102984e-21
2.505323202783e-21
2.481008579027e-21
2.430305856108e-21
2.406896477408e-21
2.343021517962e-21
2.323854689441e-21
2.285944220471e-21
2.223763373305e-21
2.192124536567e-21
2.159878426010e-21
2.131810707636e-21
2.096730176412e-21
2.091263615154e-21
2.056833924862e-21
2.043208682006e-21
1.980580641297e-21
1.938922182135e-21
1.902998266670e-21
1.875789550434e-21
1.854070255432e-21
1.842077100373e-21
1.810314886266e-21
1.781097484999e-21
1.762467451790e-21
1.707536939690e-21
1.671647651290e-21
1.652558639227e-21
1.629438966296e-21
1.615238656726e-21
1.571625208084e-21
1.550502426757e-21
1.541264073189e-21
1.490227950427e-21
1.462729474021e-21
1.449041382567e-21
1.413806402795e-21
1.383858420188e-21
1.364844058730e-21
1.348996627805e-21
1.317421788907e-21
1.275784330500e-21
1.270098674940e-21
1.248926301651e-21
1.233501554782e-21
1.198682397573e-21
1.177613758338e-21
1.147922268985e-21
1.135494681850e-21
1.120168626465e-21
1.085006338775e-21
1.053044268555e-21
1.038566246791e-21
1.031852404615e-21
1.012755636125e-21
9.925406480500e-22
9.723209430278e-22
9.578781373121e-22
9.318064520742e-22
9.154465864881e-22
8.894585632674e-22
8.772330186835e-22
8.423351345187e-22
8.254264215756e-22
8.072239244477e-22
7.960843728489e-22
7.809207612574e-22
7.660535287923e-22
7.409394817074e-22
7.281603646019e-22
7.176716713257e-22
7.091727887053e-22
6.997575430729e-22
6.709450082519e-22
6.577418694990e-22
6.370880747956e-22
6.227006505939e-22
6.106809273661e-22
6.015863228924e-22
5.920270847291e-22
5.759390035005e-22
5.698794439081e-22
5.379529357970e-22
5.289399863606e-22
5.169687968682e-22
5.037651472943e-22
4.935151148684e-22
4.804347282252e-22
4.622952442220e-22
4.542641265458e-22
4.447612965894e-22
4.266877890332e-22
4.220020219779e-22
4.143635221124e-22
4.036772988204e-22
4.003927630821e-22
3.798941847112e-22
3.766042500223e-22
3.622453002454e-22
3.518367750274e-22
3.416587838434e-22
3.384835949845e-22
3.281995398156e-22
3.230792667738e-22
3.049761149825e-22
3.009671032986e-22
2.897280783014e-22
2.860512723104e-22
2.755049415245e-22
2.682397606091e-22
2.635859680517e-22
2.546141854368e-22
2.456133401388e-22
2.386309253638e-22
2.306611158951e-22
2.248501046548e-22
2.151344745377e-22
2.088815574331e-22
2.035444278647e-22
1.944288333711e-22
1.914181437462e-22
1.865613757851e-22
1.793727178480e-22
1.746848867326e-22
1.697188515042e-22
1.649856367207e-22
1.613711673423e-22
1.586589366450e-22
1.542029179179e-22
1.468599505739e-22
1.402427035777e-22
1.374226077547e-22
1.361559291045e-22
1.325938867895e-22
1.272976990489e-22
1.236465561806e-22
1.196516993416e-22
1.130881879842e-22
1.106273490168e-22
1.072815510827e-22
1.058754282325e-22
9.940250621777e-23
9.767113720037e-23
9.591814053229e-23
9.331006581397e-23
9.143580417834e-23
8.926609401745e-23
8.476183702300e-23
8.314161096626e-23
8.068114750558e-23
7.849457437169e-23
7.660819042362e-23
7.375470770093e-23
7.250848912895e-23
7.040908777375e-23
6.811547975045e-23
6.460641682675e-23
6.396635224960e-23
6.243335918816e-23
5.935266485882e-23
5.760104649865e-23
5.590724622024e-23
5.417059637209e-23
5.281666959585e-23
5.139394504318e-23
4.917304014515e-23
4.837216789440e-23
4.616242535597e-23
4.440214334487e-23
4.397695727355e-23
4.288793703350e-23
4.160299262121e-23
4.075254831927e-23
3.952561292232e-23
3.809461292921e-23
3.743400756120e-23
3.707275285787e-23
3.539401087881e-23
3.492258958365e-23
3.308764042009e-23
3.169490194530e-23
3.070793299124e-23
2.999624033619e-23
2.908959161803e-23
2.828505806819e-23
2.749279238325e-23
2.659424961590e-23
2.608796452705e-23
2.524562120527e-23
2.479689625495e-23
2.408379738980e-23
2.362297774778e-23
2.278018180480e-23
2.218297336611e-23
2.120404416369e-23
2.060040603949e-23
1.992255370926e-23
1.945677192419e-23
1.875885238738e-23
1.811352694257e-23
1.717392639866e-23
1.684496762991e-23
1.645333316238e-23
1.576722335735e-23
1.542960640290e-23
1.456373836572e-23
1.424022201288e-23
1.342677022259e-23
1.302640684050e-23
1.273165429622e-23
1.229597049203e-23
1.194741097141e-23
1.093615090885e-23
1.086809534451e-23
1.037477272393e-23
1.012586677909e-23
9.656277009048e-24
9.385204063681e-24
9.073922743312e-24
8.844347872783e-24
8.426429550007e-24
8.122211269651e-24
7.915328685878e-24
7.693436323251e-24
7.463893318098e-24
6.936874544218e-24
6.647502666999e-24
6.537184095597e-24
6.322467427265e-24
6.185351634087e-24
5.850916058622e-24
5.652151185092e-24
5.445205696531e-24
5.233372537567e-24
5.151490008898e-24
4.812769174060e-24
4.722257274476e-24
4.527222039143e-24
4.466878447315e-24
4.258534985416e-24
4.142667303322e-24
3.926308859653e-24
3.747891131009e-24
3.594862408069e-24
3.374346817541e-24
3.273062619000e-24
3.209633412344e-24
3.098790022502e-24
2.966928816641e-24
2.858995081899e-24
2.746535163022e-24
2.706922967799e-24
2.632588398829e-24
2.463988258820e-24
2.425449717688e-24
2.291087883365e-24
2.232021870841e-24
2.080761327119e-24
2.056692980975e-24
1.971359910415e-24
1.901537821179e-24
1.782141463344e-24
1.694217164494e-24
1.666966906849e-24
1.576936834811e-24
1.530209612404e-24
1.462599350872e-24
1.384774204404e-24
1.359898843464e-24
1.287882722231e-24
1.258369225112e-24
1.223109232430e-24
1.154817829338e-24
1.110512834510e-24
1.102704585069e-24
1.041695465951e-24
1.016184225271e-24
9.605259528355e-25
9.097283469639e-25
8.794150441814e-25
8.576848107329e-25
8.465799387156e-25
8.041281388904e-25
7.713724930080e-25
7.453548968049e-25
7.337523223314e-25
6.806420645905e-25
6.564698764190e-25
6.211784559681e-25
6.172510856441e-25
5.935974014769e-25
5.853849406348e-25
5.670070455288e-25
5.467317565529e-25
5.116309161875e-25
4.893051729487e-25
4.836954849249e-25
4.637209762958e-25
4.403344789212e-25
4.311776249555e-25
4.247820447530e-25
4.042534595635e-25
3.807226366247e-25
3.756677926697e-25
3.668767274246e-25
3.553330084253e-25
3.479855283091e-25
3.349795043203e-25
3.310871422654e-25
3.186096472518e-25
3.053770229950e-25
2.923130437098e-25
2.863881574166e-25
2.767333391283e-25
2.662052149188e-25
2.553899539366e-25
2.490010345655e-25
2.338605805157e-25
2.243118111530e-25
2.208923552637e-25
2.125255993693e-25
2.082506514452e-25
2.016198835563e-25
1.980541989554e-25
1.950144128217e-25
1.893261548490e-25
1.836092100873e-25
1.786599978577e-25
1.722064080300e-25
1.673268425878e-25
1.655246208653e-25
1.604399966245e-25
1.569570194186e-25
1.555092879136e-25
1.512897159898e-25
1.449769507061e-25
1.403626436203e-25
1.371937568765e-25
1.347412046265e-25
1.292930306767e-25
1.270361636346e-25
1.232782192786e-25
1.206291940619e-25
1.178591360877e-25
1.134137825569e-25
1.103610323551e-25
1.097128301572e-25
1.068598525851e-25
1.037288797186e-25
1.028786652428e-25
1.014768541599e-25
9.912647301605e-26
9.656848132643e-26
9.433718899035e-26
9.247506428485e-26
8.997318127197e-26
8.869036098086e-26
8.517031087513e-26
8.372086767767e-26
8.056959110648e-26
8.013414010631e-26
7.858810320294e-26
7.613486976957e-26
7.454284881565e-26
7.280321379724e-26
7.075438325572e-26
6.946707971348e-26
6.860013025820e-26
6.672486349939e-26
6.608395499320e-26
6.398295157294e-26
6.275441572821e-26
6.131331910452e-26
6.017410867383e-26
5.891404788369e-26
5.767830446132e-26
5.644066040419e-26
5.549254001663e-26
5.470689031119e-26
5.314780482327e-26
5.244123375025e-26
5.105842900085e-26
4.968564290916e-26
4.916799790138e-26
4.856678268620e-26
4.739787404198e-26
4.631102328372e-26
4.623149772798e-26
4.423036236466e-26
4.386649911363e-26
4.287237200505e-26
4.269928549553e-26
4.133598771490e-26
4.071231637143e-26
3.995725609839e-26
3.916020844904e-26
3.845200115348e-26
3.763230083500e-26
3.687514154897e-26
3.615279009253e-26
3.565914321556e-26
3.511527868322e-26
3.444739740009e-26
3.377547971875e-26
3.333323896689e-26
3.277904342484e-26
3.192986432091e-26
3.146302757248e-26
3.031926427484e-26
2.990992022184e-26
2.941330096770e-26
2.889845015141e-26
2.859726884395e-26
2.794420640959e-26
2.762489801833e-26
2.706571737158e-26
2.676215925532e-26
2.638914897290e-26
2.600316194551e-26
2.543253432611e-26
2.498637365194e-26
2.474756281711e-26
2.417234304125e-26
2.398927349965e-26
2.362758661951e-26
2.342007203414e-26
2.312133965828e-26
2.245006075435e-26
2.229225123924e-26
2.195842115371e-26
2.178058936814e-26
2.161379580422e-26
2.127959884134e-26
2.078161141203e-26
2.060614831439e-26
2.019679975302e-26
1.949138407457e-26
1.936436891102e-26
1.925296779812e-26
1.903325563984e-26
1.877037027264e-26
1.848072702766e-26
1.827828893345e-26
1.798315768957e-26
1.781478357408e-26
1.752945006657e-26
1.742222817974e-26
1.714777481585e-26
1.704443870315e-26
1.666436517059e-26
1.634817197184e-26
1.617956906116e-26
1.605821570829e-26
1.588733276912e-26
1.568993823230e-26
1.538647671919e-26
1.515138419432e-26
1.495699757097e-26
1.466761604032e-26
1.433450996301e-26
1.406920569325e-26
1.396811775444e-26
1.392755948473e-26
1.374061811524e-26
1.352502290930e-26
1.340642917597e-26
1.320905799141e-26
1.294691571113e-26
1.277154435937e-26
1.264534977893e-26
1.243740511981e-26
1.222054782881e-26
1.213646176160e-26
1.190180514664e-26
1.179293658124e-26
1.171910251451e-26
1.152044338893e-26
1.135837487387e-26
1.124555056631e-26
1.105461390017e-26
1.085041309675e-26
1.080743776615e-26
1.065890319548e-26
1.050588401765e-26
1.039842631660e-26
1.027935943306e-26
1.024882479530e-26
1.006418538751e-26
9.912312766107e-27
9.778423358500e-27
9.725090928326e-27
9.533636621071e-27
9.422468835234e-27
9.299195036211e-27
9.217196627985e-27
9.077465771786e-27
8.957968498577e-27
8.889804709173e-27
8.788647692090e-27
8.690756139151e-27
8.614484458549e-27
8.466697717187e-27
8.371897203823e-27
8.230984684105e-27
8.164419990737e-27
8.101965499598e-27
8.003052406195e-27
7.867837700263e-27
7.845907559648e-27
7.745549144024e-27
7.643854602535e-27
7.574197937020e-27
7.487403349684e-27
7.377564829115e-27
7.333989486370e-27
7.251561555570e-27
7.105908744357e-27
7.066578058079e-27
6.945401564655e-27
6.837153221633e-27
6.805375381600e-27
6.754688001721e-27
6.655352004253e-27
6.547839180530e-27
6.478193995641e-27
6.446233313255e-27
6.383073457763e-27
6.297032755486e-27
6.263578241377e-27
6.189637558706e-27
6.129690965566e-27
6.037949879515e-27
6.001370543568e-27
5.900350451400e-27
5.813999186811e-27
5.747638040156e-27
5.691735884712e-27
5.633111245359e-27
5.581226493864e-27
5.541418073296e-27
5.437325350138e-27
5.364988342240e-27
5.297467424971e-27
5.267070794032e-27
5.207330323818e-27
5.181732867357e-27
5.100371934707e-27
5.047662401493e-27
5.028687242429e-27
4.961893465810e-27
4.927262845249e-27
4.832201392624e-27
4.775812237024e-27
4.756339167254e-27
4.686093090922e-27
4.628911131049e-27
4.579634415820e-27
4.544115638694e-27
4.465225853583e-27
4.431466384767e-27
4.389077749488e-27
4.359717915832e-27
4.332547555592e-27
4.294488924161e-27
4.242920988436e-27
4.200517038020e-27
4.169876349722e-27
4.126231218397e-27
4.048467610364e-27
3.996951478739e-27
3.970984947951e-27
3.940303122747e-27
3.913155649566e-27
3.832452413496e-27
3.814012361808e-27
3.766725661398e-27
3.742065334988e-27
3.716347809891e-27
3.674721425540e-27
3.645476880005e-27
3.604595123703e-27
3.573906679759e-27
3.534717866287e-27
3.484764395038e-27
3.462487737849e-27
3.429142921079e-27
3.389157894559e-27
3.373655297916e-27
3.331722441611e-27
3.286152442697e-27
3.244514482742e-27
3.227212572536e-27
3.194772074167e-27
3.174344283455e-27
3.103472178672e-27
3.085530514605e-27
3.058966404696e-27
3.027227920372e-27
3.008584240064e-27
2.965129597348e-27
2.936317750983e-27
2.910232547272e-27
2.895956796003e-27
2.866241495098e-27
2.828929441554e-27
2.803036345396e-27
2.781951051581e-27
2.759375187375e-27
2.732016910215e-27
2.697141821578e-27
2.680634220960e-27
2.665213876646e-27
2.630710558211e-27
2.592367451982e-27
2.569346417561e-27
2.541792260446e-27
2.531357620435e-27
2.504264076967e-27
2.476104739582e-27
2.464887386364e-27
2.449753857349e-27
2.427544960193e-27
2.402831950295e-27
2.384787744516e-27
2.368646107740e-27
2.340832026890e-27
2.324749950049e-27
2.298314681649e-27
2.276405661848e-27
2.255612582072e-27
2.237330312248e-27
2.209232760608e-27
2.183400049933e-27
2.172309538334e-27
2.159661117031e-27
2.139006970733e-27
2.111972598583e-27
2.108125269605e-27
2.082009763001e-27
2.062698697110e-27
2.042013208175e-27
2.015609098000e-27
1.993916016512e-27
1.972800091746e-27
1.957362864652e-27
1.944986395016e-27
1.929261077181e-27
1.914504468457e-27
1.901252496074e-27
1.884517656456e-27
1.867871185971e-27
1.843528482798e-27
1.827331779285e-27
1.814620105883e-27
1.794599793884e-27
1.780760520826e-27
1.777503912303e-27
1.749550516100e-27
1.747058766179e-27
1.731738102972e-27
1.718278281246e-27
1.704312468289e-27
1.694320677782e-27
1.675797734742e-27
1.658593309980e-27
1.640233460502e-27
1.631034450127e-27
1.613772499719e-27
1.602194202519e-27
1.585067472523e-27
1.565040601083e-27
1.553588015376e-27
1.541475651756e-27
1.531642704051e-27
1.527677431257e-27
1.505763060742e-27
1.491566587190e-27
1.480414687643e-27
1.471082449174e-27
1.459779231197e-27
1.453562386469e-27
1.432625900736e-27
1.425473986703e-27
1.409919039534e-27
1.390172109989e-27
1.385879594236e-27
1.370823248171e-27
1.366447980893e-27
1.351844642683e-27
1.342554234843e-27
1.330527007672e-27
1.325318779129e-27
1.309419640039e-27
1.300626737886e-27
1.293933705563e-27
1.287963626978e-27
1.274893704259e-27
1.270025704899e-27
1.262048866191e-27
1.247088463550e-27
1.238953968131e-27
1.225294735422e-27
1.215811203130e-27
1.209189217596e-27
1.198397344477e-27
1.194775737825e-27
1.183536238967e-27
1.176297363963e-27
1.167323589729e-27
1.159238251248e-27
1.152114889673e-27
1.135573401085e-27
1.130003680691e-27
1.116998506695e-27
1.109699801170e-27
1.103796600901e-27
1.093536570164e-27
1.088598165889e-27
1.083239483322e-27
1.075504141633e-27
1.067372535122e-27
1.057834993703e-27
1.053692006151e-27
1.045310347942e-27
1.036220539304e-27
1.029429673028e-27
1.021472302490e-27
1.008339985639e-27
1.003181191918e-27
9.924700013976e-28
9.878987317643e-28
9.828151804604e-28
9.730823714601e-28
9.690708163137e-28
9.629371884773e-28
9.543837438247e-28
9.519767080611e-28
9.476441254350e-28
9.324729661710e-28
9.277280148973e-28
9.221512213418e-28
9.145400046561e-28
9.067348786480e-28
9.043751901246e-28
9.001051339606e-28
8.899019265890e-28
8.792607382709e-28
8.713277878380e-28
8.635962572284e-28
8.611475339293e-28
8.551673733897e-28
8.479910272212e-28
8.455411147466e-28
8.363041283279e-28
8.347602850235e-28
8.260144670142e-28
8.166844614854e-28
8.108807033045e-28
8.065510188202e-28
8.024326468115e-28
7.931259941210e-28
7.880730573751e-28
7.838310488253e-28
7.831016570472e-28
7.743049172548e-28
7.699457102311e-28
7.648171430869e-28
7.605893269575e-28
7.572698374622e-28
7.480201060653e-28
7.439769322059e-28
7.357798783954e-28
7.336105940901e-28
7.283533420885e-28
7.266049824383e-28
7.206515137885e-28
7.160551711895e-28
7.101525997309e-28
7.070159804308e-28
7.045631198183e-28
6.958290453422e-28
6.911078914172e-28
6.876051814752e-28
6.835678285250e-28
6.796313004191e-28
6.745604343827e-28
6.724643841759e-28
6.693262430781e-28
6.647625076762e-28
6.561353464191e-28
6.540570284442e-28
6.508135123239e-28
6.459331193838e-28
6.391072491801e-28
6.373849473609e-28
6.332999635476e-28
6.271990610414e-28
6.253329977736e-28
6.201000470730e-28
6.181111046378e-28
6.115392336553e-28
6.106699453485e-28
6.062377330317e-28
6.012476919245e-28
5.966939309893e-28
5.932554810365e-28
5.906811983718e-28
5.846122449828e-28
5.828256280926e-28
5.774031024311e-28
5.719661072851e-28
5.715727633525e-28
5.676444723750e-28
5.659658058699e-28
5.630211880810e-28
5.574389318943e-28
5.521846048807e-28
5.491685533115e-28
5.476892917891e-28
5.429362486351e-28
5.400913981844e-28
5.367661235881e-28
5.334691395925e-28
5.303874446913e-28
5.253380274875e-28
5.241846650946e-28
5.210086132493e-28
5.165282564705e-28
5.145105389364e-28
5.127126938722e-28
5.070754576499e-28
5.060689833189e-28
5.031639911732e-28
5.010068622802e-28
4.982529603339e-28
4.952927984806e-28
4.935135601060e-28
4.885114906713e-28
4.856620374328e-28
4.822416858622e-28
4.802218349838e-28
4.787623203305e-28
4.733191493825e-28
4.703876854079e-28
4.695862298674e-28
4.659679857114e-28
4.626728492325e-28
4.597690319525e-28
4.593276037882e-28
4.558397114730e-28
4.530294054819e-28
4.510699277884e-28
4.500779528314e-28
4.470391816863e-28
4.429712673651e-28
4.408286813012e-28
4.378194486079e-28
4.363917441117e-28
4.335375681274e-28
4.327821042444e-28
4.281036558905e-28
4.256106104484e-28
4.232424291575e-28
4.226863825023e-28
4.207442979987e-28
4.185366721692e-28
4.147498301499e-28
4.135785103739e-28
4.120025034850e-28
4.079732713010e-28
4.067759603170e-28
4.051262699352e-28
4.010454496213e-28
3.990320461329e-28
3.975780549932e-28
3.945903510222e-28
3.922926923161e-28
3.896522276120e-28
3.885048070317e-28
3.877637639704e-28
3.850919456240e-28
3.822184791698e-28
3.808600926234e-28
3.787492174989e-28
3.762204167422e-28
3.744698814979e-28
3.718016564263e-28
3.708992115899e-28
3.686081694361e-28
3.670389634966e-28
3.631065615482e-28
3.620954501842e-28
3.602511447753e-28
3.577078750944e-28
3.557146705371e-28
3.537582322263e-28
3.523308408035e-28
3.513510820210e-28
3.503707428725e-28
3.478851574499e-28
3.459407144790e-28
3.452385170303e-28
3.421567725514e-28
3.403031931997e-28
3.387641157750e-28
3.362608317687e-28
3.348109830307e-28
3.331669671310e-28
3.295844180583e-28
3.288631289670e-28
3.272887367949e-28
3.249469902767e-28
3.233048493868e-28
3.218195000475e-28
3.213727039587e-28
3.198736669786e-28
3.164427097908e-28
3.158350662706e-28
3.127185002251e-28
3.123730449629e-28
3.100864146677e-28
3.090650432635e-28
3.073305162369e-28
3.046851603653e-28
3.034637795292e-28
3.029532685279e-28
3.003077566685e-28
2.982952622437e-28
2.977936640948e-28
2.962212237268e-28
2.944631892396e-28
2.929161228478e-28
2.916906023508e-28
2.898929605058e-28
2.890670052626e-28
2.874779213163e-28
2.864138066608e-28
2.848709401710e-28
2.827275113434e-28
2.820853147366e-28
2.808058519660e-28
2.785938610667e-28
2.779404637880e-28
2.771078688810e-28
2.748432539868e-28
2.732864044006e-28
2.731055625700e-28
2.713918003917e-28
2.700901705514e-28
2.685724858823e-28
2.680329848109e-28
2.665147784167e-28
2.642850176449e-28
2.630662170715e-28
2.617774866572e-28
2.606822454531e-28
2.587083993239e-28
2.577927627275e-28
2.567121896022e-28
2.556942122469e-28
2.549430951898e-28
2.544052011220e-28
2.530416942577e-28
2.516586503605e-28
2.500224012380e-28
2.494921854863e-28
2.477744217717e-28
2.462187272536e-28
2.447660043546e-28
2.441129340297e-28
2.432077111979e-28
2.419832771069e-28
2.406707126142e-28
2.393458706016e-28
2.387250886227e-28
2.372606394056e-28
2.368552513604e-28
2.357312698288e-28
2.346176493169e-28
2.329996453292e-28
2.315987108699e-28
2.303544076688e-28
2.292177717050e-28
2.283096315894e-28
2.279080429338e-28
2.268443555641e-28
2.261591024274e-28
2.249909448929e-28
2.235920018243e-28
2.225161520852e-28
2.213365813767e-28
2.206332891654e-28
2.190449182547e-28
2.181942389218e-28
2.178128734230e-28
2.173432088953e-28
2.163049316694e-28
2.155873602047e-28
2.141495005023e-28
2.136271079405e-28
2.123118158052e-28
2.110779637109e-28
2.098144322847e-28
2.084502477863e-28
2.081762270276e-28
2.077554075424e-28
2.058781235147e-28
2.051163743424e-28
2.039304773371e-28
2.030069430021e-28
2.021937945078e-28
2.005351431850e-28
2.000643719354e-28
1.990185075041e-28
1.981853849885e-28
1.977418816657e-28
1.966713627093e-28
1.963941055658e-28
1.959706638660e-28
1.941292887290e-28
1.936302794946e-28
1.926718924470e-28
1.919396610076e-28
1.906695592692e-28
1.897234002871e-28
1.889207113020e-28
1.880315573756e-28
1.863700877044e-28
1.858276822348e-28
1.851063147635e-28
1.835817422174e-28
1.826912131124e-28
1.824866313370e-28
1.813692109199e-28
1.805824933398e-28
1.793050365360e-28
1.788994806399e-28
1.778204451276e-28
1.769761116723e-28
1.763654896507e-28
1.757539871558e-28
1.749693229047e-28
1.742850064823e-28
1.734573962397e-28
1.726090565070e-28
1.718804630214e-28
1.708806074614e-28
1.701270042237e-28
1.694063925742e-28
1.686696115966e-28
1.680739597444e-28
1.672848465011e-28
1.667701469022e-28
1.658246172915e-28
1.651681977969e-28
1.646181388561e-28
1.637060647462e-28
1.626815905153e-28
1.618897755328e-28
1.614089330821e-28
1.609775026076e-28
1.599707671024e-28
1.595167672873e-28
1.589200922944e-28
1.582866301388e-28
1.577417442211e-28
1.560583340895e-28
1.557901825791e-28
1.550020157648e-28
1.545520526445e-28
1.534902068335e-28
1.529684155883e-28
1.521615978054e-28
1.519192553114e-28
1.514160605721e-28
1.504374603438e-28
1.497070393311e-28
1.491284791075e-28
1.489182093961e-28
1.478371515355e-28
1.475770747993e-28
1.465331893665e-28
1.460499659006e-28
1.455422898282e-28
1.447891693473e-28
1.446630250718e-28
1.440198963991e-28
1.429285674080e-28
1.421182197547e-28
1.418274318350e-28
1.415080842707e-28
1.407959981265e-28
1.402474061683e-28
1.396151362815e-28
1.390908523500e-28
1.385129565746e-28
1.374943840293e-28
1.366561216504e-28
1.359498013614e-28
1.354861591020e-28
1.352480599753e-28
1.346669200964e-28
1.344589696670e-28
1.337600429456e-28
1.332602033065e-28
1.326051731123e-28
1.320334176406e-28
1.316107741584e-28
1.312967776994e-28
1.304184662870e-28
1.294974022070e-28
1.291880636582e-28
1.286138198558e-28
1.280944825766e-28
1.273725841081e-28
1.268958570398e-28
1.267385330338e-28
1.260894255134e-28
1.254570092546e-28
1.248102999745e-28
1.243104895134e-28
1.236856560767e-28
1.232815769168e-28
1.228182473162e-28
1.223854301809e-28
1.214886013409e-28
1.209576904307e-28
1.201972192070e-28
1.200239798709e-28
1.196321339345e-28
1.191854904651e-28
1.189770820190e-28
1.181576910130e-28
1.176763494941e-28
1.174777144669e-28
1.171064626948e-28
1.161523882074e-28
1.159440594827e-28
1.153489649054e-28
1.149379488906e-28
1.140108789111e-28
1.139204410269e-28
1.135673350040e-28
1.131930672298e-28
1.125514396455e-28
1.120762090400e-28
1.114353623485e-28
1.111417278871e-28
1.105505943318e-28
1.098780898740e-28
1.095933219639e-28
1.089736875099e-28
1.087393566325e-28
1.085409680436e-28
1.080950830875e-28
1.072603161879e-28
1.070787115483e-28
1.067578060710e-28
1.061506336110e-28
1.057826795789e-28
1.052713136268e-28
1.049994222449e-28
1.045406234139e-28
1.041132123669e-28
1.035782229757e-28
1.031238130932e-28
1.023302982648e-28
1.021954984499e-28
1.017449192952e-28
1.015261450088e-28
1.011151191663e-28
1.009201086171e-28
1.002785827101e-28
9.979773837776e-29
9.957899082189e-29
9.912008133628e-29
9.892874630435e-29
9.838326315019e-29
9.809228278101e-29
9.750024121467e-29
9.711488582976e-29
9.636258401842e-29
9.602194016246e-29
9.586942121051e-29
9.559252211547e-29
9.502861379496e-29
9.427537936272e-29
9.399818923356e-29
9.391111349805e-29
9.359016953697e-29
9.345864686790e-29
9.284882951120e-29
9.265558977727e-29
9.197487154987e-29
9.177914957300e-29
9.147682534764e-29
9.105325710614e-29
9.074394848072e-29
9.034448163307e-29
9.005334098192e-29
8.977392007035e-29
8.954151788829e-29
8.918800380352e-29
8.853566356438e-29
8.834433264885e-29
8.809053250411e-29
8.770332274064e-29
8.748713353700e-29
8.703441729612e-29
8.674907732807e-29
8.637646508622e-29
8.597578400502e-29
8.590568137115e-29
8.525404665670e-29
8.482440578812e-29
8.438886843615e-29
8.413424189395e-29
8.387182640946e-29
8.335567663918e-29
8.301164213152e-29
8.284866335089e-29
8.267965573127e-29
8.230551058284e-29
8.203168828016e-29
8.171059156075e-29
8.140459652495e-29
8.092709759730e-29
8.078207863548e-29
8.041958090776e-29
8.025072498612e-29
7.968408564612e-29
7.930518172134e-29
7.888474673885e-29
7.880103315864e-29
7.846680588976e-29
7.808186048650e-29
7.781519859333e-29
7.752994122482e-29
7.730052729936e-29
7.686956511921e-29
7.653211478660e-29
7.633473045194e-29
7.615346595060e-29
7.582765479128e-29
7.561462340132e-29
7.504500250064e-29
7.478456987935e-29
7.447857265831e-29
7.421682032177e-29
7.414504070423e-29
7.390868960147e-29
7.337001109372e-29
7.304272750147e-29
7.282705560487e-29
7.253274845261e-29
7.227793663525e-29
7.179442211637e-29
7.147131722277e-29
7.126192107595e-29
7.099410928272e-29
7.080645244858e-29
7.040721884100e-29
7.019436597787e-29
6.987644636250e-29
6.966281846016e-29
6.937746272485e-29
6.894200734526e-29
6.883731074300e-29
6.852244575146e-29
6.825027099823e-29
6.796566564934e-29
6.767717201511e-29
6.755736606236e-29
6.720866389634e-29
6.695621370915e-29
6.679672731919e-29
6.661281074228e-29
6.641247416451e-29
6.618565043453e-29
6.593809652809e-29
6.548151725518e-29
6.525645786717e-29
6.496547261936e-29
6.477947159159e-29
6.443271228150e-29
6.411112753393e-29
6.400250175098e-29
6.386943396835e-29
6.372712866449e-29
6.344721845180e-29
6.306327375294e-29
6.280331105597e-29
6.265506252578e-29
6.244674114741e-29
6.224206044302e-29
6.188312026888e-29
6.160446827414e-29
6.142459308915e-29
6.114623783025e-29
6.103916487780e-29
6.086087585386e-29
6.074324493105e-29
6.041882464028e-29
6.006048281640e-29
5.986621909499e-29
5.964631393590e-29
5.940838996573e-29
5.919783021220e-29
5.901015914005e-29
5.886213858240e-29
5.863233489742e-29
5.840206213908e-29
5.822993981120e-29
5.781824360933e-29
5.770535143217e-29
5.744656975800e-29
5.719218597657e-29
5.707793037805e-29
5.675025343016e-29
5.655890008411e-29
5.628910431557e-29
5.607033271791e-29
5.598147376469e-29
5.570633187878e-29
5.551801531365e-29
5.525677978687e-29
5.505571613309e-29
5.496033206793e-29
5.470929028770e-29
5.446274497353e-29
5.437967536164e-29
5.419245089902e-29
5.410155328630e-29
5.384860848496e-29
5.351331940148e-29
5.334038756933e-29
5.317449333903e-29
5.296285262322e-29
5.275344953121e-29
5.255131278998e-29
5.233948554029e-29
5.205893907098e-29
5.175754086056e-29
5.161338329418e-29
5.136384368840e-29
5.130695398009e-29
5.095244120328e-29
5.084140075231e-29
5.077951675407e-29
5.070200687987e-29
5.049536639711e-29
5.035894740808e-29
5.008898360421e-29
4.993345809165e-29
4.981922373993e-29
4.941007414105e-29
4.937097581905e-29
4.918038558566e-29
4.899194791916e-29
4.863926572999e-29
4.842933315504e-29
4.829159426387e-29
4.822632448875e-29
4.804500173505e-29
4.767409619352e-29
4.760316018871e-29
4.742796238949e-29
4.731728190439e-29
4.704583378578e-29
4.684864901483e-29
4.672619010769e-29
4.657483858947e-29
4.642766800160e-29
4.619401375551e-29
4.605606290145e-29
4.591299698680e-29
4.580785456693e-29
4.555490339110e-29
4.546977596395e-29
4.531505070683e-29
4.513829292334e-29
4.504759667442e-29
4.484519135972e-29
4.461221740749e-29
4.444991229819e-29
4.428120458675e-29
4.413524153110e-29
4.386189693858e-29
4.378551301385e-29
4.372053484806e-29
4.352617188606e-29
4.325857237798e-29
4.309251646678e-29
4.297616267619e-29
4.271864407914e-29
4.261517625870e-29
4.246367959285e-29
4.231544187734e-29
4.209605871408e-29
4.196372944588e-29
4.178938541474e-29
4.170415625139e-29
4.151901747525e-29
4.140410555782e-29
4.122937262200e-29
4.111061706446e-29
4.103368631455e-29
4.091765551496e-29
4.063364093291e-29
4.039461632250e-29
4.037191866480e-29
4.023752880324e-29
4.002227442213e-29
3.986848590944e-29
3.978484722000e-29
3.965169110276e-29
3.957383548402e-29
3.934481618579e-29
3.917277289912e-29
3.901497081084e-29
3.895121955369e-29
3.863285539777e-29
3.853216272063e-29
3.847478317185e-29
3.833869963729e-29
3.818863249792e-29
3.801559367446e-29
3.786924043857e-29
3.769541084744e-29
3.753413265260e-29
3.744443213172e-29
3.734996530091e-29
3.729941694136e-29
3.722831094265e-29
3.697361579251e-29
3.680734904088e-29
3.677698371849e-29
3.659579887675e-29
3.641326407655e-29
3.635343476536e-29
3.625082386030e-29
3.616648930967e-29
3.607018182127e-29
3.585595024180e-29
3.580385700105e-29
3.561838048886e-29
3.553744215726e-29
3.534185121632e-29
3.525683173357e-29
3.508532627842e-29
3.493050506319e-29
3.477335947742e-29
3.465705802146e-29
3.458081017864e-29
3.447984692823e-29
3.442417591722e-29
3.419971723062e-29
3.409856676164e-29
3.402102369528e-29
3.389955844968e-29
3.378144762564e-29
3.361203000692e-29
3.352185169778e-29
3.339084011995e-29
3.331440382262e-29
3.313438952118e-29
3.305960593192e-29
3.287813397971e-29
3.274526347572e-29
3.262549635455e-29
3.255052856244e-29
3.240880634010e-29
3.228707568409e-29
3.217420283109e-29
3.209112137745e-29
3.198105797684e-29
3.175364282847e-29
3.170117829698e-29
3.159689340024e-29
3.154383879501e-29
3.140203098355e-29
3.124838705495e-29
3.109541398815e-29
3.103689407449e-29
3.087406351524e-29
3.079104791831e-29
3.072459294570e-29
3.060728473952e-29
3.052158781563e-29
3.050011224156e-29
3.031675195674e-29
3.020740633359e-29
3.016642462241e-29
3.002770374931e-29
2.987796651568e-29
2.978577653194e-29
2.964939052786e-29
2.952109841867e-29
2.945199382561e-29
2.930228856639e-29
2.922078404166e-29
2.909687273338e-29
2.903552109986e-29
2.897382230444e-29
2.881667113701e-29
2.875828260997e-29
2.866149621712e-29
2.855437687814e-29
2.839628130487e-29
2.829115491745e-29
2.819698588266e-29
2.806918088153e-29
2.794518482756e-29
2.782497079573e-29
2.775725971483e-29
2.765145407856e-29
2.754305017908e-29
2.751572022073e-29
2.734776764090e-29
2.730550914923e-29
2.715239725189e-29
2.710448356358e-29
2.703188529542e-29
2.690211897421e-29
2.686160676367e-29
2.671699868543e-29
2.658920993736e-29
2.648826775172e-29
2.642145642410e-29
2.640453516701e-29
2.626021841317e-29
2.619540906636e-29
2.614817534546e-29
2.607358867577e-29
2.593806229530e-29
2.585693540666e-29
2.572975977545e-29
2.566440704147e-29
2.563536394767e-29
2.555099515289e-29
2.546759929559e-29
2.533253571481e-29
2.527540514752e-29
2.515298041841e-29
2.502449856751e-29
2.499429809339e-29
2.489090187898e-29
2.480833454964e-29
2.472975677678e-29
2.457402488469e-29
2.452101683726e-29
2.448205678900e-29
2.440282050064e-29
2.429368100815e-29
2.423633324314e-29
2.415260877441e-29
2.408233342642e-29
2.393721082401e-29
2.381940437301e-29
2.371994329400e-29
2.367383015872e-29
2.356868301142e-29
2.350287345188e-29
2.337622006157e-29
2.330144860905e-29
2.324147763215e-29
2.317453323009e-29
2.309743502979e-29
2.301655980679e-29
2.293114500894e-29
2.283326296180e-29
2.280804281731e-29
2.269495801318e-29
2.266064515187e-29
2.259928424973e-29
2.246487457683e-29
2.241226258728e-29
2.229065781964e-29
2.222043201163e-29
2.211708477744e-29
2.204095280127e-29
2.190575193864e-29
2.188721443412e-29
2.180244554584e-29
2.177469984201e-29
2.170423030811e-29
2.156239254394e-29
2.148756225874e-29
2.143382797589e-29
2.138509875217e-29
2.132275754104e-29
2.121450696838e-29
2.116990500045e-29
2.111134148139e-29
2.096142007769e-29
2.092139425007e-29
2.089257884613e-29
2.079804279270e-29
2.072310946502e-29
2.067897678671e-29
2.053061299087e-29
2.046620081648e-29
2.039627217092e-29
2.032628301512e-29
2.027858635321e-29
2.017119476643e-29
2.013379092842e-29
2.002246273603e-29
1.996631741259e-29
1.990848718050e-29
1.986814516208e-29
1.980901024237e-29
1.974983360436e-29
1.962673522237e-29
1.956805771352e-29
1.948326064327e-29
1.938903203240e-29
1.937408402980e-29
1.933170851580e-29
1.920606946843e-29
1.918001126237e-29
1.909671852688e-29
1.894506539248e-29
1.892600223552e-29
1.890237205098e-29
1.886525714920e-29
1.881379450931e-29
1.872172511784e-29
1.867578232030e-29
1.859785877180e-29
1.850844468353e-29
1.848833485976e-29
1.836104048597e-29
1.829452931726e-29
1.824589548890e-29
1.819273849735e-29
1.810900038879e-29
1.805978449170e-29
1.799665274258e-29
1.795117930090e-29
1.785261773163e-29
1.778086651320e-29
1.772331380431e-29
1.767546947214e-29
1.760273885224e-29
1.754355799716e-29
1.744590613027e-29
1.743304928638e-29
1.737346539625e-29
1.730384697835e-29
1.725689066205e-29
1.715692918315e-29
1.710609143122e-29
1.706908259940e-29
1.700675058382e-29
1.692953587101e-29
1.684235466953e-29
1.678673506215e-29
1.672175939844e-29
1.665593620386e-29
1.661134834047e-29
1.657035554605e-29
1.651856334185e-29
1.648432031884e-29
1.641397912323e-29
1.637096434342e-29
1.630104208234e-29
1.624728208103e-29
1.614904284108e-29
1.611023830439e-29
1.605116885598e-29
1.598897231205e-29
1.593105933526e-29
1.588811250662e-29
1.582466510394e-29
1.581732399922e-29
1.577742706620e-29
1.561432588401e-29
1.558562371913e-29
1.553925116265e-29
1.548956464920e-29
1.544770902051e-29
1.541713969026e-29
1.538411206738e-29
1.531319193670e-29
1.522103505794e-29
1.519670851747e-29
1.513884711435e-29
1.508586066966e-29
1.505673026268e-29
1.497552193733e-29
1.495640405528e-29
1.491416006992e-29
1.484562202212e-29
1.480129057612e-29
1.471801698099e-29
1.469036544589e-29
1.466458872776e-29
1.459332671027e-29
1.453896528762e-29
1.448113713977e-29
1.444910288023e-29
1.441038565512e-29
1.433788815826e-29
1.428014364125e-29
1.421071774784e-29
1.417893656206e-29
1.411520751504e-29
1.407578762045e-29
1.402500144825e-29
1.396520605809e-29
1.392986861972e-29
1.388748294077e-29
1.382407954350e-29
1.380076425647e-29
1.376533219147e-29
1.370780641595e-29
1.364270620611e-29
1.361883467482e-29
1.353661172617e-29
1.351665920673e-29
1.345477137472e-29
1.338908895724e-29
1.335928684769e-29
1.329705683329e-29
1.325813848819e-29
1.321407412642e-29
1.313060651895e-29
1.306819426988e-29
1.304052416349e-29
1.300018136317e-29
1.294832654771e-29
1.290588512852e-29
1.284803213130e-29
1.281398650967e-29
1.276467348620e-29
1.272656721239e-29
1.268912220068e-29
1.263620697784e-29
1.259908375456e-29
1.257801085224e-29
1.254406781731e-29
1.249087140431e-29
1.242534295151e-29
1.240877626874e-29
1.237040334746e-29
1.233057428295e-29
1.229496178575e-29
1.227671430992e-29
1.220865614028e-29
1.217211221274e-29
1.211402127619e-29
1.208313511709e-29
1.200235690369e-29
1.198420709676e-29
1.193451277136e-29
1.187296861467e-29
1.183884285099e-29
1.176428738831e-29
1.172172813477e-29
1.171215997269e-29
1.164975525789e-29
1.160210778655e-29
1.157275653252e-29
1.152231945686e-29
1.150071357482e-29
1.144030605021e-29
1.141931707441e-29
1.136623568697e-29
1.132887655954e-29
1.126665474906e-29
1.124509749878e-29
1.120605361423e-29
1.116705600658e-29
1.113751103674e-29
1.107339258628e-29
1.103226414389e-29
1.100594208021e-29
1.096420863840e-29
1.092632165290e-29
1.090588189784e-29
1.082768202695e-29
1.077765658289e-29
1.072812558764e-29
1.070816494311e-29
1.068097340992e-29
1.063453725847e-29
1.060867915724e-29
1.058621437781e-29
1.054162606145e-29
1.050756755662e-29
1.047375289771e-29
1.041907358644e-29
1.036187009469e-29
1.033290751894e-29
1.030730140544e-29
1.027222686102e-29
1.021709765723e-29
1.018981595530e-29
1.014652465968e-29
1.013139363513e-29
1.009683718863e-29
1.005477779611e-29
1.002489528170e-29
9.979971280854e-30
9.956019250546e-30
9.907459425526e-30
9.877867627741e-30
9.857601653066e-30
9.824632719137e-30
9.788112107090e-30
9.766923010105e-30
9.710517633230e-30
9.677073293962e-30
9.640729055572e-30
9.593880491389e-30
9.547488194052e-30
9.538930067165e-30
9.503432189769e-30
9.468322851018e-30
9.419825639597e-30
9.389196830895e-30
9.355057617569e-30
9.315772265845e-30
9.274813986781e-30
9.261885151024e-30
9.226603001655e-30
9.183243009946e-30
9.169671811309e-30
9.120982150211e-30
9.099200608906e-30
9.068475918885e-30
9.006393372036e-30
8.960424122771e-30
8.935501386820e-30
8.904529490116e-30
8.864888496837e-30
8.834257571018e-30
8.785745188156e-30
8.751742116024e-30
8.733820455367e-30
8.709389303303e-30
8.691725969071e-30
8.648592587629e-30
8.614437419902e-30
8.595595721128e-30
8.556215552176e-30
8.531791736780e-30
8.483701881396e-30
8.469396325937e-30
8.420200934240e-30
8.388643664277e-30
8.366987122571e-30
8.338046488668e-30
8.326390074907e-30
8.287739742571e-30
8.265460705417e-30
8.209970468064e-30
8.183958983370e-30
8.160460809600e-30
8.120863675066e-30
8.101825171871e-30
8.081704174493e-30
8.046833819524e-30
8.015046268402e-30
7.986404047200e-30
7.957732153635e-30
7.948457570608e-30
7.882419238882e-30
7.853727587471e-30
7.822293932479e-30
7.801575885676e-30
7.778649448644e-30
7.753780323776e-30
7.719959028337e-30
7.671243486629e-30
7.645332579798e-30
7.628142116318e-30
7.602060835246e-30
7.591460995356e-30
7.548745823909e-30
7.538318165475e-30
7.496034285757e-30
7.459671460582e-30
7.434261878744e-30
7.410203778102e-30
7.373576538604e-30
7.339269496377e-30
7.316068497177e-30
7.280878833823e-30
7.272517370924e-30
7.249521779769e-30
7.234408390400e-30
7.205392167923e-30
7.172800775601e-30
7.143492695322e-30
7.108583256203e-30
7.084144797288e-30
7.049440731149e-30
7.033490895639e-30
6.997068684332e-30
6.988175096211e-30
6.945929172085e-30
6.915500565373e-30
6.887453637895e-30
6.867271371134e-30
6.842261530685e-30
6.804693496104e-30
6.783800016344e-30
6.767309833476e-30
6.740994088419e-30
6.718452659143e-30
6.697592221653e-30
6.672233899386e-30
6.652264187966e-30
6.626480827379e-30
6.595582604657e-30
6.564798667783e-30
6.544964933664e-30
6.512350154590e-30
6.492853631430e-30
6.474821759226e-30
6.439046374406e-30
6.403940674680e-30
6.370824205266e-30
6.358130948379e-30
6.336023270511e-30
6.315503110963e-30
6.301477878646e-30
6.287304247038e-30
6.268577991438e-30
6.218005636461e-30
6.197524827675e-30
6.181279595662e-30
6.152407953777e-30
6.131298719903e-30
6.115031193663e-30
6.068130055244e-30
6.049985786163e-30
6.036956871339e-30
6.004104960473e-30
5.975048608031e-30
5.963401764854e-30
5.945641525870e-30
5.919519205428e-30
5.912167007804e-30
5.887770872085e-30
5.858135773445e-30
5.845394799046e-30
5.818436368928e-30
5.793749601321e-30
5.787292249734e-30
5.730359323764e-30
5.714005003989e-30
5.692378870157e-30
5.684608508786e-30
5.662393220881e-30
5.624383394736e-30
5.606589974160e-30
5.586958894222e-30
5.577118905104e-30
5.539219403102e-30
5.512725001453e-30
5.491879934893e-30
5.476149993967e-30
5.461007452189e-30
5.447776824003e-30
5.426737786567e-30
5.391054292273e-30
5.342783048473e-30
5.327643299788e-30
5.315799959751e-30
5.304625876775e-30
5.287052733964e-30
5.265406519976e-30
5.224201795969e-30
5.221232222467e-30
5.197856764227e-30
5.173075912310e-30
5.152649650067e-30
5.139644355493e-30
5.122451395350e-30
5.088353544196e-30
5.069971547304e-30
5.058885093454e-30
5.040263915240e-30
5.010832339850e-30
4.992726260423e-30
4.980879946788e-30
4.950511860189e-30
4.933236318796e-30
4.909936830010e-30
4.895905100798e-30
4.859759556328e-30
4.843252063856e-30
4.830214069112e-30
4.817017354648e-30
4.798649330540e-30
4.767405902467e-30
4.744994957812e-30
4.731908656441e-30
4.713426033872e-30
4.693443768831e-30
4.678224791433e-30
4.647312069804e-30
4.617033880870e-30
4.601577970373e-30
4.595112862472e-30
4.574074895466e-30
4.554311552420e-30
4.540359190983e-30
4.526452898154e-30
4.521936572567e-30
4.492857936548e-30
4.471456076369e-30
4.455529345734e-30
4.437702338930e-30
4.422435807719e-30
4.410658099821e-30
4.377918890297e-30
4.358750001057e-30
4.340113822575e-30
4.325142368937e-30
4.300298560883e-30
4.270058664029e-30
4.263160306437e-30
4.252654666916e-30
4.242945613800e-30
4.221119481418e-30
4.192016284627e-30
4.176579483228e-30
4.155447215767e-30
4.150295192284e-30
4.140530915990e-30
4.118023421126e-30
4.097170896577e-30
4.089200559266e-30
4.070711671629e-30
4.061443624461e-30
4.045078448011e-30
4.014853093609e-30
4.004492948338e-30
3.988081716893e-30
3.964404454498e-30
3.954718801601e-30
3.935824940420e-30
3.911040131074e-30
3.902418842207e-30
3.885567765696e-30
3.868817857542e-30
3.846367455545e-30
3.819979508563e-30
3.808198063936e-30
3.791047730167e-30
3.778671961596e-30
3.756996457127e-30
3.742477521008e-30
3.728969115273e-30
3.720265429030e-30
3.708124826561e-30
3.685823846469e-30
3.663308288613e-30
3.652388351694e-30
3.638045128891e-30
3.628452430414e-30
3.614561912066e-30
3.587582338140e-30
3.573085233749e-30
3.570587891048e-30
3.555819086832e-30
3.538311299525e-30
3.530921136732e-30
3.508515539934e-30
3.471050979308e-30
3.460640945439e-30
3.453685404191e-30
3.444799117285e-30
3.414854411151e-30
3.399809525248e-30
3.397597400914e-30
3.382056448534e-30
3.369740770751e-30
3.362754188834e-30
3.345442589526e-30
3.317159365437e-30
3.307075304471e-30
3.281014044722e-30
3.269521420118e-30
3.257302417634e-30
3.231775494586e-30
3.218307120944e-30
3.206836422701e-30
3.194732224492e-30
3.183033293852e-30
3.155695577780e-30
3.152754849178e-30
3.141721002009e-30
3.118818494935e-30
3.102252625849e-30
3.092423423841e-30
3.074186505073e-30
3.067178364325e-30
3.045106080211e-30
3.035570034059e-30
3.017745600338e-30
3.008733945313e-30
2.993509765376e-30
2.982078682576e-30
2.964680998453e-30
2.950702564254e-30
2.933919622086e-30
2.928096884425e-30
2.912427709426e-30
2.906140531651e-30
2.888061498072e-30
2.877649361103e-30
2.852841070558e-30
2.845686542576e-30
2.833717126129e-30
2.819180132340e-30
2.804486098766e-30
2.800364582715e-30
2.780726343949e-30
2.770892907483e-30
2.746334475515e-30
2.738824357328e-30
2.719257954500e-30
2.707247515024e-30
2.698086043263e-30
2.684075759589e-30
2.668529054413e-30
2.660685207187e-30
2.648170215690e-30
2.640794478130e-30
2.626248316035e-30
2.605682236688e-30
2.596569820427e-30
2.586424397699e-30
2.582188259057e-30
2.567830504080e-30
2.548468665534e-30
2.533853055250e-30
2.528876205298e-30
2.519259175652e-30
2.506702243721e-30
2.498622487498e-30
2.489783619493e-30
2.481234532881e-30
2.470422736545e-30
2.465998579745e-30
2.445136666037e-30
2.418601465415e-30
2.408284514355e-30
2.395886452847e-30
2.370636960711e-30
2.366381134642e-30
2.354649216773e-30
2.347733735463e-30
2.336344747301e-30
2.329356454905e-30
2.322013180822e-30
2.312024607434e-30
2.299053799562e-30
2.285272775430e-30
2.277862842948e-30
2.260510199378e-30
2.249954249065e-30
2.242204448605e-30
2.231788696512e-30
2.220422249735e-30
2.208863820273e-30
2.193767642863e-30
2.169398144700e-30
2.160932331527e-30
2.145909163833e-30
2.138905535670e-30
2.124460291040e-30
2.109280404576e-30
2.105699197987e-30
2.094400214738e-30
2.084877894485e-30
2.074165404731e-30
2.067087528471e-30
2.051883167158e-30
2.039936832431e-30
2.029420589527e-30
2.014715156837e-30
2.000884500824e-30
2.000465104541e-30
1.984616567063e-30
1.976169064082e-30
1.963148841665e-30
1.957717866307e-30
1.945698417425e-30
1.932186834589e-30
1.924991316329e-30
1.910912774427e-30
1.899451680654e-30
1.892142306207e-30
1.883396284511e-30
1.874811728457e-30
1.866517430193e-30
1.858214373748e-30
1.845511782754e-30
1.836007285319e-30
1.826624458057e-30
1.815307186780e-30
1.806268915124e-30
1.799589410587e-30
1.781069436562e-30
1.771561236827e-30
1.759835448623e-30
1.756930471803e-30
1.751310289722e-30
1.742497966720e-30
1.731213891329e-30
1.719655812440e-30
1.714671020630e-30
1.704091488457e-30
1.689928805968e-30
1.678805959475e-30
1.670396261414e-30
1.661953153878e-30
1.657277614118e-30
1.651760433724e-30
1.640645399197e-30
1.630004570864e-30
1.624122853811e-30
1.615580862305e-30
1.609527636282e-30
1.601369257122e-30
1.589437054154e-30
1.584732913825e-30
1.566407340186e-30
1.561389177594e-30
1.556349944148e-30
1.544400411320e-30
1.540976023604e-30
1.532274240071e-30
1.521062013512e-30
1.511147630225e-30
1.506266862864e-30
1.498221907150e-30
1.487971591325e-30
1.475573697363e-30
1.468718206537e-30
1.458200737359e-30
1.446343505880e-30
1.438815845881e-30
1.429532479745e-30
1.420288490221e-30
1.416347540168e-30
1.402843759197e-30
1.396523022721e-30
1.392500052876e-30
1.383639987329e-30
1.375261585245e-30
1.364548771455e-30
1.354666046469e-30
1.348298619463e-30
1.337863133876e-30
1.330413041678e-30
1.325249134114e-30
1.317283725747e-30
1.313749202862e-30
1.298239368369e-30
1.296313769028e-30
1.286082880913e-30
1.280286377214e-30
1.270024856329e-30
1.266125859217e-30
1.261880866418e-30
1.251767263389e-30
1.241040635774e-30
1.230334525826e-30
1.223327323750e-30
1.212855811018e-30
1.202939896091e-30
1.194197806920e-30
1.187245123473e-30
1.180364166811e-30
1.174401570889e-30
1.168205649146e-30
1.160240557810e-30
1.151931571429e-30
1.142745089474e-30
1.141742789737e-30
1.132997113677e-30
1.118305355253e-30
1.117598614137e-30
1.109459650747e-30
1.095736451982e-30
1.093199991040e-30
1.086326244637e-30
1.082050614458e-30
1.074780255951e-30
1.063812388742e-30
1.059415729351e-30
1.054510241066e-30
1.041508083032e-30
1.039689630970e-30
1.030933473817e-30
1.024601145802e-30
1.013811667276e-30
1.011515250837e-30
1.002421592475e-30
9.922543388080e-31
9.887048601345e-31
9.820127693494e-31
9.784984324628e-31
9.730897272566e-31
9.612784218317e-31
9.545079915167e-31
9.517413336782e-31
9.412208527258e-31
9.357271739024e-31
9.288322093610e-31
9.254186649295e-31
9.103793378644e-31
9.072263786596e-31
9.025067273861e-31
8.956752156438e-31
8.914548659546e-31
8.868576561525e-31
8.811065574105e-31
8.779332486145e-31
8.622398790936e-31
8.552849514435e-31
8.524971587686e-31
8.428798456854e-31
8.411142032168e-31
8.355005130796e-31
8.271798948021e-31
8.244065608724e-31
8.178553902365e-31
8.092733712252e-31
8.028098767148e-31
7.911348897038e-31
7.858143417083e-31
7.795447490131e-31
7.691996713796e-31
7.650167997519e-31
7.626883635543e-31
7.548273244094e-31
7.481170503591e-31
7.455468962505e-31
7.385667160121e-31
7.337144539310e-31
7.233921510486e-31
7.203777005208e-31
7.174307598315e-31
7.156752669734e-31
7.039032144494e-31
6.990767664694e-31
6.976643349252e-31
6.904988554068e-31
6.832842491561e-31
6.757060945980e-31
6.710837262023e-31
6.651168844124e-31
6.567862254714e-31
6.545589085156e-31
6.439106847976e-31
6.367585071800e-31
6.338129254599e-31
6.316549376454e-31
6.252457234374e-31
6.218934808211e-31
6.175008257351e-31
6.141370812977e-31
6.071850337107e-31
6.017045342822e-31
5.930762992435e-31
5.910837595292e-31
5.867492560652e-31
5.818491356902e-31
5.711275993363e-31
5.676974192089e-31
5.624946671496e-31
5.576135463425e-31
5.525288226953e-31
5.481143070909e-31
5.414885243691e-31
5.350633663791e-31
5.324130936584e-31
5.226606783884e-31
5.208590714504e-31
5.164080788515e-31
5.070203648374e-31
5.036240336428e-31
4.970014266524e-31
4.945217313868e-31
4.901554840399e-31
4.869484026387e-31
4.804172382583e-31
4.765269350060e-31
4.731024678083e-31
4.706172547603e-31
4.670598463349e-31
4.601499943503e-31
4.543940178370e-31
4.472257666334e-31
4.428574455859e-31
4.389187704303e-31
4.353220601245e-31
4.298651267093e-31
4.252628661036e-31
4.179092031842e-31
4.150034546968e-31
4.095757015920e-31
4.075508655636e-31
4.018376154924e-31
3.987226297557e-31
3.958792165990e-31
3.882250029309e-31
3.844685126094e-31
3.805489950062e-31
3.769926676769e-31
3.702093984098e-31
3.666048203142e-31
3.630981521481e-31
3.593295647803e-31
3.528665991010e-31
3.484837425340e-31
3.461941509346e-31
3.427601573308e-31
3.402650380312e-31
3.370815664034e-31
3.317353895692e-31
3.289288827047e-31
3.252616229056e-31
3.189237060060e-31
3.148141252248e-31
3.102371035700e-31
3.070454247905e-31
3.052316878469e-31
3.012116060999e-31
2.971087434652e-31
2.947350459526e-31
2.899950379772e-31
2.866937934115e-31
2.819989167655e-31
2.806498865973e-31
2.762736671461e-31
2.707626036599e-31
2.671100275662e-31
2.628805595912e-31
2.600191318936e-31
2.579240859558e-31
2.544254414650e-31
2.505276123254e-31
2.463053529603e-31
2.430047720742e-31
2.397316894812e-31
2.363164416215e-31
2.329180417265e-31
2.275726421319e-31
2.260106789661e-31
2.216013201725e-31
2.183305967285e-31
2.164435832005e-31
2.145788515177e-31
2.121789732232e-31
2.086613950132e-31
2.024887421276e-31
2.009522965477e-31
1.981184239075e-31
1.914945282064e-31
1.889154867911e-31
1.876842013456e-31
1.835846403334e-31
1.812835939768e-31
1.780280227262e-31
1.736040621926e-31
1.708302408785e-31
1.685555793514e-31
1.639315783592e-31
1.612342340591e-31
1.589558792298e-31
1.558416362633e-31
1.540337093876e-31
1.509240567618e-31
1.486365344540e-31
1.450680602953e-31
1.430723198852e-31
1.400985814492e-31
1.367522074514e-31
1.343835162857e-31
1.311455191603e-31
1.293991474505e-31
1.271060637394e-31
1.254478109599e-31
1.204037822801e-31
1.173511262021e-31
1.156953252947e-31
1.123559570513e-31
1.084626470472e-31
1.068597528664e-31
1.056856773170e-31
1.034205964412e-31
9.997320335956e-32
9.789443585584e-32
9.490909032265e-32
9.308461379559e-32
9.203969856285e-32
8.863806934545e-32
8.792977783072e-32
8.443982208878e-32
8.291903363583e-32
7.905435230808e-32
7.739119889462e-32
7.490306110587e-32
7.339085407809e-32
7.277157337206e-32
6.985228610518e-32
6.714693640487e-32
6.367736738713e-32
6.175090217748e-32
5.934392138188e-32
5.881195745576e-32
5.691253073967e-32
5.569188247304e-32
5.321186805743e-32
5.204295995989e-32
5.024121398506e-32
4.889981096091e-32
4.715908604526e-32
4.609664720998e-32
4.367859089373e-32
4.138224554296e-32
4.018899316129e-32
3.925961854000e-32
3.731539600685e-32
3.571152046526e-32
3.398873094849e-32
3.340596464843e-32
3.173566745950e-32
3.045902374558e-32
2.849360526437e-32
2.764277203489e-32
2.607372823956e-32
2.493532887214e-32
2.424243400411e-32
2.323050632438e-32
2.217648471175e-32
2.039269703643e-32
1.926977414168e-32
1.867594010324e-32
1.773028977978e-32
1.677623313473e-32
1.581283606481e-32
1.494617467806e-32
1.406135407987e-32
1.366618939356e-32
1.245690387517e-32
1.164340804056e-32
1.055620912228e-32
9.450209201946e-33
8.740205538189e-33
8.295995078900e-33
7.578742711325e-33
7.282352311514e-33
6.637898688522e-33
5.952618938910e-33
5.394318183233e-33
5.194604758599e-33
4.657721948811e-33
4.313005878404e-33
3.721088232702e-33
3.139352492626e-33
2.767714088008e-33
2.191158741780e-33
1.975026611643e-33
1.810075884479e-33
1.494256152869e-33
1.055381705791e-33
7.742021587129e-34
5.033795446423e-34
3.398526960952e-34
1.337186491505e-34
