#lambda_0=4.193160962928e-01
1.000000000000e+00
5.915083462132e-01
5.914056340623e-01
3.955720751092e-01
3.921944382925e-01
3.888285836304e-01
3.823033153574e-01
3.811038927046e-01
3.531804431877e-01
3.529392162423e-01
3.408854114868e-01
3.320959333733e-01
3.277219740145e-01
3.254815870969e-01
3.222759266696e-01
3.216471608759e-01
3.160608208600e-01
3.126110458150e-01
3.019469288532e-01
2.972262385869e-01
2.916262860272e-01
2.914750742741e-01
2.864931392563e-01
2.793498958051e-01
2.764765801182e-01
2.742650869822e-01
2.728681352634e-01
2.647013766333e-01
2.637027942179e-01
2.576395548081e-01
2.556359401134e-01
2.510932040282e-01
2.492289283269e-01
2.469303004267e-01
2.405939341851e-01
2.382115073378e-01
2.379920126290e-01
2.379563325137e-01
2.376665237532e-01
2.332795347643e-01
2.323255196169e-01
2.293101045388e-01
2.267258806671e-01
2.252855877860e-01
2.249307683397e-01
2.223785354526e-01
2.203456802846e-01
2.199359500947e-01
2.182585234755e-01
2.146243341075e-01
2.143254335813e-01
2.140732796893e-01
2.129440751194e-01
2.107219150685e-01
2.097528104871e-01
2.094937512011e-01
2.047639337539e-01
2.031983458142e-01
2.023231556873e-01
2.015291395767e-01
1.994676952277e-01
1.979988091748e-01
1.972052882057e-01
1.956699482773e-01
1.954784973338e-01
1.906753337921e-01
1.892567606141e-01
1.891551252572e-01
1.873954482571e-01
1.823313814901e-01
1.817727030328e-01
1.783508539656e-01
1.768529807974e-01
1.723404410631e-01
1.721578786618e-01
1.720232206130e-01
1.716088621324e-01
1.703402480032e-01
1.679949865989e-01
1.666691581598e-01
1.662651396238e-01
1.659933822334e-01
1.659580644093e-01
1.617677275021e-01
1.597263975119e-01
1.580826850263e-01
1.577010822348e-01
1.576879671324e-01
1.572285623844e-01
1.565356634453e-01
1.551810073500e-01
1.535768233658e-01
1.526444289323e-01
1.508293791649e-01
1.494867546471e-01
1.479021018677e-01
1.455415877568e-01
1.451834948592e-01
1.444524353181e-01
1.441696036965e-01
1.430820664340e-01
1.429945600004e-01
1.413829086838e-01
1.405420910409e-01
1.396911376991e-01
1.389607708365e-01
1.372852678091e-01
1.356151991332e-01
1.352307341417e-01
1.330667202124e-01
1.324314241167e-01
1.309487858368e-01
1.307160245501e-01
1.302776911473e-01
1.302454403616e-01
1.298674254416e-01
1.297019190536e-01
1.290654367856e-01
1.282862204869e-01
1.269545758737e-01
1.264947685330e-01
1.255419470404e-01
1.240367093182e-01
1.229029283740e-01
1.223925588306e-01
1.218628561477e-01
1.218246983068e-01
1.215987137273e-01
1.214757099584e-01
1.209050938373e-01
1.199796784322e-01
1.194048417122e-01
1.193641157631e-01
1.184917757869e-01
1.181984134890e-01
1.168197482622e-01
1.142606660111e-01
1.123578168109e-01
1.111562249238e-01
1.105526404005e-01
1.093281012356e-01
1.080498210949e-01
1.080391924890e-01
1.079574772735e-01
1.078247701320e-01
1.065837983498e-01
1.064875327070e-01
1.058396520201e-01
1.054453474557e-01
1.045814960369e-01
1.043776974044e-01
1.042025830368e-01
1.011620053258e-01
1.010873628669e-01
1.007244432209e-01
1.005043753041e-01
1.004238659826e-01
9.951958924055e-02
9.946726303792e-02
9.873484584477e-02
9.828153567407e-02
9.777625025113e-02
9.630745014746e-02
9.604788073610e-02
9.512672480285e-02
9.509698020336e-02
9.401452968124e-02
9.400923066760e-02
9.332545499046e-02
9.295001221101e-02
9.279789141510e-02
9.242992262849e-02
9.240427627567e-02
9.211475360836e-02
9.169759571421e-02
9.076161126200e-02
9.028380501356e-02
9.013797644508e-02
9.009209772187e-02
8.986081045675e-02
8.941451846467e-02
8.856407004088e-02
8.766883421596e-02
8.690885444851e-02
8.620497164505e-02
8.569452967508e-02
8.519642064746e-02
8.477550198601e-02
8.420513682025e-02
8.346154879380e-02
8.329907862301e-02
8.274995085032e-02
8.248563974533e-02
8.150065941480e-02
8.047914528705e-02
7.955165271160e-02
7.886386076708e-02
7.789338864107e-02
7.755205888379e-02
7.734324035752e-02
7.649262521591e-02
7.636610781724e-02
7.634041842268e-02
7.581357544065e-02
7.577734368251e-02
7.549012292364e-02
7.541061385187e-02
7.408065481826e-02
7.378645607105e-02
7.365993346185e-02
7.296816541763e-02
7.295956724616e-02
7.263624523632e-02
7.213498997037e-02
7.212368270993e-02
7.203223066244e-02
7.198705926338e-02
7.142984642064e-02
7.103409666302e-02
7.088117119494e-02
7.033567119862e-02
6.955423466527e-02
6.902305711540e-02
6.889944670184e-02
6.865526924321e-02
6.833791482174e-02
6.823932295945e-02
6.770571947189e-02
6.769215695878e-02
6.754884395595e-02
6.749513836517e-02
6.704368294998e-02
6.680845062343e-02
6.667502592130e-02
6.618614809875e-02
6.584974177313e-02
6.566873905031e-02
6.508355509786e-02
6.459186887857e-02
6.436389618901e-02
6.421392182664e-02
6.390731799549e-02
6.381490080117e-02
6.351840862041e-02
6.345540753787e-02
6.320203388733e-02
6.302184674540e-02
6.281960890120e-02
6.275920828503e-02
6.259482557306e-02
6.129845924676e-02
6.097218317308e-02
6.085822407549e-02
6.072661687757e-02
6.055198190703e-02
6.000164832762e-02
5.989423852552e-02
5.983689648355e-02
5.928686755836e-02
5.894371568118e-02
5.853917942841e-02
5.845463559848e-02
5.820920529937e-02
5.817452716383e-02
5.795306404052e-02
5.783964190895e-02
5.752787974205e-02
5.720495263848e-02
5.646969372927e-02
5.619730126799e-02
5.526600495612e-02
5.501881229688e-02
5.460785622033e-02
5.443460346232e-02
5.429536854600e-02
5.380773233582e-02
5.363850225452e-02
5.345990374077e-02
5.336819527475e-02
5.325635051434e-02
5.324651057686e-02
5.297924053354e-02
5.217274198762e-02
5.215919495683e-02
5.167174780112e-02
5.158059756372e-02
5.147095864965e-02
5.135609671470e-02
5.134434438359e-02
5.097076941225e-02
5.088191326613e-02
5.077210343275e-02
5.044786188387e-02
5.033537182740e-02
5.012285115576e-02
4.945594289005e-02
4.944523903538e-02
4.940989132368e-02
4.908362218608e-02
4.856954969379e-02
4.855699255984e-02
4.847557828601e-02
4.843560387917e-02
4.808576163837e-02
4.782862602650e-02
4.766663194008e-02
4.752579789742e-02
4.736253389949e-02
4.695051800159e-02
4.676093591691e-02
4.675998061343e-02
4.653314842748e-02
4.584499215191e-02
4.579619093059e-02
4.571732397161e-02
4.462361954870e-02
4.460556556306e-02
4.459153969747e-02
4.429598784173e-02
4.418810049120e-02
4.399847394474e-02
4.349471063669e-02
4.345759864618e-02
4.342946755359e-02
4.302003979243e-02
4.300557604758e-02
4.290935300263e-02
4.279233862309e-02
4.269470378333e-02
4.231306236120e-02
4.197154539597e-02
4.187624731629e-02
4.151569257051e-02
4.149268058430e-02
4.139468816627e-02
4.122212545121e-02
4.092216136102e-02
4.081614348364e-02
4.057413704092e-02
3.986266626613e-02
3.976227014302e-02
3.963299980947e-02
3.942703746786e-02
3.941444763451e-02
3.917154762482e-02
3.899842951646e-02
3.874002622785e-02
3.841451315734e-02
3.825711476747e-02
3.809745981039e-02
3.804148433314e-02
3.797754319232e-02
3.785533342176e-02
3.781332502736e-02
3.761291260135e-02
3.717206525759e-02
3.703637026958e-02
3.687984702816e-02
3.682551023772e-02
3.678761645466e-02
3.676883960889e-02
3.670924802325e-02
3.670022085857e-02
3.657367751291e-02
3.624509622611e-02
3.605135163763e-02
3.594256023524e-02
3.585770285043e-02
3.535360833235e-02
3.526915884555e-02
3.518461412262e-02
3.513137161414e-02
3.493069773257e-02
3.474431971434e-02
3.473247547059e-02
3.449412800323e-02
3.444607063366e-02
3.422766822373e-02
3.365032507149e-02
3.356294042338e-02
3.345277064883e-02
3.342960057849e-02
3.339922111646e-02
3.327236536510e-02
3.313173060853e-02
3.308831200786e-02
3.279741453610e-02
3.265165737909e-02
3.221442710147e-02
3.209277800700e-02
3.194766790654e-02
3.185478122582e-02
3.147187670241e-02
3.139336275905e-02
3.136751975549e-02
3.132008271065e-02
3.117665343683e-02
3.111218388274e-02
3.099121999615e-02
3.068768908392e-02
3.051520932592e-02
3.045361403701e-02
3.043202994748e-02
3.026172371775e-02
3.024270502017e-02
3.022275724264e-02
3.015634074840e-02
2.998239028766e-02
2.970926300899e-02
2.949608158038e-02
2.943037731575e-02
2.941686379620e-02
2.939645817203e-02
2.910790420567e-02
2.910775122635e-02
2.910027728522e-02
2.909789580658e-02
2.909318318396e-02
2.906779272463e-02
2.888524897255e-02
2.869488688240e-02
2.819759778682e-02
2.818694923573e-02
2.802075934249e-02
2.798502220114e-02
2.797580526887e-02
2.796803464276e-02
2.785733378774e-02
2.772585682077e-02
2.770140490934e-02
2.744259058357e-02
2.725818365696e-02
2.720396578718e-02
2.707583172483e-02
2.691212506094e-02
2.681648615420e-02
2.668357232380e-02
2.666302379898e-02
2.642809940013e-02
2.640805033936e-02
2.640186015300e-02
2.614984493409e-02
2.604873398350e-02
2.594524183089e-02
2.586668704218e-02
2.579794532291e-02
2.578745932495e-02
2.571843352313e-02
2.559575088611e-02
2.550840745662e-02
2.533147573502e-02
2.521087909472e-02
2.509637635434e-02
2.504846120075e-02
2.502612301200e-02
2.489296192715e-02
2.484548862050e-02
2.466197925032e-02
2.460543440076e-02
2.459845641206e-02
2.442073629540e-02
2.441333807315e-02
2.435296991701e-02
2.428860437465e-02
2.420915123260e-02
2.408654135640e-02
2.408230768441e-02
2.406571148111e-02
2.406340709706e-02
2.386896257326e-02
2.386390835331e-02
2.382066427474e-02
2.370402614066e-02
2.343293156342e-02
2.332403281310e-02
2.331986417564e-02
2.327132678037e-02
2.316540587318e-02
2.311257484023e-02
2.296490558690e-02
2.282437559070e-02
2.276250709094e-02
2.266316106273e-02
2.264831172812e-02
2.260854823920e-02
2.253345297263e-02
2.244211261843e-02
2.225809406898e-02
2.224402575815e-02
2.214208749421e-02
2.207744140296e-02
2.193992293440e-02
2.192820290346e-02
2.182463018719e-02
2.181585223612e-02
2.177070218809e-02
2.176104013078e-02
2.169900327536e-02
2.154998319362e-02
2.145956563044e-02
2.144727672033e-02
2.141817695781e-02
2.136310341906e-02
2.132908739004e-02
2.130198147669e-02
2.128831000299e-02
2.121885747076e-02
2.115090784667e-02
2.102735478385e-02
2.086128283982e-02
2.080245064939e-02
2.077359222874e-02
2.060391438279e-02
2.039992471693e-02
2.037422659231e-02
2.027164677827e-02
2.026682967543e-02
2.023356673558e-02
2.013929028387e-02
2.002972921031e-02
2.000637957657e-02
1.995409803294e-02
1.993207523126e-02
1.991504344570e-02
1.986298744649e-02
1.981138145797e-02
1.981052403706e-02
1.974015429658e-02
1.958837843994e-02
1.958670840431e-02
1.941392207136e-02
1.935790616326e-02
1.927135399787e-02
1.926146222070e-02
1.917025322675e-02
1.913102660954e-02
1.906974847446e-02
1.892345063997e-02
1.891220147886e-02
1.890301756470e-02
1.884151126770e-02
1.859731068499e-02
1.857550828613e-02
1.848023237123e-02
1.843178236228e-02
1.838045481939e-02
1.828616694010e-02
1.828355816992e-02
1.828353467515e-02
1.820707996547e-02
1.814284307965e-02
1.807341046578e-02
1.797449439399e-02
1.785353954564e-02
1.771720904102e-02
1.766711079329e-02
1.755469650599e-02
1.753552554818e-02
1.749655214046e-02
1.747203250878e-02
1.745153433966e-02
1.743864923829e-02
1.736910569081e-02
1.733123566915e-02
1.729641054961e-02
1.727524485067e-02
1.727181351164e-02
1.720963069407e-02
1.713115685923e-02
1.698054588768e-02
1.696899289700e-02
1.686364088569e-02
1.679263608814e-02
1.675351483053e-02
1.666872962815e-02
1.658193475875e-02
1.657035591494e-02
1.651350636564e-02
1.641421660266e-02
1.637515349888e-02
1.637117173427e-02
1.636765409523e-02
1.614936055438e-02
1.613394109579e-02
1.613200089368e-02
1.611198477429e-02
1.610710674533e-02
1.593097746636e-02
1.588079031780e-02
1.587187867412e-02
1.584568716050e-02
1.569997758884e-02
1.569100193608e-02
1.568633237295e-02
1.568228904473e-02
1.563380865517e-02
1.556865522259e-02
1.554232702631e-02
1.548617742231e-02
1.532990292922e-02
1.521360755941e-02
1.520234528466e-02
1.520212140599e-02
1.517158953425e-02
1.516939477156e-02
1.502705088739e-02
1.500240763427e-02
1.497867052752e-02
1.496472407273e-02
1.494111471207e-02
1.493329335073e-02
1.484238844393e-02
1.480505014539e-02
1.477352051759e-02
1.469477798724e-02
1.464917585246e-02
1.464667042995e-02
1.460465772542e-02
1.457158869582e-02
1.453551818429e-02
1.448230406061e-02
1.439288934442e-02
1.435693692885e-02
1.432792394052e-02
1.430722610668e-02
1.416879208165e-02
1.415980023923e-02
1.410713039676e-02
1.410294980374e-02
1.406674010959e-02
1.401729830658e-02
1.400322419220e-02
1.399492270868e-02
1.399343363094e-02
1.391614449190e-02
1.388698208045e-02
1.385783164746e-02
1.384087144322e-02
1.383647711235e-02
1.378582696111e-02
1.376101953114e-02
1.373769014098e-02
1.365689107592e-02
1.365331720849e-02
1.364750804494e-02
1.363630562262e-02
1.360956453730e-02
1.360182680930e-02
1.357564192228e-02
1.338442093538e-02
1.335777040997e-02
1.335271339188e-02
1.331299685415e-02
1.325564085828e-02
1.323161871878e-02
1.320265360065e-02
1.318551282632e-02
1.316860805456e-02
1.316121871047e-02
1.313288801226e-02
1.302699931542e-02
1.300192973145e-02
1.295844008450e-02
1.295149873450e-02
1.289449143088e-02
1.284370069826e-02
1.276919575341e-02
1.275529503626e-02
1.275286695432e-02
1.273803098130e-02
1.272650867083e-02
1.267451913664e-02
1.266535753280e-02
1.260470406516e-02
1.253296232440e-02
1.244475416779e-02
1.236284786182e-02
1.233555128654e-02
1.233399918870e-02
1.231146922389e-02
1.230935124416e-02
1.229598762451e-02
1.219448421308e-02
1.216317236104e-02
1.212442787657e-02
1.210911623623e-02
1.210160421399e-02
1.208127307794e-02
1.206986491004e-02
1.206161727621e-02
1.202190224127e-02
1.201530396320e-02
1.197143074114e-02
1.194224857466e-02
1.191510960676e-02
1.186027374650e-02
1.184984594728e-02
1.180318629093e-02
1.177747269648e-02
1.172516532981e-02
1.171157847553e-02
1.169248018576e-02
1.157662433963e-02
1.155596811950e-02
1.150583427838e-02
1.147973225222e-02
1.143502270146e-02
1.141917086288e-02
1.139045680757e-02
1.134638498835e-02
1.133280767736e-02
1.131878789916e-02
1.125506737463e-02
1.117064642332e-02
1.116988947874e-02
1.115438765750e-02
1.113829448373e-02
1.112829599308e-02
1.104668868310e-02
1.097214802021e-02
1.095783558398e-02
1.093116084281e-02
1.090135105036e-02
1.087138398490e-02
1.076437591837e-02
1.074657859731e-02
1.073915494807e-02
1.073839418016e-02
1.072977816441e-02
1.068626503359e-02
1.067397633216e-02
1.063255180461e-02
1.059120382044e-02
1.056041505142e-02
1.055075347394e-02
1.046771920367e-02
1.043418918394e-02
1.035206140607e-02
1.033341548004e-02
1.030372298375e-02
1.029995588236e-02
1.029921617391e-02
1.027498830774e-02
1.026345669482e-02
1.024717940922e-02
1.024426632532e-02
1.023434508417e-02
1.016191410310e-02
1.014586333243e-02
1.011073346841e-02
1.005177629906e-02
1.003100551644e-02
1.001980074082e-02
1.000703526716e-02
9.966719648140e-03
9.952182109009e-03
9.919165101882e-03
9.885998564864e-03
9.881652076083e-03
9.818976885537e-03
9.807381584599e-03
9.779543096313e-03
9.762124459417e-03
9.723641011273e-03
9.687937596166e-03
9.679872552272e-03
9.642391747052e-03
9.624634226026e-03
9.560882478407e-03
9.548818023465e-03
9.535216766396e-03
9.534774684090e-03
9.473516509645e-03
9.439310908228e-03
9.419028185978e-03
9.413131746406e-03
9.393089592840e-03
9.382777239344e-03
9.376165476038e-03
9.373512688114e-03
9.308601343065e-03
9.265000495048e-03
9.223480729646e-03
9.213704244076e-03
9.200983541602e-03
9.162498309485e-03
9.161054642772e-03
9.145845026844e-03
9.136576810355e-03
9.070826724754e-03
9.063704347814e-03
9.053863573104e-03
8.995407918623e-03
8.991330460089e-03
8.990602082686e-03
8.968062533594e-03
8.937294094267e-03
8.932527853183e-03
8.882995834116e-03
8.844064924830e-03
8.834065733429e-03
8.796411067484e-03
8.793415622274e-03
8.789616680021e-03
8.761348562557e-03
8.755084452088e-03
8.709482796901e-03
8.701012081297e-03
8.674771828837e-03
8.674426072481e-03
8.652403008999e-03
8.617787720653e-03
8.588608631477e-03
8.570070013731e-03
8.557648067609e-03
8.553393639226e-03
8.455808739110e-03
8.432305528137e-03
8.414581445513e-03
8.389883832799e-03
8.382016724771e-03
8.305835720166e-03
8.259830952483e-03
8.243826689672e-03
8.207031341670e-03
8.197809528126e-03
8.180327615606e-03
8.166639814957e-03
8.123450447364e-03
8.121616367385e-03
8.088657462551e-03
8.083542728128e-03
8.021987353077e-03
8.012822465922e-03
7.988554817215e-03
7.988443791867e-03
7.966919927695e-03
7.945158352829e-03
7.930858529920e-03
7.912111910534e-03
7.894574627745e-03
7.861918637723e-03
7.855328369415e-03
7.854314917410e-03
7.845479357787e-03
7.793291160231e-03
7.761384574693e-03
7.756054570392e-03
7.739392742545e-03
7.714439675389e-03
7.714069754426e-03
7.685992850921e-03
7.680570204207e-03
7.610619868688e-03
7.594541506892e-03
7.593047249333e-03
7.590477408769e-03
7.531884540609e-03
7.529564171382e-03
7.500169821565e-03
7.488047312924e-03
7.481441100287e-03
7.480156097985e-03
7.427128203800e-03
7.424998962501e-03
7.391890184966e-03
7.387795365325e-03
7.365969668313e-03
7.350425570746e-03
7.309463059729e-03
7.298812486409e-03
7.262908227334e-03
7.258686699048e-03
7.246248392526e-03
7.231782053502e-03
7.226647394049e-03
7.212909037738e-03
7.203383886229e-03
7.162484399236e-03
7.157642043423e-03
7.152989980591e-03
7.152152071621e-03
7.114808606870e-03
7.111701181693e-03
7.101571408035e-03
7.091984766771e-03
7.089142946792e-03
7.081545767167e-03
7.069280140267e-03
7.057822095316e-03
7.046413650803e-03
7.013111226686e-03
6.997152491378e-03
6.990379808667e-03
6.940986102309e-03
6.929471764203e-03
6.918304246424e-03
6.897603039210e-03
6.874476973982e-03
6.858369659583e-03
6.830756513646e-03
6.806011236794e-03
6.800156153337e-03
6.796077863410e-03
6.788805294304e-03
6.775678092982e-03
6.752674912607e-03
6.745307299202e-03
6.733348952904e-03
6.733194009070e-03
6.695829279497e-03
6.677156253825e-03
6.656346803064e-03
6.650530669389e-03
6.626233020691e-03
6.602871445211e-03
6.597559612769e-03
6.594859712737e-03
6.592913155190e-03
6.585863370999e-03
6.551296431280e-03
6.509715145397e-03
6.488197105577e-03
6.472517513183e-03
6.458395785221e-03
6.406959546287e-03
6.404982513522e-03
6.392653762105e-03
6.381458274690e-03
6.379394940558e-03
6.358377297822e-03
6.357593213136e-03
6.345550297305e-03
6.339231420853e-03
6.318778338865e-03
6.297407627036e-03
6.292501753480e-03
6.275886815961e-03
6.265817599078e-03
6.242986572974e-03
6.214189337239e-03
6.210605073191e-03
6.210298700561e-03
6.205534066378e-03
6.201586784965e-03
6.187967784991e-03
6.161640375709e-03
6.153478244255e-03
6.127390906112e-03
6.127273581536e-03
6.105908139202e-03
6.076521434203e-03
6.066059806208e-03
6.063102287755e-03
6.052081152175e-03
6.044083679671e-03
6.029495286217e-03
6.008859069264e-03
6.003052596789e-03
5.989596388869e-03
5.977512365891e-03
5.935961466189e-03
5.925231622217e-03
5.916112704317e-03
5.894177121811e-03
5.884434412788e-03
5.867059200088e-03
5.863536726810e-03
5.807966366781e-03
5.767548275642e-03
5.757371141084e-03
5.728764354306e-03
5.723136836011e-03
5.718632711026e-03
5.718180977538e-03
5.716358112056e-03
5.711500823099e-03
5.701673499361e-03
5.679299013040e-03
5.666761188566e-03
5.657475660691e-03
5.637566286769e-03
5.634439015102e-03
5.632854191746e-03
5.617329903551e-03
5.592652053459e-03
5.555416020572e-03
5.548918374448e-03
5.544584894264e-03
5.537090020557e-03
5.497434300038e-03
5.495885698102e-03
5.476082889618e-03
5.470554809900e-03
5.415738121960e-03
5.401584281341e-03
5.374448487582e-03
5.361898360811e-03
5.351761123369e-03
5.335320313732e-03
5.333210280676e-03
5.331169999348e-03
5.330883448254e-03
5.329879666619e-03
5.316187503616e-03
5.281721007566e-03
5.270838482334e-03
5.257651649379e-03
5.251701977579e-03
5.236191439293e-03
5.236103146217e-03
5.224259067311e-03
5.216940751446e-03
5.197221603009e-03
5.154521408131e-03
5.153677452854e-03
5.152781546702e-03
5.132711209366e-03
5.121941813151e-03
5.119471736394e-03
5.117055450689e-03
5.115962043232e-03
5.106003135105e-03
5.090133323222e-03
5.090103343389e-03
5.081239225905e-03
5.064556291157e-03
5.061265836475e-03
5.043393882496e-03
5.016442531422e-03
5.001252137691e-03
4.997024686752e-03
4.989281173791e-03
4.983331078831e-03
4.959384520414e-03
4.945159938627e-03
4.928320507492e-03
4.913784127902e-03
4.898693818897e-03
4.898620220781e-03
4.888882036407e-03
4.877505328453e-03
4.861604942672e-03
4.861094483497e-03
4.833739489338e-03
4.829251143706e-03
4.819071424547e-03
4.791239985189e-03
4.790732165463e-03
4.786616668632e-03
4.772626889268e-03
4.763077163786e-03
4.757585804217e-03
4.738318906441e-03
4.737493770661e-03
4.707113137958e-03
4.703438939799e-03
4.679285096743e-03
4.676318690788e-03
4.662440393161e-03
4.638922036761e-03
4.633762172160e-03
4.609618535185e-03
4.599506055567e-03
4.595278290195e-03
4.588151105613e-03
4.586786953473e-03
4.569044226878e-03
4.567787439565e-03
4.539119523333e-03
4.535384497989e-03
4.523890260499e-03
4.515207039552e-03
4.483900784483e-03
4.477937245590e-03
4.455636186188e-03
4.451026755303e-03
4.450860376214e-03
4.449391783588e-03
4.426635601292e-03
4.426375665334e-03
4.426013676040e-03
4.419272792292e-03
4.418031617881e-03
4.403253280370e-03
4.392605726464e-03
4.386009998238e-03
4.381177634376e-03
4.374454165476e-03
4.360975250808e-03
4.346808657428e-03
4.340376051911e-03
4.327031905697e-03
4.322246248723e-03
4.310493130320e-03
4.301858657879e-03
4.297675469859e-03
4.282284661731e-03
4.270277294661e-03
4.270151180280e-03
4.268654912436e-03
4.262473716073e-03
4.253359592566e-03
4.241566053839e-03
4.239558883630e-03
4.235684825774e-03
4.218701910868e-03
4.198530830985e-03
4.190898789182e-03
4.183143002777e-03
4.174563068329e-03
4.170977395672e-03
4.162163227208e-03
4.160937218106e-03
4.154009385875e-03
4.139130294100e-03
4.132167705986e-03
4.122904062872e-03
4.110171920688e-03
4.109284225011e-03
4.102060308453e-03
4.092071538641e-03
4.082270210810e-03
4.074293005015e-03
4.060886864258e-03
4.043334758092e-03
4.042729721429e-03
4.032021424653e-03
4.022580825923e-03
4.021878593517e-03
4.015114964137e-03
4.007513352483e-03
3.998066389510e-03
3.997701168342e-03
3.980047766387e-03
3.974007734610e-03
3.968409900404e-03
3.956711628672e-03
3.946824930832e-03
3.943342468445e-03
3.935102868627e-03
3.930004572805e-03
3.920650269669e-03
3.901520933021e-03
3.884330304640e-03
3.878050728584e-03
3.877935951088e-03
3.853895824392e-03
3.844042797260e-03
3.833526039643e-03
3.829742749238e-03
3.826393147267e-03
3.824454729718e-03
3.814756568818e-03
3.803552691122e-03
3.800840071704e-03
3.784186915543e-03
3.772481870895e-03
3.768105866508e-03
3.750420167686e-03
3.739396081257e-03
3.738993245643e-03
3.736291021415e-03
3.734437397472e-03
3.732769363680e-03
3.730737571350e-03
3.722134704134e-03
3.711043009525e-03
3.699156516206e-03
3.697595861263e-03
3.678886502823e-03
3.664194927873e-03
3.660183971142e-03
3.655118792357e-03
3.643711914474e-03
3.627486484772e-03
3.625480951532e-03
3.610419092909e-03
3.584566853312e-03
3.583798849957e-03
3.579710834836e-03
3.576734922911e-03
3.573695845351e-03
3.569328536471e-03
3.565666506997e-03
3.553329004281e-03
3.545284142507e-03
3.527720490679e-03
3.526394561825e-03
3.523515274032e-03
3.522118516397e-03
3.514329970644e-03
3.507671767690e-03
3.482032898475e-03
3.481294349699e-03
3.480835475803e-03
3.460065676324e-03
3.450102429087e-03
3.449659862266e-03
3.447236516967e-03
3.443810255528e-03
3.443713915261e-03
3.436593498287e-03
3.433379773874e-03
3.431723186704e-03
3.426490488714e-03
3.405181126998e-03
3.402648210390e-03
3.370819451553e-03
3.353594239096e-03
3.351254219480e-03
3.349608301457e-03
3.348481380486e-03
3.347368981941e-03
3.342120555478e-03
3.330472158585e-03
3.328318628798e-03
3.322152279437e-03
3.318722583435e-03
3.314346654048e-03
3.311452237319e-03
3.307401274944e-03
3.300059835107e-03
3.272081226755e-03
3.272031044595e-03
3.267208664238e-03
3.247290397805e-03
3.239994906156e-03
3.235423962676e-03
3.233372337323e-03
3.232096098958e-03
3.229219442928e-03
3.213807443724e-03
3.209438655482e-03
3.207121313564e-03
3.204776115941e-03
3.194725279360e-03
3.194399105833e-03
3.183929802332e-03
3.180296582902e-03
3.177274069131e-03
3.158495673561e-03
3.151351141998e-03
3.142639876421e-03
3.142410205305e-03
3.140272659965e-03
3.134796036941e-03
3.133529281246e-03
3.120607215020e-03
3.111072087119e-03
3.109595027597e-03
3.105951876827e-03
3.105808337573e-03
3.104977123249e-03
3.096699492288e-03
3.068033805571e-03
3.051976347793e-03
3.050123188819e-03
3.046462368178e-03
3.045827571263e-03
3.043186240231e-03
3.039827667346e-03
3.035056647348e-03
3.030084403657e-03
3.009916569935e-03
3.009739111295e-03
3.001515558346e-03
2.988505639612e-03
2.985345496865e-03
2.972902072683e-03
2.961958231589e-03
2.957463426813e-03
2.949158918196e-03
2.948090963435e-03
2.946654941991e-03
2.941007410717e-03
2.934891949795e-03
2.929893814299e-03
2.918437557520e-03
2.908826548658e-03
2.908206750453e-03
2.905674669221e-03
2.898031485424e-03
2.897613643982e-03
2.890916443863e-03
2.882473238942e-03
2.872931024797e-03
2.871395746347e-03
2.866061922910e-03
2.864841061231e-03
2.861833561445e-03
2.858271870694e-03
2.851341152437e-03
2.843720895716e-03
2.826420246484e-03
2.812046583137e-03
2.811640396963e-03
2.804046542717e-03
2.798089133146e-03
2.789662216191e-03
2.784917048737e-03
2.783631612425e-03
2.782766979993e-03
2.779471690063e-03
2.774456967455e-03
2.773242870430e-03
2.755452970231e-03
2.750710908433e-03
2.745002281997e-03
2.742567300230e-03
2.740830263798e-03
2.739001152137e-03
2.729287834024e-03
2.720698012304e-03
2.715625990146e-03
2.702704770549e-03
2.699839183257e-03
2.699246728458e-03
2.690815329178e-03
2.687187907236e-03
2.685976983894e-03
2.673659160165e-03
2.669977685462e-03
2.656986838603e-03
2.648132622372e-03
2.647305699824e-03
2.645096714560e-03
2.644539384426e-03
2.643634277295e-03
2.638370498687e-03
2.616357473858e-03
2.616353816798e-03
2.615146319916e-03
2.614836010682e-03
2.601373673786e-03
2.597439596959e-03
2.594465613465e-03
2.593851893106e-03
2.580604776521e-03
2.568641366944e-03
2.567598165555e-03
2.562246539532e-03
2.554485181173e-03
2.550202290918e-03
2.540994812656e-03
2.536059450430e-03
2.535066766361e-03
2.523343992023e-03
2.519757639609e-03
2.516101874943e-03
2.513430890909e-03
2.506865099734e-03
2.504315765118e-03
2.502290399955e-03
2.499825137185e-03
2.480125570709e-03
2.476019225470e-03
2.469199861783e-03
2.464932024995e-03
2.459386252175e-03
2.459129519617e-03
2.453373021384e-03
2.450696994114e-03
2.434094553914e-03
2.433809482711e-03
2.433234815160e-03
2.425736194330e-03
2.414525185647e-03
2.413460833518e-03
2.406144196091e-03
2.397719644366e-03
2.394497214008e-03
2.393382469280e-03
2.387343930188e-03
2.383544218338e-03
2.382636809507e-03
2.381264761452e-03
2.373022463351e-03
2.354939101916e-03
2.352438479387e-03
2.350558069153e-03
2.350293467143e-03
2.336367363599e-03
2.323602231025e-03
2.322903899365e-03
2.319522282414e-03
2.308820103947e-03
2.304873924512e-03
2.296570055064e-03
2.294415319512e-03
2.294101093369e-03
2.293582589782e-03
2.290713291760e-03
2.283252267548e-03
2.274057613317e-03
2.266530518005e-03
2.265981418490e-03
2.264620225788e-03
2.260560160386e-03
2.241450293874e-03
2.239667209713e-03
2.237407603646e-03
2.233545844022e-03
2.232581717105e-03
2.226224326282e-03
2.217265098132e-03
2.215548942330e-03
2.211983904949e-03
2.202767538073e-03
2.199130482080e-03
2.188993028564e-03
2.186927308278e-03
2.182034695966e-03
2.177091075939e-03
2.173211222477e-03
2.164922622520e-03
2.160086791690e-03
2.155474753807e-03
2.150664342169e-03
2.143859594310e-03
2.142743768191e-03
2.140202010241e-03
2.138466657769e-03
2.136112698643e-03
2.134533225756e-03
2.131866187405e-03
2.121565895186e-03
2.119054188645e-03
2.111483116070e-03
2.110841041360e-03
2.108096986055e-03
2.089739489940e-03
2.081141084558e-03
2.075364132529e-03
2.073084484733e-03
2.069692819697e-03
2.069675991712e-03
2.068875506440e-03
2.068235495000e-03
2.067506689652e-03
2.058314617889e-03
2.054994524581e-03
2.050802483317e-03
2.050290978874e-03
2.046423580593e-03
2.042091507058e-03
2.041752165080e-03
2.041706769117e-03
2.030179681421e-03
2.027520610483e-03
2.022614324720e-03
2.021508132007e-03
2.015035702455e-03
2.013952821469e-03
2.008753792064e-03
2.001360226566e-03
1.992751006017e-03
1.988983331756e-03
1.988174486415e-03
1.983457729014e-03
1.976764375951e-03
1.975251965235e-03
1.975237067489e-03
1.974225964139e-03
1.970988033613e-03
1.962039482997e-03
1.959752853477e-03
1.956139739174e-03
1.950563291524e-03
1.950136370737e-03
1.947906213947e-03
1.944372118906e-03
1.930494414877e-03
1.918997041496e-03
1.910656984935e-03
1.910228016993e-03
1.902553738178e-03
1.899156457335e-03
1.894815873855e-03
1.893579308069e-03
1.893544610444e-03
1.891204279097e-03
1.879596170760e-03
1.873824104211e-03
1.870311094391e-03
1.869220102468e-03
1.866525053007e-03
1.866486614701e-03
1.866046743084e-03
1.863724394290e-03
1.856462234552e-03
1.855719221372e-03
1.854175578532e-03
1.847794208109e-03
1.847134119465e-03
1.844224543373e-03
1.834568163273e-03
1.829595815858e-03
1.828120742492e-03
1.825555054074e-03
1.817360843709e-03
1.809029683098e-03
1.805039270459e-03
1.800004587301e-03
1.798700486193e-03
1.790140331078e-03
1.788473575274e-03
1.788120586885e-03
1.787914981671e-03
1.784945739397e-03
1.783564720996e-03
1.780114227424e-03
1.767441934631e-03
1.766679303113e-03
1.766291871937e-03
1.761547580059e-03
1.758347177458e-03
1.756819831412e-03
1.755862720941e-03
1.754063718191e-03
1.753889434452e-03
1.753584577190e-03
1.747680543847e-03
1.738606043201e-03
1.734136501121e-03
1.732328624308e-03
1.727389986936e-03
1.726158814276e-03
1.719787958225e-03
1.710496812983e-03
1.707763426643e-03
1.697911977838e-03
1.697285907597e-03
1.696399027861e-03
1.693706876959e-03
1.690182798951e-03
1.689908808443e-03
1.688505026990e-03
1.686070378980e-03
1.679178868532e-03
1.676673166635e-03
1.671925818193e-03
1.666984685261e-03
1.665254325695e-03
1.664129003665e-03
1.654794932540e-03
1.654269387481e-03
1.644814763090e-03
1.644517755294e-03
1.643905566501e-03
1.640406209132e-03
1.639174365836e-03
1.633982163928e-03
1.633232924975e-03
1.629886270946e-03
1.623638975201e-03
1.616191313504e-03
1.613989563862e-03
1.613903088441e-03
1.613304269567e-03
1.611198882894e-03
1.610154885000e-03
1.604339902773e-03
1.597777359714e-03
1.596600979999e-03
1.593771117975e-03
1.593699467052e-03
1.584680950043e-03
1.583487432974e-03
1.580988193315e-03
1.579691709624e-03
1.578455948685e-03
1.566035334564e-03
1.565781073994e-03
1.558635987871e-03
1.558303095759e-03
1.557747618193e-03
1.555080659300e-03
1.554039972870e-03
1.539429366074e-03
1.530094165509e-03
1.527189647163e-03
1.526473801401e-03
1.524380161960e-03
1.522228209454e-03
1.521813766947e-03
1.514565782561e-03
1.511904505753e-03
1.508003160318e-03
1.505389504965e-03
1.504885404335e-03
1.503801343388e-03
1.498162933806e-03
1.495276821200e-03
1.490230092023e-03
1.488822902876e-03
1.488159176001e-03
1.486219528917e-03
1.480971077749e-03
1.479905661517e-03
1.479783482898e-03
1.478378512924e-03
1.477499814001e-03
1.474758281592e-03
1.468115607530e-03
1.468004043888e-03
1.462904121345e-03
1.462724605359e-03
1.451981929406e-03
1.446711543940e-03
1.446323570722e-03
1.440152751647e-03
1.436842982778e-03
1.436434935478e-03
1.436342150193e-03
1.432699895336e-03
1.423766667183e-03
1.422770614738e-03
1.420404394227e-03
1.420230291392e-03
1.412809701850e-03
1.409757795860e-03
1.407450542543e-03
1.407129231209e-03
1.405031495776e-03
1.402231535986e-03
1.402067270694e-03
1.400842981294e-03
1.390875489865e-03
1.388440716602e-03
1.388133810913e-03
1.387185160628e-03
1.385481416206e-03
1.382383590150e-03
1.380141249063e-03
1.376936456587e-03
1.372574452131e-03
1.371939109561e-03
1.368322886939e-03
1.367412611998e-03
1.366519862844e-03
1.353830284938e-03
1.351357315562e-03
1.350235213093e-03
1.348600714809e-03
1.348132386678e-03
1.346629475259e-03
1.339408045804e-03
1.337917825253e-03
1.336799304248e-03
1.331503669293e-03
1.325068104463e-03
1.320618922649e-03
1.319397767660e-03
1.318711582066e-03
1.318303332731e-03
1.309328317848e-03
1.307587109138e-03
1.306705258373e-03
1.306535178302e-03
1.301219343983e-03
1.295696097597e-03
1.294750076272e-03
1.291949948343e-03
1.290192524044e-03
1.287319429768e-03
1.286341526476e-03
1.284601018811e-03
1.282236069445e-03
1.282185158676e-03
1.282007870864e-03
1.274939160884e-03
1.272114546261e-03
1.267773441026e-03
1.263195450237e-03
1.262196877811e-03
1.259055775406e-03
1.259044983225e-03
1.249283344562e-03
1.244212687591e-03
1.243938773529e-03
1.243550560433e-03
1.242258152764e-03
1.240929324977e-03
1.239580929751e-03
1.235745620517e-03
1.231840172320e-03
1.225562517732e-03
1.223048668505e-03
1.222555207669e-03
1.221641614201e-03
1.221485998939e-03
1.215984550842e-03
1.212800430129e-03
1.210929714311e-03
1.208176111492e-03
1.205263036924e-03
1.204053878883e-03
1.199992916313e-03
1.198544022490e-03
1.196827742747e-03
1.192878106529e-03
1.190106775388e-03
1.186517941281e-03
1.183526503914e-03
1.182158103720e-03
1.179918854642e-03
1.173153826829e-03
1.172247154618e-03
1.169927108236e-03
1.168580086833e-03
1.168307294566e-03
1.165543287272e-03
1.163358793512e-03
1.160635983228e-03
1.157401899190e-03
1.155109365546e-03
1.150138792021e-03
1.150089922546e-03
1.149327490146e-03
1.143320624910e-03
1.137023868689e-03
1.136675210533e-03
1.136299355215e-03
1.132810865324e-03
1.131359635621e-03
1.125516452546e-03
1.123159283510e-03
1.123035535375e-03
1.122770084629e-03
1.119115738058e-03
1.113592604794e-03
1.113405258558e-03
1.113288261237e-03
1.110496399799e-03
1.108517122255e-03
1.108448853240e-03
1.106375163449e-03
1.104197966425e-03
1.101854957527e-03
1.099162714520e-03
1.096086492455e-03
1.094001326972e-03
1.092626238525e-03
1.091778664525e-03
1.088653481056e-03
1.088464883880e-03
1.087290599765e-03
1.084803704596e-03
1.078540652676e-03
1.077151996396e-03
1.076401715898e-03
1.073701077327e-03
1.068437015431e-03
1.059815294180e-03
1.059214255102e-03
1.057330157313e-03
1.056971283818e-03
1.056922301224e-03
1.053409600129e-03
1.051020225975e-03
1.048898305633e-03
1.043340248724e-03
1.043282755341e-03
1.038936329508e-03
1.036717281261e-03
1.036503349808e-03
1.034205787887e-03
1.032439061000e-03
1.026053710825e-03
1.024603345813e-03
1.024492699737e-03
1.023263946807e-03
1.022360681564e-03
1.020691959412e-03
1.018636618708e-03
1.017189288846e-03
1.012873242466e-03
1.010375265946e-03
1.008320007945e-03
1.006902285411e-03
1.004200041655e-03
1.001386425439e-03
9.992464314595e-04
9.990155601135e-04
9.986322246879e-04
9.936397217071e-04
9.919696761190e-04
9.916385877577e-04
9.896825111407e-04
9.893522820777e-04
9.831852485484e-04
9.803587585886e-04
9.784696411760e-04
9.780939442660e-04
9.765416228453e-04
9.752754241870e-04
9.738001401678e-04
9.727634396542e-04
9.632116415462e-04
9.612028531661e-04
9.605066720872e-04
9.602017653354e-04
9.588336595644e-04
9.575860584619e-04
9.557168537046e-04
9.548752869069e-04
9.542497517736e-04
9.524755868520e-04
9.514663040595e-04
9.504810538237e-04
9.429850805480e-04
9.410694042651e-04
9.405025896302e-04
9.394302638725e-04
9.373552719451e-04
9.371568688635e-04
9.368278475144e-04
9.343188123455e-04
9.245625771743e-04
9.219458456196e-04
9.215003832581e-04
9.175126425494e-04
9.171089276264e-04
9.158419107843e-04
9.157169669643e-04
9.144818765998e-04
9.135153279460e-04
9.128704463972e-04
9.089383688770e-04
9.082467389128e-04
9.030716795246e-04
9.018894584650e-04
9.004190524612e-04
9.001771368213e-04
8.995413337318e-04
8.980623626623e-04
8.936540585010e-04
8.934860446104e-04
8.917720223419e-04
8.907950893485e-04
8.839288353014e-04
8.829042230652e-04
8.823911432516e-04
8.778487782927e-04
8.757043819895e-04
8.750935668172e-04
8.734908804721e-04
8.729790468674e-04
8.720568216722e-04
8.714378145950e-04
8.708402719884e-04
8.683246224366e-04
8.661956576897e-04
8.652950562047e-04
8.629699477797e-04
8.627958383957e-04
8.623219819748e-04
8.583027530053e-04
8.576175180619e-04
8.568867980835e-04
8.539968467532e-04
8.526282377794e-04
8.523341401734e-04
8.514504946646e-04
8.472583072632e-04
8.458807725468e-04
8.436738333514e-04
8.429572143335e-04
8.420782197847e-04
8.402875013638e-04
8.379746543745e-04
8.374008976481e-04
8.372417085728e-04
8.353825654459e-04
8.352542715807e-04
8.348573084969e-04
8.311949728194e-04
8.283829588444e-04
8.281675281668e-04
8.273138467421e-04
8.270646833374e-04
8.257467759359e-04
8.222174759373e-04
8.211708801584e-04
8.197679426022e-04
8.175566772873e-04
8.169081622013e-04
8.168485341202e-04
8.162836127401e-04
8.153390001646e-04
8.097650145037e-04
8.088339461826e-04
8.080024607830e-04
8.076213507257e-04
8.045708979251e-04
8.030005926068e-04
7.988959544360e-04
7.984284577475e-04
7.957025685162e-04
7.941828033367e-04
7.936430624625e-04
7.932280471578e-04
7.903345067472e-04
7.870514957638e-04
7.863907363715e-04
7.859752989338e-04
7.844797157417e-04
7.842119225144e-04
7.833912446581e-04
7.795828088872e-04
7.777008295696e-04
7.760626475270e-04
7.749187081039e-04
7.749103718137e-04
7.724378117374e-04
7.721881520429e-04
7.720965174220e-04
7.712586219446e-04
7.676050791584e-04
7.662025060026e-04
7.659062214679e-04
7.654346373592e-04
7.627325373285e-04
7.592657615778e-04
7.565163650620e-04
7.536429053059e-04
7.524444693243e-04
7.522219234742e-04
7.516065863296e-04
7.514813065208e-04
7.504542825839e-04
7.494900148202e-04
7.482537159617e-04
7.444650917325e-04
7.440771250403e-04
7.428515630468e-04
7.391392156909e-04
7.365267996621e-04
7.342177319546e-04
7.293155169088e-04
7.260635910625e-04
7.247885632412e-04
7.244514872745e-04
7.241943573287e-04
7.233742717902e-04
7.227790871459e-04
7.223264207522e-04
7.180013910026e-04
7.168411071329e-04
7.166637339533e-04
7.157393417227e-04
7.155880854033e-04
7.121714651113e-04
7.105410468729e-04
7.074191950494e-04
7.071484417668e-04
7.068148037288e-04
7.063765774867e-04
7.053271359305e-04
7.009698285108e-04
7.001165800084e-04
6.989906221537e-04
6.983827524292e-04
6.928605301848e-04
6.909712223493e-04
6.905978230658e-04
6.898643744247e-04
6.892131092034e-04
6.885605892373e-04
6.884823418356e-04
6.870423528879e-04
6.864381587848e-04
6.845506845502e-04
6.820609750288e-04
6.811830126598e-04
6.787427108229e-04
6.783999016406e-04
6.777760908156e-04
6.764907189660e-04
6.728071267962e-04
6.726441565155e-04
6.725593839494e-04
6.724868430896e-04
6.711146507770e-04
6.709773635715e-04
6.697866767138e-04
6.679399296985e-04
6.662822721010e-04
6.653406786028e-04
6.651054830601e-04
6.591188873599e-04
6.586380230150e-04
6.576635735447e-04
6.565151172109e-04
6.561628416228e-04
6.555317763410e-04
6.548776267807e-04
6.491012978213e-04
6.490486779794e-04
6.473770841867e-04
6.459811751101e-04
6.453966595132e-04
6.447770126226e-04
6.425882445433e-04
6.414069487371e-04
6.381743991829e-04
6.373146754701e-04
6.368462260390e-04
6.329664706587e-04
6.328810928987e-04
6.317934867142e-04
6.310993847782e-04
6.303113126042e-04
6.295220912302e-04
6.275601564151e-04
6.274924781418e-04
6.272881958917e-04
6.268435276429e-04
6.264995179876e-04
6.221242414317e-04
6.220529255817e-04
6.207822861702e-04
6.203163184909e-04
6.195844622061e-04
6.183003477020e-04
6.181370358534e-04
6.155609366847e-04
6.152405783762e-04
6.149044325118e-04
6.142228972502e-04
6.138374558754e-04
6.124671734352e-04
6.092838087527e-04
6.075548781362e-04
6.052421390558e-04
6.047149162795e-04
6.039991766224e-04
6.033776798317e-04
6.027871320586e-04
5.970676109387e-04
5.961655428673e-04
5.936993184330e-04
5.933867057478e-04
5.925020678851e-04
5.917032302324e-04
5.917014810228e-04
5.915467797805e-04
5.903799998644e-04
5.891507386610e-04
5.853296411678e-04
5.847385043166e-04
5.841731137371e-04
5.831869057121e-04
5.804206036846e-04
5.796552724406e-04
5.786675915501e-04
5.778598081680e-04
5.759250263048e-04
5.725785168942e-04
5.725615995398e-04
5.712009321809e-04
5.709346878311e-04
5.698122504709e-04
5.689869893903e-04
5.685026305617e-04
5.641432037415e-04
5.640897892702e-04
5.619107107433e-04
5.611855490185e-04
5.602654731428e-04
5.600829410809e-04
5.599904024769e-04
5.564659540340e-04
5.563937642080e-04
5.556196559608e-04
5.555418051378e-04
5.551085991877e-04
5.531301664624e-04
5.527708967054e-04
5.523515889680e-04
5.521118303980e-04
5.511900969957e-04
5.486104313828e-04
5.483868024065e-04
5.468513079184e-04
5.456821780578e-04
5.442895637294e-04
5.430926337020e-04
5.420784597258e-04
5.404694581266e-04
5.391305423790e-04
5.390297790899e-04
5.382176767492e-04
5.361438885845e-04
5.352128087751e-04
5.349377858335e-04
5.346865477791e-04
5.322066598752e-04
5.321917130514e-04
5.308898705780e-04
5.304317895499e-04
5.292585685751e-04
5.273071951983e-04
5.266979346083e-04
5.256729321095e-04
5.254227511800e-04
5.242105012116e-04
5.233002769849e-04
5.224332994965e-04
5.214198701834e-04
5.200329211392e-04
5.195658416586e-04
5.192568920251e-04
5.184671062560e-04
5.184384998266e-04
5.180462904948e-04
5.170362894166e-04
5.162306243568e-04
5.158034495265e-04
5.128106197373e-04
5.093842909735e-04
5.088500359010e-04
5.072064705414e-04
5.064010096567e-04
5.059516787010e-04
5.053549969570e-04
5.035809100281e-04
5.012033229067e-04
5.011148201113e-04
4.987328058946e-04
4.983270121972e-04
4.982606020819e-04
4.980153788709e-04
4.980096826941e-04
4.973191359599e-04
4.969776290031e-04
4.962543510668e-04
4.956418893458e-04
4.950926672428e-04
4.927309673223e-04
4.915729187438e-04
4.906673306163e-04
4.890011793076e-04
4.880092068527e-04
4.872266460713e-04
4.866341144659e-04
4.853976294458e-04
4.847251066137e-04
4.841716865501e-04
4.798122229655e-04
4.797043496350e-04
4.795214780961e-04
4.785790167993e-04
4.781809852328e-04
4.758551187651e-04
4.754520408539e-04
4.751620032255e-04
4.745142124809e-04
4.736758354473e-04
4.726538068614e-04
4.717138114014e-04
4.710896619075e-04
4.710857973412e-04
4.703553952535e-04
4.702205779222e-04
4.701411737767e-04
4.698339953815e-04
4.690082633752e-04
4.645716055231e-04
4.642406021799e-04
4.640809934035e-04
4.639428760610e-04
4.625110434980e-04
4.605923399544e-04
4.602905766291e-04
4.599085244863e-04
4.592015581523e-04
4.584438974868e-04
4.571510475570e-04
4.570790226195e-04
4.565324408231e-04
4.551566038756e-04
4.550187735581e-04
4.533289036781e-04
4.532475658294e-04
4.529842775888e-04
4.517524671771e-04
4.504388090113e-04
4.489978102021e-04
4.488079308774e-04
4.478302819331e-04
4.475106999655e-04
4.453518672584e-04
4.445604919579e-04
4.440054161561e-04
4.436460853676e-04
4.429658604150e-04
4.417240724066e-04
4.409333321159e-04
4.402352986575e-04
4.395566657398e-04
4.366835386542e-04
4.364342140926e-04
4.363669120591e-04
4.362887900688e-04
4.361214637924e-04
4.337888625918e-04
4.321284603558e-04
4.318578125548e-04
4.316131412041e-04
4.311707840894e-04
4.303201204034e-04
4.285521928241e-04
4.279914663163e-04
4.257047606317e-04
4.252931774618e-04
4.249502222789e-04
4.247100807665e-04
4.231982874706e-04
4.218507391349e-04
4.216942504932e-04
4.210826685425e-04
4.210360949926e-04
4.201460075235e-04
4.198716373296e-04
4.183457636239e-04
4.179128812989e-04
4.145818940925e-04
4.144582955431e-04
4.132450327372e-04
4.126481693884e-04
4.123605479016e-04
4.109433810396e-04
4.102550096079e-04
4.079889646083e-04
4.075790017999e-04
4.071659969166e-04
4.065952249168e-04
4.062713129918e-04
4.046333506112e-04
4.034303982401e-04
4.030776837007e-04
4.029603526424e-04
4.010088452320e-04
4.008821299437e-04
4.008662241282e-04
4.005526251004e-04
4.001211682001e-04
3.997107972333e-04
3.994493360142e-04
3.977371124036e-04
3.957382071794e-04
3.953985856976e-04
3.947427952748e-04
3.942525191046e-04
3.938389625747e-04
3.917791029711e-04
3.912928358330e-04
3.905371596373e-04
3.897627860282e-04
3.889160291503e-04
3.878594059396e-04
3.871820025230e-04
3.849347890695e-04
3.848171819290e-04
3.840253366628e-04
3.838189658922e-04
3.826066288450e-04
3.816458261316e-04
3.806267057859e-04
3.805271120772e-04
3.804982129805e-04
3.795648238064e-04
3.785440143300e-04
3.779532196847e-04
3.776898803572e-04
3.767690496202e-04
3.758180026052e-04
3.742827799335e-04
3.736451314247e-04
3.731785457920e-04
3.730520635954e-04
3.723293452216e-04
3.715670922498e-04
3.705496477437e-04
3.687271198352e-04
3.686682658808e-04
3.676846966726e-04
3.667537032456e-04
3.664887912698e-04
3.660881520191e-04
3.660236554190e-04
3.657222679263e-04
3.647728273452e-04
3.641177846464e-04
3.639459023325e-04
3.622213329879e-04
3.620519852888e-04
3.606106012512e-04
3.605510732028e-04
3.593057116728e-04
3.591356263742e-04
3.589570299040e-04
3.569869319209e-04
3.560263508224e-04
3.559908787497e-04
3.535992593036e-04
3.531926149246e-04
3.523963634833e-04
3.522755267720e-04
3.517558377883e-04
3.505225645436e-04
3.501343121157e-04
3.490141530955e-04
3.489695279794e-04
3.484647360239e-04
3.477947287370e-04
3.476674674772e-04
3.470376469624e-04
3.459539174883e-04
3.454870393256e-04
3.448558603768e-04
3.443085793299e-04
3.435252800398e-04
3.427343115753e-04
3.424176675431e-04
3.418386690571e-04
3.398403137133e-04
3.381821626498e-04
3.372259766185e-04
3.364380789788e-04
3.362145717256e-04
3.360977879307e-04
3.345441976239e-04
3.342871694937e-04
3.324989470905e-04
3.324327112323e-04
3.322220450913e-04
3.319223584001e-04
3.308090994101e-04
3.306953727997e-04
3.305046361834e-04
3.297626004103e-04
3.279229351002e-04
3.278446699013e-04
3.274436513954e-04
3.269479614485e-04
3.266048994883e-04
3.261780334126e-04
3.258603019457e-04
3.250713679278e-04
3.237613458600e-04
3.225000623078e-04
3.211059215177e-04
3.203784138463e-04
3.192253112943e-04
3.177920422931e-04
3.174796612595e-04
3.170892594662e-04
3.156350836331e-04
3.154549303898e-04
3.153016744889e-04
3.148438867451e-04
3.147855974238e-04
3.143810786748e-04
3.136198163374e-04
3.119526243686e-04
3.116733432261e-04
3.114986416658e-04
3.110034425598e-04
3.103971291308e-04
3.099352814728e-04
3.091235244611e-04
3.085048210077e-04
3.079848649614e-04
3.072018007099e-04
3.069379706479e-04
3.058405529060e-04
3.053606221063e-04
3.052927776411e-04
3.045093190629e-04
3.043588961317e-04
3.038547050118e-04
3.037146162946e-04
3.034911818202e-04
3.029716047905e-04
3.027881661350e-04
3.018486447586e-04
3.012722704673e-04
3.004959620766e-04
2.998154759378e-04
2.997261626834e-04
2.979672086740e-04
2.979019726373e-04
2.969121514542e-04
2.962208994661e-04
2.961603709110e-04
2.961028035280e-04
2.950448908637e-04
2.943919581938e-04
2.936791446887e-04
2.928258439601e-04
2.925267962599e-04
2.908897616977e-04
2.906624461003e-04
2.903194651444e-04
2.901772848972e-04
2.887301815240e-04
2.887156879415e-04
2.883270779848e-04
2.872299500671e-04
2.859223822869e-04
2.857826863608e-04
2.845259636366e-04
2.845161061499e-04
2.823947116574e-04
2.818051803001e-04
2.813225645630e-04
2.813121442723e-04
2.812392419800e-04
2.810663106190e-04
2.808772663792e-04
2.802049722979e-04
2.798776342911e-04
2.796759429005e-04
2.795782770376e-04
2.794483817250e-04
2.775224293334e-04
2.762785837990e-04
2.759098355351e-04
2.758702432111e-04
2.755170603283e-04
2.747616912461e-04
2.743469602347e-04
2.740990862112e-04
2.728759870589e-04
2.726796260120e-04
2.724628287350e-04
2.713153221159e-04
2.708887791250e-04
2.707016873285e-04
2.698486332238e-04
2.683796383938e-04
2.682869463488e-04
2.678438286348e-04
2.677810458902e-04
2.669696471209e-04
2.662526794161e-04
2.660582695674e-04
2.656535886400e-04
2.652779825722e-04
2.647915651043e-04
2.629232487472e-04
2.614771368817e-04
2.609475719292e-04
2.605430809074e-04
2.604543693218e-04
2.597736271067e-04
2.594963636998e-04
2.593633755107e-04
2.584143261714e-04
2.574258491606e-04
2.573692125225e-04
2.567054782919e-04
2.565250448893e-04
2.556262282535e-04
2.556041709101e-04
2.539850225971e-04
2.536024880777e-04
2.532601115122e-04
2.532153280597e-04
2.525733276361e-04
2.519000199450e-04
2.514026915294e-04
2.510379917617e-04
2.503690939572e-04
2.497774562117e-04
2.496133078874e-04
2.486573082285e-04
2.482824077227e-04
2.478476068236e-04
2.477269882849e-04
2.474388260743e-04
2.472450149115e-04
2.468102579770e-04
2.467006468821e-04
2.458912035423e-04
2.454863273406e-04
2.453661814018e-04
2.447460977666e-04
2.445951379333e-04
2.435170379892e-04
2.427962339324e-04
2.411732648179e-04
2.408496276282e-04
2.404880589859e-04
2.398699257848e-04
2.389208949801e-04
2.376614619121e-04
2.375737570269e-04
2.371640342157e-04
2.369645087501e-04
2.356667308989e-04
2.352864855668e-04
2.350323118252e-04
2.349476253646e-04
2.348891144245e-04
2.347014106318e-04
2.346597441051e-04
2.340040692491e-04
2.336431063797e-04
2.330903165780e-04
2.323789480599e-04
2.322817396776e-04
2.309254681268e-04
2.306131401704e-04
2.304487001690e-04
2.301107332857e-04
2.299643529522e-04
2.289443605422e-04
2.283126984409e-04
2.277174013588e-04
2.269470875768e-04
2.267824862555e-04
2.263074537113e-04
2.260470665723e-04
2.259281833369e-04
2.256963419651e-04
2.254386769088e-04
2.253966755275e-04
2.250050470589e-04
2.246486710364e-04
2.244726387424e-04
2.239529719585e-04
2.236409035463e-04
2.226317240722e-04
2.225245853124e-04
2.205035289154e-04
2.203472290857e-04
2.202454015181e-04
2.202238089172e-04
2.197955119551e-04
2.193922866355e-04
2.192404060866e-04
2.170765526815e-04
2.169829914379e-04
2.165227131335e-04
2.156200740396e-04
2.155532980775e-04
2.153361279084e-04
2.153179202952e-04
2.151603189116e-04
2.142879449383e-04
2.139293860661e-04
2.135885639730e-04
2.133297038697e-04
2.129145783204e-04
2.121428635802e-04
2.113732113821e-04
2.112941928893e-04
2.105914958191e-04
2.102503189150e-04
2.092864808773e-04
2.091781597676e-04
2.085070461623e-04
2.080602828562e-04
2.077328827719e-04
2.064768313200e-04
2.062349612416e-04
2.060716035279e-04
2.057475997187e-04
2.053116681132e-04
2.051681688085e-04
2.049187404293e-04
2.047019612459e-04
2.036727506408e-04
2.033028862566e-04
2.022737765506e-04
2.022059644284e-04
2.019151783929e-04
2.010964832452e-04
2.009499437541e-04
2.002020849220e-04
1.999735417247e-04
1.987790539999e-04
1.979043914747e-04
1.977079728327e-04
1.974525022858e-04
1.974003132756e-04
1.972967776213e-04
1.971194644638e-04
1.969026403260e-04
1.964751149421e-04
1.959045603499e-04
1.954307427622e-04
1.951835111206e-04
1.942138401199e-04
1.937578712445e-04
1.935864897477e-04
1.935428007537e-04
1.933732598641e-04
1.926418240139e-04
1.920057357447e-04
1.919755752037e-04
1.913534098568e-04
1.907874674995e-04
1.903932194014e-04
1.896503852068e-04
1.894509921308e-04
1.894368191716e-04
1.893195054834e-04
1.891521844525e-04
1.884842534301e-04
1.877955022779e-04
1.876643227746e-04
1.871762571920e-04
1.866775501869e-04
1.862326819924e-04
1.862175912189e-04
1.858023992089e-04
1.857776802401e-04
1.852297030527e-04
1.851505934931e-04
1.843641716874e-04
1.842015752167e-04
1.838061837580e-04
1.836953717254e-04
1.833831554231e-04
1.827946904451e-04
1.808457323057e-04
1.808241558669e-04
1.800221003482e-04
1.799445678932e-04
1.794103955623e-04
1.793777028135e-04
1.790710004480e-04
1.790526187640e-04
1.787821730575e-04
1.783073470011e-04
1.772659512790e-04
1.772339995815e-04
1.770951651769e-04
1.760348528004e-04
1.755415450428e-04
1.752002506910e-04
1.751347841798e-04
1.746181490648e-04
1.744920526099e-04
1.744329035687e-04
1.739968506495e-04
1.736615040326e-04
1.735373464017e-04
1.734808743270e-04
1.719080535298e-04
1.718690742991e-04
1.714744264318e-04
1.712554059285e-04
1.707045309263e-04
1.701817353776e-04
1.699768680662e-04
1.695668378023e-04
1.694025060878e-04
1.693652536948e-04
1.690114489263e-04
1.688995166028e-04
1.688073930669e-04
1.676709001854e-04
1.676669024632e-04
1.672805010313e-04
1.666471511023e-04
1.664193912638e-04
1.656713714553e-04
1.656237240337e-04
1.653491011945e-04
1.650049857139e-04
1.646218935715e-04
1.644955015201e-04
1.640180287291e-04
1.636414740170e-04
1.628729128598e-04
1.628414395887e-04
1.627139706555e-04
1.626218876271e-04
1.624720728590e-04
1.624580374710e-04
1.622483019539e-04
1.612184662298e-04
1.607613419758e-04
1.605527632558e-04
1.605204770021e-04
1.600740305752e-04
1.596062816633e-04
1.595526737968e-04
1.593747349016e-04
1.591932319495e-04
1.590297680819e-04
1.585284216176e-04
1.582523762537e-04
1.578592327853e-04
1.578494193948e-04
1.576534407928e-04
1.576412434859e-04
1.569458325479e-04
1.567072219995e-04
1.558842663616e-04
1.555447547856e-04
1.554701059088e-04
1.554510545833e-04
1.551283540497e-04
1.546552509513e-04
1.546523438714e-04
1.545422261791e-04
1.541447878187e-04
1.535831164817e-04
1.534734736881e-04
1.512794307029e-04
1.508619354633e-04
1.506987812682e-04
1.505804042168e-04
1.505794122230e-04
1.504263739982e-04
1.503205905377e-04
1.500932739286e-04
1.500259829785e-04
1.498907384838e-04
1.498178938997e-04
1.496766867958e-04
1.494516952542e-04
1.492501599834e-04
1.478066889533e-04
1.475595552050e-04
1.475011352309e-04
1.473706722314e-04
1.471927112654e-04
1.468468879800e-04
1.466782490882e-04
1.461427142756e-04
1.458464816410e-04
1.451445529706e-04
1.448235950794e-04
1.447997867629e-04
1.443326781452e-04
1.443295403031e-04
1.437108822432e-04
1.434144968644e-04
1.432682165874e-04
1.431503234741e-04
1.430748213296e-04
1.428958729377e-04
1.428177917440e-04
1.413766783126e-04
1.412786866529e-04
1.408628522445e-04
1.403311519940e-04
1.402916176525e-04
1.398131794797e-04
1.396406777714e-04
1.387194561621e-04
1.386295927861e-04
1.385153280494e-04
1.382924558425e-04
1.375811463066e-04
1.367988721715e-04
1.367088790660e-04
1.361270535851e-04
1.361217052374e-04
1.360807385641e-04
1.359382183322e-04
1.358231122096e-04
1.357882688643e-04
1.352683009262e-04
1.350755955044e-04
1.342173450809e-04
1.339755795052e-04
1.339471528057e-04
1.337814265924e-04
1.335695320445e-04
1.327913855620e-04
1.327882058105e-04
1.323666807202e-04
1.319999001881e-04
1.318231760943e-04
1.312132909290e-04
1.312015406332e-04
1.311270763462e-04
1.308223515842e-04
1.307984709095e-04
1.305878627635e-04
1.300861215447e-04
1.296815024712e-04
1.294900943081e-04
1.294373192384e-04
1.292091259219e-04
1.292000992333e-04
1.291839067706e-04
1.288828988212e-04
1.286043537866e-04
1.284645353522e-04
1.281484433909e-04
1.278616663075e-04
1.277982929052e-04
1.274604543857e-04
1.267792143621e-04
1.262783375809e-04
1.255450289472e-04
1.254124199196e-04
1.253504522611e-04
1.248191214913e-04
1.245279884889e-04
1.244776757189e-04
1.244544404852e-04
1.244403843947e-04
1.241151587059e-04
1.237677492121e-04
1.234320624482e-04
1.232954685282e-04
1.231553503437e-04
1.223945723360e-04
1.222932626077e-04
1.218563958948e-04
1.217278532886e-04
1.215511478524e-04
1.208257396169e-04
1.206519382008e-04
1.205508669935e-04
1.204199864642e-04
1.201970315214e-04
1.201180474472e-04
1.199244982143e-04
1.197056700033e-04
1.192101366334e-04
1.191541680155e-04
1.191434470439e-04
1.190507829570e-04
1.190010345846e-04
1.185506905097e-04
1.185036748509e-04
1.181708759832e-04
1.176956339164e-04
1.172350017311e-04
1.172299539951e-04
1.167755788529e-04
1.166203342049e-04
1.163904206781e-04
1.161517280068e-04
1.158370140834e-04
1.153769763366e-04
1.151529726652e-04
1.150570449069e-04
1.144488328387e-04
1.143686953990e-04
1.141489306910e-04
1.140947709666e-04
1.139001282900e-04
1.136985274264e-04
1.135309088461e-04
1.134542924623e-04
1.128650959788e-04
1.128623732355e-04
1.128117875203e-04
1.126169967448e-04
1.124755907168e-04
1.122030688218e-04
1.115302625780e-04
1.111957452540e-04
1.111396204025e-04
1.109902410971e-04
1.106383062096e-04
1.106214755555e-04
1.101654936199e-04
1.099670063998e-04
1.095630473692e-04
1.095567729525e-04
1.093950051302e-04
1.093087495721e-04
1.092803779375e-04
1.090488610484e-04
1.079148604229e-04
1.076749473027e-04
1.075578507921e-04
1.070491385124e-04
1.068606295577e-04
1.068496234984e-04
1.066282173680e-04
1.064013579320e-04
1.062622630817e-04
1.060072271691e-04
1.054774852710e-04
1.050735149107e-04
1.049967190988e-04
1.049172943924e-04
1.048141322952e-04
1.040226303412e-04
1.037995945653e-04
1.034716781739e-04
1.030606128470e-04
1.029395785268e-04
1.028935907490e-04
1.028463719003e-04
1.025014913761e-04
1.023919219064e-04
1.023391707958e-04
1.021798736003e-04
1.021107413988e-04
1.017499093261e-04
1.016913457849e-04
1.009794055063e-04
1.008613603386e-04
1.008334325415e-04
1.004620816204e-04
1.002334235721e-04
1.001333271113e-04
9.992580845027e-05
9.985616889342e-05
9.962078413127e-05
9.915813403145e-05
9.889100624966e-05
9.888169735494e-05
9.863413088246e-05
9.811213080100e-05
9.803801776485e-05
9.798113603459e-05
9.773829781416e-05
9.766783952076e-05
9.731353965166e-05
9.682007111005e-05
9.670791515981e-05
9.610686812868e-05
9.599606187232e-05
9.567549274387e-05
9.557059930941e-05
9.549614950608e-05
9.486892421070e-05
9.482788555641e-05
9.441372021951e-05
9.440250938142e-05
9.436214088739e-05
9.400687003565e-05
9.341411412063e-05
9.338195331758e-05
9.312431407885e-05
9.310802630499e-05
9.300457083908e-05
9.295299208849e-05
9.284048599271e-05
9.212034533644e-05
9.183601143959e-05
9.183094451922e-05
9.181947797004e-05
9.139135707451e-05
9.126265904602e-05
9.115378400798e-05
9.087536210252e-05
9.077054355737e-05
9.067619808120e-05
9.056042912678e-05
9.042496755756e-05
9.026092806242e-05
8.984590009132e-05
8.974550324762e-05
8.964753540380e-05
8.943446055938e-05
8.839552748460e-05
8.819430130400e-05
8.817598633215e-05
8.780874258670e-05
8.740596692960e-05
8.735048863373e-05
8.728831521099e-05
8.710217341409e-05
8.708282401811e-05
8.690223678005e-05
8.670880212594e-05
8.659868832854e-05
8.651612898834e-05
8.615474026711e-05
8.599461919413e-05
8.574205491740e-05
8.562420323595e-05
8.542895941506e-05
8.540392424861e-05
8.536910182655e-05
8.532674388181e-05
8.519699550963e-05
8.511709951629e-05
8.495471912202e-05
8.455588795461e-05
8.422591716669e-05
8.417164208742e-05
8.393052341032e-05
8.385258488350e-05
8.337917855475e-05
8.324427488513e-05
8.299841596730e-05
8.287138838632e-05
8.283549252992e-05
8.273410867291e-05
8.245732873630e-05
8.213951614258e-05
8.197038239934e-05
8.180862967162e-05
8.168457227148e-05
8.134950820170e-05
8.107854342836e-05
8.104294756909e-05
8.103152837057e-05
8.102192159377e-05
8.081917756676e-05
8.067529970586e-05
8.002247562732e-05
7.967112664301e-05
7.940309460791e-05
7.936210309745e-05
7.883598168750e-05
7.879748652563e-05
7.850381675653e-05
7.841969586196e-05
7.837524249703e-05
7.796124500092e-05
7.777112893034e-05
7.761407680429e-05
7.735609744253e-05
7.701595587120e-05
7.700105893831e-05
7.693308343940e-05
7.672969357292e-05
7.664772509340e-05
7.647779474592e-05
7.617672675162e-05
7.605841744869e-05
7.600817151568e-05
7.571230641000e-05
7.562105970601e-05
7.543828638986e-05
7.520443749252e-05
7.483684253337e-05
7.467543879375e-05
7.440516588270e-05
7.431202961610e-05
7.423990681599e-05
7.411118732906e-05
7.397499357994e-05
7.367482310596e-05
7.360309298499e-05
7.346390818833e-05
7.325325367383e-05
7.318094599292e-05
7.317814657316e-05
7.308214876750e-05
7.303199888636e-05
7.258704093856e-05
7.240189583541e-05
7.232085805866e-05
7.229760428172e-05
7.226326711643e-05
7.189334973291e-05
7.186216378557e-05
7.181823747660e-05
7.163003611000e-05
7.122787873514e-05
7.080590512495e-05
7.071863114659e-05
7.041392894219e-05
7.036759384047e-05
7.029655580138e-05
7.015789672985e-05
7.006235155193e-05
7.002007306269e-05
6.976964215262e-05
6.971342892198e-05
6.955390538639e-05
6.938122049637e-05
6.911556774660e-05
6.893294600000e-05
6.889290031423e-05
6.862163740250e-05
6.857204696239e-05
6.854483868502e-05
6.828330078374e-05
6.813450468340e-05
6.796766732602e-05
6.796161775564e-05
6.792843003942e-05
6.791721862042e-05
6.785309321238e-05
6.692673581014e-05
6.685211477666e-05
6.656232297105e-05
6.656053352760e-05
6.634642478554e-05
6.629571516681e-05
6.605415703119e-05
6.600318125031e-05
6.579808279347e-05
6.569527025150e-05
6.567125029932e-05
6.547141971796e-05
6.542406557500e-05
6.540167541309e-05
6.518602956823e-05
6.489114513584e-05
6.485407518109e-05
6.465218611073e-05
6.460978587508e-05
6.460332011457e-05
6.417531503366e-05
6.407694892831e-05
6.402771592291e-05
6.384752839283e-05
6.349254011136e-05
6.341927316337e-05
6.335436948004e-05
6.334306821911e-05
6.324899418217e-05
6.322463685404e-05
6.314252347944e-05
6.286271514549e-05
6.285392126309e-05
6.245044026839e-05
6.217609827168e-05
6.217406405742e-05
6.170390471750e-05
6.169738640070e-05
6.168305512324e-05
6.165310255409e-05
6.150410248446e-05
6.122618099459e-05
6.106027442150e-05
6.103991331956e-05
6.098750519557e-05
6.090534339872e-05
6.085708638798e-05
6.084952718418e-05
6.081031395501e-05
6.062701760129e-05
6.006993340379e-05
5.989259125413e-05
5.977371410773e-05
5.969712721301e-05
5.966157070648e-05
5.962419463971e-05
5.954925093753e-05
5.951688667633e-05
5.946752795866e-05
5.935164692798e-05
5.928626862415e-05
5.905335825336e-05
5.866895445727e-05
5.810930706038e-05
5.809072565704e-05
5.806945143375e-05
5.780002738066e-05
5.763230829838e-05
5.755225289680e-05
5.752057095054e-05
5.719524618410e-05
5.706099811049e-05
5.697613065247e-05
5.694230376741e-05
5.684256327434e-05
5.666468484765e-05
5.647033372603e-05
5.639275776072e-05
5.634127852661e-05
5.633217807016e-05
5.627195744151e-05
5.625395640492e-05
5.621610609256e-05
5.602510762055e-05
5.586508181549e-05
5.567471658619e-05
5.563453307418e-05
5.552188609397e-05
5.534269060501e-05
5.532419508345e-05
5.527875368523e-05
5.494363022789e-05
5.468383228199e-05
5.465199679294e-05
5.433070883944e-05
5.419643530692e-05
5.388210067243e-05
5.385324481195e-05
5.370764056558e-05
5.369147162440e-05
5.363613283989e-05
5.343157153417e-05
5.320801951685e-05
5.305892392284e-05
5.305079434651e-05
5.287791201512e-05
5.287391755975e-05
5.287254182262e-05
5.278159360456e-05
5.244854600385e-05
5.233361739288e-05
5.231238505188e-05
5.217769809571e-05
5.212340243399e-05
5.201827912017e-05
5.193855633725e-05
5.185295987802e-05
5.184445089584e-05
5.179732065912e-05
5.178456129777e-05
5.154946681135e-05
5.143457852826e-05
5.142464692726e-05
5.109180231598e-05
5.102064033087e-05
5.097791170598e-05
5.096715840529e-05
5.096059567602e-05
5.087111525655e-05
5.058115462786e-05
5.040021254049e-05
5.036652995638e-05
5.036295774345e-05
5.030157323712e-05
5.023059023434e-05
5.013323297535e-05
4.999305569003e-05
4.957472300629e-05
4.891734570403e-05
4.887034957022e-05
4.885327229195e-05
4.882919740831e-05
4.880216013676e-05
4.877432381227e-05
4.872914333027e-05
4.848894538129e-05
4.831674776604e-05
4.828625174331e-05
4.824122646251e-05
4.814525402959e-05
4.791883325911e-05
4.790773329092e-05
4.788618195841e-05
4.788348180264e-05
4.777778912765e-05
4.742426728140e-05
4.741948830770e-05
4.730854086497e-05
4.711059697556e-05
4.710121001534e-05
4.709262113447e-05
4.695826672423e-05
4.689266618648e-05
4.680113179239e-05
4.674424105860e-05
4.660836138780e-05
4.659778161995e-05
4.641342783412e-05
4.627272547905e-05
4.618548282020e-05
4.606714090942e-05
4.593887950488e-05
4.561831092209e-05
4.548377683228e-05
4.536116355797e-05
4.518487567558e-05
4.516810889619e-05
4.516678889023e-05
4.512947355736e-05
4.509028111653e-05
4.501954312502e-05
4.486971298768e-05
4.484540915889e-05
4.481516860311e-05
4.477293015875e-05
4.452565386737e-05
4.434788620814e-05
4.428880516198e-05
4.409960338623e-05
4.403046795594e-05
4.394584519967e-05
4.387604911267e-05
4.369924294782e-05
4.342725997743e-05
4.340348967762e-05
4.321017999493e-05
4.314890565713e-05
4.312983490897e-05
4.309285146523e-05
4.308142134332e-05
4.294409470059e-05
4.286423288886e-05
4.282899856580e-05
4.280613899558e-05
4.275563188359e-05
4.255232716681e-05
4.244759675093e-05
4.234247766058e-05
4.205739714990e-05
4.182092383742e-05
4.170105071439e-05
4.162215879291e-05
4.159472855959e-05
4.156747098119e-05
4.154412386882e-05
4.152855073105e-05
4.134778997495e-05
4.130749556953e-05
4.109331253341e-05
4.102741844560e-05
4.090050684685e-05
4.083774932393e-05
4.076263002940e-05
4.074071692728e-05
4.065168709854e-05
4.061430842380e-05
4.031957774259e-05
4.022576236194e-05
4.009723732501e-05
3.982413791681e-05
3.967998285581e-05
3.963162362471e-05
3.959415104296e-05
3.955839511977e-05
3.949662969242e-05
3.947354352442e-05
3.933562500627e-05
3.921538286756e-05
3.921047303958e-05
3.919002262726e-05
3.918171661082e-05
3.916410413325e-05
3.895855764677e-05
3.891072100859e-05
3.884121603989e-05
3.855217239351e-05
3.843736452071e-05
3.824004912613e-05
3.817951610122e-05
3.806769583040e-05
3.802432887620e-05
3.790739169123e-05
3.764465324045e-05
3.762264575963e-05
3.757989479226e-05
3.740564041857e-05
3.733015652553e-05
3.716439416287e-05
3.710124757525e-05
3.706035812998e-05
3.702696427025e-05
3.696776731011e-05
3.673026982284e-05
3.668475960357e-05
3.635881558905e-05
3.632811991946e-05
3.629821300636e-05
3.629518949038e-05
3.628449183406e-05
3.610330623817e-05
3.605919174916e-05
3.601113413660e-05
3.599833904675e-05
3.599708842551e-05
3.575842448526e-05
3.574600956315e-05
3.573920706918e-05
3.564472262849e-05
3.559279160308e-05
3.548271889105e-05
3.539867046850e-05
3.527281903897e-05
3.526203159089e-05
3.513855085300e-05
3.495015234556e-05
3.493078028089e-05
3.478690119094e-05
3.475000489410e-05
3.468268242143e-05
3.458331456732e-05
3.441635159410e-05
3.432444487107e-05
3.422596465555e-05
3.402114151689e-05
3.399722345957e-05
3.390117371361e-05
3.389640487658e-05
3.388357736346e-05
3.383603868420e-05
3.367350817674e-05
3.356202989553e-05
3.347687375502e-05
3.342905941476e-05
3.337759211946e-05
3.323588019579e-05
3.309203999170e-05
3.307294282609e-05
3.306904396915e-05
3.304277794680e-05
3.292476745691e-05
3.282489743782e-05
3.278019602175e-05
3.270236090174e-05
3.244167924010e-05
3.242474963987e-05
3.228821209188e-05
3.228462797753e-05
3.227826024905e-05
3.219218968774e-05
3.209577645879e-05
3.206370782066e-05
3.204455801160e-05
3.198382924169e-05
3.193672057420e-05
3.186747699889e-05
3.184440890445e-05
3.183342730661e-05
3.183066757187e-05
3.173504776354e-05
3.148904460334e-05
3.144123194128e-05
3.140805346305e-05
3.132154039652e-05
3.126589929258e-05
3.103525209751e-05
3.091789159810e-05
3.087718354514e-05
3.070080973728e-05
3.063947220305e-05
3.049337443384e-05
3.047246927576e-05
3.042406677406e-05
3.042045700611e-05
3.026706346673e-05
3.016594081595e-05
3.000110755611e-05
2.992213467724e-05
2.979051458195e-05
2.974941228827e-05
2.972033330215e-05
2.971665343445e-05
2.958804401074e-05
2.957829628823e-05
2.955706923641e-05
2.932086902121e-05
2.929930483748e-05
2.924903053614e-05
2.916358311165e-05
2.897627872947e-05
2.895623439757e-05
2.872476638083e-05
2.870511050686e-05
2.862281630253e-05
2.855242387959e-05
2.854145423103e-05
2.848200861130e-05
2.847185961784e-05
2.844363198936e-05
2.824554126599e-05
2.823294878059e-05
2.816281335828e-05
2.813507505788e-05
2.811831063707e-05
2.790117893191e-05
2.789190055802e-05
2.756237695135e-05
2.751204330532e-05
2.749623111557e-05
2.748460134168e-05
2.748010447599e-05
2.747091515916e-05
2.743254012732e-05
2.736740655008e-05
2.734467587860e-05
2.709114489706e-05
2.704480252240e-05
2.697880900342e-05
2.687710020048e-05
2.672610315672e-05
2.671281417680e-05
2.664749779813e-05
2.663346365916e-05
2.659132924247e-05
2.650677111370e-05
2.645615906309e-05
2.632619054945e-05
2.629076972453e-05
2.627459480829e-05
2.620614009236e-05
2.606040229772e-05
2.591754694536e-05
2.563118325820e-05
2.557583731922e-05
2.556788678654e-05
2.549116439166e-05
2.527902392390e-05
2.527560976250e-05
2.526608099580e-05
2.525908174913e-05
2.517862683677e-05
2.505150483966e-05
2.503578429783e-05
2.495006478873e-05
2.487840165289e-05
2.483596685356e-05
2.482288611288e-05
2.469385395298e-05
2.461133555719e-05
2.454393031965e-05
2.443398887900e-05
2.439157341562e-05
2.439074815740e-05
2.437287957144e-05
2.419095739011e-05
2.411805221502e-05
2.407934903474e-05
2.400285745589e-05
2.398138882055e-05
2.380826870779e-05
2.378893060791e-05
2.367145672206e-05
2.366613846726e-05
2.365601861453e-05
2.353782009351e-05
2.349974541649e-05
2.348794180425e-05
2.338084184840e-05
2.335236599305e-05
2.327657745140e-05
2.309848439951e-05
2.307853102463e-05
2.296884777935e-05
2.288863460085e-05
2.286742849160e-05
2.277704506634e-05
2.276567069037e-05
2.275551249494e-05
2.271619129636e-05
2.270652946609e-05
2.254580190122e-05
2.245587503164e-05
2.239684825820e-05
2.233899106806e-05
2.214942616510e-05
2.205891094243e-05
2.201705912043e-05
2.198245378068e-05
2.192467538618e-05
2.188095783249e-05
2.187297275983e-05
2.174699512823e-05
2.149326718385e-05
2.146272975982e-05
2.140455984716e-05
2.138823522124e-05
2.132783619771e-05
2.129737499038e-05
2.129664595914e-05
2.129100710556e-05
2.121560667190e-05
2.103382052953e-05
2.088731198940e-05
2.083709028803e-05
2.081109282045e-05
2.079738579043e-05
2.070570509994e-05
2.064706118572e-05
2.060398359123e-05
2.058626658248e-05
2.054177186533e-05
2.051023588759e-05
2.050733370296e-05
2.037339208215e-05
2.028914672357e-05
2.005706981153e-05
2.000144360112e-05
1.988032949726e-05
1.983972559468e-05
1.982316092495e-05
1.980094351745e-05
1.974661689445e-05
1.974495676671e-05
1.973187133097e-05
1.964105279982e-05
1.960096871583e-05
1.952891796471e-05
1.949471070187e-05
1.944611739014e-05
1.931572041599e-05
1.929064246440e-05
1.926479965202e-05
1.924671550114e-05
1.918627016086e-05
1.909357970571e-05
1.892429150338e-05
1.890590862146e-05
1.886979839627e-05
1.866136346349e-05
1.866123052720e-05
1.863172207469e-05
1.858831879148e-05
1.840335894258e-05
1.840160698964e-05
1.837713388161e-05
1.834233588637e-05
1.829817743858e-05
1.829802667231e-05
1.827072482415e-05
1.825215453367e-05
1.823534982159e-05
1.800570751135e-05
1.799002591665e-05
1.786389923834e-05
1.780890065175e-05
1.779654169806e-05
1.760846134816e-05
1.759044746575e-05
1.733420368425e-05
1.729285570121e-05
1.727555025739e-05
1.724687263271e-05
1.723578493659e-05
1.707410498666e-05
1.704485476871e-05
1.703771955420e-05
1.700333363086e-05
1.688618545984e-05
1.686790730858e-05
1.685921345876e-05
1.683707226610e-05
1.681996659794e-05
1.674346443597e-05
1.651889592935e-05
1.651664300285e-05
1.651613086718e-05
1.648304765486e-05
1.641663290623e-05
1.635775804279e-05
1.630383675152e-05
1.623254428968e-05
1.619974830499e-05
1.602855920851e-05
1.599007588110e-05
1.597527469155e-05
1.593090319105e-05
1.585360588618e-05
1.585330871423e-05
1.581751356061e-05
1.576277280579e-05
1.571683278340e-05
1.558357435862e-05
1.553183297986e-05
1.551992942992e-05
1.550262149815e-05
1.544887040306e-05
1.532488808741e-05
1.530230006584e-05
1.507343992685e-05
1.501899288334e-05
1.493492798161e-05
1.491435380390e-05
1.487946536172e-05
1.484832595464e-05
1.477753100142e-05
1.475680272976e-05
1.464554595828e-05
1.459221550625e-05
1.453456552330e-05
1.449572003371e-05
1.445447514833e-05
1.441608822796e-05
1.436104627725e-05
1.431324032104e-05
1.430640196681e-05
1.429794215189e-05
1.424070612222e-05
1.423778743523e-05
1.417320797271e-05
1.399276924443e-05
1.394091512158e-05
1.392651919918e-05
1.385494130314e-05
1.380070411161e-05
1.377019803560e-05
1.373249228712e-05
1.356012284775e-05
1.347267616800e-05
1.346558470104e-05
1.345456512396e-05
1.341238258635e-05
1.325899053384e-05
1.321116883975e-05
1.317677164977e-05
1.312907863755e-05
1.309817150685e-05
1.307031701534e-05
1.300917193812e-05
1.297299924316e-05
1.295523989515e-05
1.289699973721e-05
1.289273304265e-05
1.288598252334e-05
1.281510523940e-05
1.272654110977e-05
1.270029921332e-05
1.264882812226e-05
1.259233307910e-05
1.249202548944e-05
1.243419429997e-05
1.239852776486e-05
1.237921276597e-05
1.225163765390e-05
1.222657630377e-05
1.219497277976e-05
1.217776439011e-05
1.211126388575e-05
1.206106015254e-05
1.201838324250e-05
1.196998501215e-05
1.189143259979e-05
1.188752841977e-05
1.186295576575e-05
1.181828108417e-05
1.181075667903e-05
1.178880555709e-05
1.162453029542e-05
1.155538383953e-05
1.155363545245e-05
1.153461832427e-05
1.150453305147e-05
1.140261001956e-05
1.129494981893e-05
1.122594844780e-05
1.116111624888e-05
1.107823492530e-05
1.104446254582e-05
1.100175858489e-05
1.098149933402e-05
1.094635267515e-05
1.092971234425e-05
1.090125587633e-05
1.086139438136e-05
1.075420498565e-05
1.073825836970e-05
1.060343120010e-05
1.050195139994e-05
1.048838358129e-05
1.047527991242e-05
1.041048729376e-05
1.034006488306e-05
1.032721046193e-05
1.031563402463e-05
1.025539834655e-05
1.009218874958e-05
1.004002100954e-05
1.003013198525e-05
1.002667424345e-05
9.955723955858e-06
9.884741913968e-06
9.863074628929e-06
9.783770703518e-06
9.773736425856e-06
9.727433312843e-06
9.662786804850e-06
9.596889332073e-06
9.527178527133e-06
9.469403317373e-06
9.463887455918e-06
9.418884395372e-06
9.402561559348e-06
9.345625236046e-06
9.291016573043e-06
9.287574034234e-06
9.254230459994e-06
9.236737615038e-06
9.070231845718e-06
9.065097553225e-06
9.032969795050e-06
9.020891464829e-06
8.945480673137e-06
8.923027180743e-06
8.910806681921e-06
8.910675463717e-06
8.788494368579e-06
8.759590840445e-06
8.640711818596e-06
8.631907241072e-06
8.570828615068e-06
8.504071303431e-06
8.429541201075e-06
8.395708634042e-06
8.332205170954e-06
8.291593624555e-06
8.270395127779e-06
8.230566445099e-06
8.175419638228e-06
8.143674902125e-06
8.098375757202e-06
8.069071031140e-06
8.028181623473e-06
7.967134218109e-06
7.840996997785e-06
7.779701178299e-06
7.765369804878e-06
7.694778370847e-06
7.662199876063e-06
7.619507813806e-06
7.619154995879e-06
7.503167489237e-06
7.498670074157e-06
7.462708367903e-06
7.432518576907e-06
7.396383854259e-06
7.346795413413e-06
7.279134706126e-06
7.193545815211e-06
7.117510416682e-06
7.072728653301e-06
7.058096089900e-06
7.028071074958e-06
7.020910351932e-06
6.903370456605e-06
6.889797358153e-06
6.773799935363e-06
6.732750387375e-06
6.684752467551e-06
6.677244241724e-06
6.611510550412e-06
6.514544414038e-06
6.504158866410e-06
6.470086660574e-06
6.440016760094e-06
6.354454734112e-06
6.348441147756e-06
6.292943254443e-06
6.251211720646e-06
6.250727759066e-06
6.211334203452e-06
6.198058418468e-06
6.173354991333e-06
6.150413506347e-06
6.001374527462e-06
5.960646810252e-06
5.911002013472e-06
5.900751728024e-06
5.871933959903e-06
5.831427486953e-06
5.743056347911e-06
5.729920995954e-06
5.727860849980e-06
5.601247892369e-06
5.594261995624e-06
5.531745228046e-06
5.474352056972e-06
5.468125095279e-06
5.416866821148e-06
5.399807074546e-06
5.305160105676e-06
5.233973567730e-06
5.211648313994e-06
5.190679950437e-06
5.188225160011e-06
5.145441360343e-06
5.115970373194e-06
5.087287494380e-06
5.081734718621e-06
5.017349046776e-06
5.006431041004e-06
4.897593198598e-06
4.858036678404e-06
4.854278580421e-06
4.853922084599e-06
4.841575271798e-06
4.767310277752e-06
4.684511211251e-06
4.613669756711e-06
4.609416780232e-06
4.571015053475e-06
4.551543045255e-06
4.526822106556e-06
4.380491748365e-06
4.360429921412e-06
4.305566500692e-06
4.211913611107e-06
4.207192685799e-06
4.129894881580e-06
4.109416139090e-06
4.083718364369e-06
4.063225727286e-06
4.038037780588e-06
4.010979040096e-06
4.010682000977e-06
3.894142850872e-06
3.847740756518e-06
3.823770811743e-06
3.808034132560e-06
3.645282825993e-06
3.644724075204e-06
3.604978971211e-06
3.599897315326e-06
3.583625592645e-06
3.528357485362e-06
3.526785140855e-06
3.522975135291e-06
3.468599581411e-06
3.348847483524e-06
3.323102289732e-06
3.279522830715e-06
3.260235722749e-06
3.194917188143e-06
3.113202109146e-06
3.068982962234e-06
3.065168990952e-06
2.998075062436e-06
2.936769549589e-06
2.902575758294e-06
2.822640572371e-06
2.757514463732e-06
2.678056486038e-06
2.660653226282e-06
2.598778472210e-06
2.588004864712e-06
2.485059906810e-06
2.456814507466e-06
2.348130491956e-06
2.325688356304e-06
2.263028472549e-06
2.220091207950e-06
2.205906698715e-06
2.197828477542e-06
2.180869376502e-06
2.166711733747e-06
2.059839147498e-06
2.025610435177e-06
1.998633523380e-06
1.963820111134e-06
1.950616203973e-06
1.934160788891e-06
1.891435769375e-06
1.890022662892e-06
1.853166934381e-06
1.835710961044e-06
1.780191399685e-06
1.766919617199e-06
1.765331126612e-06
1.624663957790e-06
1.614299938483e-06
1.581453809245e-06
1.566414579315e-06
1.561762183754e-06
1.549147801057e-06
1.460025862442e-06
1.364934045343e-06
1.304029998170e-06
1.285429247708e-06
1.278452298329e-06
1.263197489150e-06
1.232570058366e-06
1.149871959027e-06
1.145868402255e-06
1.135492495067e-06
1.092489048346e-06
1.083510035099e-06
1.077434037197e-06
1.048111157707e-06
1.045188587021e-06
1.023864078807e-06
9.846380521243e-07
9.739372801575e-07
9.648942539400e-07
9.498449428749e-07
9.318110227913e-07
9.287174827882e-07
9.070816769121e-07
9.020888323315e-07
8.909861811900e-07
8.864729387839e-07
8.689002547555e-07
8.226848924479e-07
7.630908847358e-07
7.593547956979e-07
7.223449773236e-07
7.156507679476e-07
6.866616945175e-07
6.760222370907e-07
6.584355030970e-07
6.513568115861e-07
6.259365893067e-07
6.258171156080e-07
6.056472653131e-07
5.967903086689e-07
5.929379775966e-07
5.819669987861e-07
5.767714495261e-07
5.644369575647e-07
5.571902227151e-07
5.195314437881e-07
5.149890981646e-07
5.143719911482e-07
5.125518912141e-07
5.071903192278e-07
5.035551487630e-07
4.953528042432e-07
4.853138806886e-07
4.851288416131e-07
4.810400572332e-07
4.620912791811e-07
4.477024202914e-07
4.385900102331e-07
4.306724989945e-07
3.984379344646e-07
3.950154899113e-07
3.894153679984e-07
3.889701694736e-07
3.726718947488e-07
3.630980632788e-07
3.610787618845e-07
3.589084353848e-07
3.584173545516e-07
3.545462981313e-07
3.504268276998e-07
3.456086516949e-07
3.191574684302e-07
3.166666709390e-07
3.036567292373e-07
3.031655268296e-07
3.027417915526e-07
2.941361913533e-07
2.853967921539e-07
2.796834349818e-07
2.789884777911e-07
2.772064077173e-07
2.624889131265e-07
2.535945703325e-07
2.459990391253e-07
2.365724213182e-07
2.355900469510e-07
2.317647429877e-07
2.217560764345e-07
2.214177304185e-07
2.171607867959e-07
2.132742685982e-07
2.125432355088e-07
2.094620038947e-07
2.078776425771e-07
1.984520619878e-07
1.981506481682e-07
1.964304961594e-07
1.952355798550e-07
1.906296004193e-07
1.889100415462e-07
1.846772026980e-07
1.810066160759e-07
1.720991638762e-07
1.719009343143e-07
1.715233542123e-07
1.706012715503e-07
1.699284688372e-07
1.634205222122e-07
1.619791695219e-07
1.605266177986e-07
1.537566798099e-07
1.529118961226e-07
1.491125978091e-07
1.473306418744e-07
1.463473605246e-07
1.394248935030e-07
1.325049564823e-07
1.049706746165e-07
1.047702274982e-07
1.039448667956e-07
1.039223584186e-07
9.976255310763e-08
9.393219187612e-08
9.236095435347e-08
8.833198040212e-08
8.361200427827e-08
7.800477273202e-08
7.390632734790e-08
6.803792997274e-08
6.408656658312e-08
5.975559320694e-08
5.371092175850e-08
5.065507186018e-08
5.060211262699e-08
4.729131985291e-08
4.168676927902e-08
2.278861145477e-08
2.277328994155e-08
1.622571369161e-08
1.477826446179e-08
8.142947947502e-09
4.917340031485e-09
4.831829606538e-09
3.858358034445e-09
2.558293814732e-09
2.281160258761e-09
1.669950781360e-09
1.114345352814e-09
5.592616447992e-10
