#lambda_0=2.607693653599e-01
1.000000000000e+00
8.386526933434e-01
8.361053233959e-01
8.274313789065e-01
8.271392659203e-01
6.981522664474e-01
6.761280930627e-01
6.209443828973e-01
5.983032873814e-01
5.978982883595e-01
5.963814686038e-01
5.962126560324e-01
5.510206821086e-01
5.218972031437e-01
4.259133905510e-01
4.254987704695e-01
4.235701974820e-01
4.223287897904e-01
4.212335956623e-01
4.211637936134e-01
4.194539355972e-01
4.159570201937e-01
3.573608727901e-01
3.571365850507e-01
3.545617255139e-01
3.541947606084e-01
3.419170929983e-01
3.405885850828e-01
3.389523613503e-01
3.372272667042e-01
2.653363661962e-01
2.520980177595e-01
2.384092265598e-01
2.340791573036e-01
2.275844405858e-01
2.272248666016e-01
2.265898515780e-01
2.263492598555e-01
2.163344719495e-01
2.161152929061e-01
2.138038584051e-01
2.137828473272e-01
2.089702852830e-01
2.079068866401e-01
2.036295586893e-01
2.017733838806e-01
1.964285833930e-01
1.881683455360e-01
1.805168089662e-01
1.723560990708e-01
1.717799531654e-01
1.712629417842e-01
1.703691851665e-01
1.702438117934e-01
1.580260890353e-01
1.055220845597e-01
1.034651269766e-01
1.030823841696e-01
1.022804423252e-01
1.015884530029e-01
9.459992188697e-02
9.090859412569e-02
8.706960259430e-02
8.678103886512e-02
8.430142164364e-02
7.517855319496e-02
7.420374453845e-02
6.782630222130e-02
5.545284423801e-02
5.525614497096e-02
5.466142658055e-02
5.450938519147e-02
5.116439862680e-02
5.091406570858e-02
5.017278652523e-02
4.943657146425e-02
4.919387946143e-02
4.848013253722e-02
4.563459535507e-02
4.543194489876e-02
4.444377515576e-02
4.423392049886e-02
4.419892430159e-02
4.376397901567e-02
4.311505864863e-02
4.303782738022e-02
4.288382303114e-02
4.218111090659e-02
4.213624336283e-02
4.132154208147e-02
3.908617558255e-02
3.896687950942e-02
3.859423817021e-02
3.843083979128e-02
3.812502816209e-02
3.810210403413e-02
3.716378274487e-02
3.653084412919e-02
3.650031594630e-02
3.633874939544e-02
3.586624515551e-02
3.553157965447e-02
3.546112851978e-02
3.533240931601e-02
3.514829212576e-02
3.488980223212e-02
3.438113538275e-02
3.382952155770e-02
3.334807121672e-02
3.279268741766e-02
3.271008739040e-02
3.268782173039e-02
3.260558414749e-02
3.115345374724e-02
3.079494023464e-02
3.052118847698e-02
3.024690109413e-02
2.976477913155e-02
2.934899079001e-02
2.931507407588e-02
2.922899259547e-02
2.908718401935e-02
2.883430044806e-02
2.863847419280e-02
2.845426732372e-02
2.809858777109e-02
2.770770284859e-02
2.767632361889e-02
2.737314480095e-02
2.695527082784e-02
2.690330910074e-02
2.639686703821e-02
2.620663043045e-02
2.611640544334e-02
2.582351710779e-02
2.568424419056e-02
2.566135951115e-02
2.557904938016e-02
2.549261407286e-02
2.525252530796e-02
2.484062587267e-02
2.482319705760e-02
2.437616367606e-02
2.429592698340e-02
2.405735367643e-02
2.394534271926e-02
2.346253139235e-02
2.302688134512e-02
2.296455586675e-02
2.276392375039e-02
2.274040920137e-02
2.235107875740e-02
2.234154760569e-02
2.219745110541e-02
2.204951652476e-02
2.199394361271e-02
2.189077095532e-02
2.176380753288e-02
2.172221817167e-02
2.170417883575e-02
2.157939993999e-02
2.157789235139e-02
2.153202401858e-02
2.119264545875e-02
2.116764384255e-02
2.110510964449e-02
2.094588372664e-02
2.081059456270e-02
2.077545033823e-02
2.073371293194e-02
2.072093089200e-02
2.051024294904e-02
2.048550438468e-02
2.043301796657e-02
2.036407007023e-02
2.015378963662e-02
1.998389672119e-02
1.972703764817e-02
1.967168672642e-02
1.964724885574e-02
1.962272828572e-02
1.961595255208e-02
1.944461001928e-02
1.944155559195e-02
1.938878188198e-02
1.931523850407e-02
1.924281881813e-02
1.910962189942e-02
1.905410520511e-02
1.904634611227e-02
1.887129996546e-02
1.884861496575e-02
1.878896548063e-02
1.857085758745e-02
1.849797247967e-02
1.846799776319e-02
1.846724382814e-02
1.818303636229e-02
1.816475669994e-02
1.807725437216e-02
1.806519407540e-02
1.800266413131e-02
1.789421457464e-02
1.773502999576e-02
1.770333430060e-02
1.768057029219e-02
1.766552382978e-02
1.746297926130e-02
1.740972761665e-02
1.732972115556e-02
1.724576007459e-02
1.714256075264e-02
1.712409789329e-02
1.696918226817e-02
1.686367298839e-02
1.678173700215e-02
1.650786746915e-02
1.649294029226e-02
1.648946970298e-02
1.641820002613e-02
1.631194883053e-02
1.625867710276e-02
1.615876091097e-02
1.611960250368e-02
1.604878380156e-02
1.573626924966e-02
1.573224798000e-02
1.557428534983e-02
1.555714727143e-02
1.546866147117e-02
1.545148646907e-02
1.535292560252e-02
1.518205377193e-02
1.491287573117e-02
1.488975364292e-02
1.483367738145e-02
1.481820048515e-02
1.476198817826e-02
1.475865279212e-02
1.475552095173e-02
1.473305075927e-02
1.463465370832e-02
1.454897115096e-02
1.451109311338e-02
1.440612424802e-02
1.428095749981e-02
1.418572162991e-02
1.412460197441e-02
1.392919467561e-02
1.386037094614e-02
1.385429350668e-02
1.384649925465e-02
1.383557540514e-02
1.359806667197e-02
1.357798683098e-02
1.348789214923e-02
1.346581431683e-02
1.338130071380e-02
1.322558587129e-02
1.299699672315e-02
1.297592183950e-02
1.295852624135e-02
1.294545809211e-02
1.290572359452e-02
1.279962752236e-02
1.278689123455e-02
1.271484048943e-02
1.270821544746e-02
1.264084858628e-02
1.261191942363e-02
1.243144431801e-02
1.232248867723e-02
1.220251368191e-02
1.204065814298e-02
1.191049280020e-02
1.184128689561e-02
1.182462099890e-02
1.182041033267e-02
1.180138495101e-02
1.175084090453e-02
1.166235311803e-02
1.164530862602e-02
1.161237348189e-02
1.158028863503e-02
1.152971609896e-02
1.150469918564e-02
1.149532382089e-02
1.137947719890e-02
1.136051053344e-02
1.129351407624e-02
1.126571132967e-02
1.112623146930e-02
1.105112619795e-02
1.105000921710e-02
1.096716978535e-02
1.090956747556e-02
1.085238104525e-02
1.084367504589e-02
1.080703809450e-02
1.073652084505e-02
1.069348814234e-02
1.064911048225e-02
1.059584336313e-02
1.059388490571e-02
1.059138220208e-02
1.049498694963e-02
1.040731009472e-02
1.039191484983e-02
1.025545410671e-02
1.005606404586e-02
1.003883018670e-02
1.002522429011e-02
9.919497340436e-03
9.805495862038e-03
9.747739350416e-03
9.659007655177e-03
9.623381466064e-03
9.606351283580e-03
9.329801194865e-03
9.325092440782e-03
9.317128919502e-03
9.280487427471e-03
9.098016490015e-03
9.097674517706e-03
9.008368991918e-03
8.913159582146e-03
8.699809661056e-03
8.672433875267e-03
8.610199247438e-03
8.609372957214e-03
8.576363843935e-03
8.570255218931e-03
8.435207598588e-03
8.384624664696e-03
8.380469920279e-03
8.344543305449e-03
8.214648204108e-03
8.178036336357e-03
8.174599232763e-03
8.062549076282e-03
8.059365315272e-03
7.868065412885e-03
7.822886569015e-03
7.779886752597e-03
7.751543982255e-03
7.717840275365e-03
7.655626680826e-03
7.548172188752e-03
7.439851903557e-03
7.404111063612e-03
7.392041601157e-03
7.390924928380e-03
7.315800842011e-03
7.272414430325e-03
7.224865906021e-03
7.074513593016e-03
7.067775565163e-03
6.852313415692e-03
6.800764765679e-03
6.771322060345e-03
6.754854942697e-03
6.730323854688e-03
6.700791328113e-03
6.576568430561e-03
6.499246821874e-03
6.493261172536e-03
6.485450743174e-03
6.374694261674e-03
6.317280829061e-03
6.313768909168e-03
6.232139673340e-03
6.148159781777e-03
6.125753368860e-03
6.064724007748e-03
5.955869719127e-03
5.952865455444e-03
5.938868084795e-03
5.923453881143e-03
5.886023136355e-03
5.883646245996e-03
5.871982481398e-03
5.800505245481e-03
5.788686388341e-03
5.747785147578e-03
5.736947471021e-03
5.678531039052e-03
5.625563547647e-03
5.604567148689e-03
5.580674405811e-03
5.546705607172e-03
5.536052744993e-03
5.524772949537e-03
5.516585599109e-03
5.458985490978e-03
5.444789843308e-03
5.434896011009e-03
5.424377586750e-03
5.391227526438e-03
5.382549351558e-03
5.357033587467e-03
5.356139570227e-03
5.231502681546e-03
5.215550703583e-03
5.189980372843e-03
5.156940205885e-03
5.110108656336e-03
5.109441047476e-03
5.048788689021e-03
5.027853622690e-03
4.943319877289e-03
4.934580887706e-03
4.925085310204e-03
4.893613530363e-03
4.890448462490e-03
4.862712807654e-03
4.845252069698e-03
4.826611935247e-03
4.816005341624e-03
4.809008891496e-03
4.799061456426e-03
4.786797432443e-03
4.728206479743e-03
4.722277819574e-03
4.644119501924e-03
4.636525782519e-03
4.596336756986e-03
4.593347901196e-03
4.592046130058e-03
4.590648132786e-03
4.565192364949e-03
4.559126949151e-03
4.509931605756e-03
4.494764541794e-03
4.483024741399e-03
4.455072131267e-03
4.449973784423e-03
4.429143358692e-03
4.423175719229e-03
4.407569988953e-03
4.390503230539e-03
4.374588900156e-03
4.332766166184e-03
4.321804229762e-03
4.301638408798e-03
4.297398040588e-03
4.277662873730e-03
4.272135277537e-03
4.270204009637e-03
4.221234902137e-03
4.172536442293e-03
4.164245253104e-03
4.154692740406e-03
4.110833974110e-03
4.105343859436e-03
4.078405871328e-03
4.077603728538e-03
4.073017543007e-03
4.042353545803e-03
4.028655216048e-03
4.001520686925e-03
3.986274047550e-03
3.923995890052e-03
3.901955906038e-03
3.864519736047e-03
3.862568735704e-03
3.861238605113e-03
3.856631375447e-03
3.842226800755e-03
3.837196638677e-03
3.809262263159e-03
3.806168253836e-03
3.799700695304e-03
3.793369036180e-03
3.783766079199e-03
3.731393801099e-03
3.721002734613e-03
3.720374307938e-03
3.717546151469e-03
3.696886943509e-03
3.691633569511e-03
3.688325384915e-03
3.679378279363e-03
3.669547869330e-03
3.636353120102e-03
3.632936944608e-03
3.614231550445e-03
3.584401925659e-03
3.583033984497e-03
3.579476385307e-03
3.576125766284e-03
3.567325846358e-03
3.565999086413e-03
3.565725762420e-03
3.554826029879e-03
3.553381610877e-03
3.548651901489e-03
3.524797438016e-03
3.523179995796e-03
3.513722278646e-03
3.512281626696e-03
3.493737139814e-03
3.489574884416e-03
3.476296421197e-03
3.460189484069e-03
3.451804838588e-03
3.428802509729e-03
3.426100149202e-03
3.422014979518e-03
3.421331953132e-03
3.402285009006e-03
3.387812322851e-03
3.387719085490e-03
3.369372531704e-03
3.356907014459e-03
3.351122477769e-03
3.343600555818e-03
3.342387847825e-03
3.334626461971e-03
3.330273882810e-03
3.289787669674e-03
3.285410266115e-03
3.285385514462e-03
3.282798241390e-03
3.254500463728e-03
3.249811577420e-03
3.240306481215e-03
3.237424689860e-03
3.234619867228e-03
3.233471182576e-03
3.226794498366e-03
3.209715503165e-03
3.186975703797e-03
3.177207380409e-03
3.164824085433e-03
3.159464726855e-03
3.148582464698e-03
3.135405186828e-03
3.133648341272e-03
3.131307205603e-03
3.122434214241e-03
3.115945252532e-03
3.093904489045e-03
3.093209268107e-03
3.077156403432e-03
3.072707767564e-03
3.061255252409e-03
3.059784483550e-03
3.057366191605e-03
3.056088014115e-03
3.039809492123e-03
3.024021930758e-03
3.020726343363e-03
3.018974347977e-03
3.010834150348e-03
3.001898149805e-03
2.969650382529e-03
2.966156508327e-03
2.961255995080e-03
2.944183907001e-03
2.933926744478e-03
2.933525659956e-03
2.931247434180e-03
2.927528096074e-03
2.926688902808e-03
2.923149441568e-03
2.915572666314e-03
2.893248449670e-03
2.887573859210e-03
2.887116562682e-03
2.880556171119e-03
2.850524361199e-03
2.843463738548e-03
2.841428618116e-03
2.830914100676e-03
2.825749984129e-03
2.824913140773e-03
2.816605986752e-03
2.815162682557e-03
2.809127245477e-03
2.805471785695e-03
2.774476026646e-03
2.773676920548e-03
2.773429150008e-03
2.769416591815e-03
2.757165404079e-03
2.745238393597e-03
2.724610470478e-03
2.721711192891e-03
2.714088500621e-03
2.712191145358e-03
2.711981953026e-03
2.710120103815e-03
2.697683385496e-03
2.696350416454e-03
2.674226272951e-03
2.672250166018e-03
2.662921801033e-03
2.641837175932e-03
2.641637168966e-03
2.627115277250e-03
2.625650800191e-03
2.617800109203e-03
2.611842150044e-03
2.610381559106e-03
2.603717037160e-03
2.602487050623e-03
2.598472377601e-03
2.596077166928e-03
2.592101509857e-03
2.582504490398e-03
2.576367627922e-03
2.569293963927e-03
2.559883026827e-03
2.556946967367e-03
2.532148959134e-03
2.515909323316e-03
2.512621038065e-03
2.512386332470e-03
2.508741605557e-03
2.508260643318e-03
2.497943090968e-03
2.491128743348e-03
2.488253008687e-03
2.479903048084e-03
2.465856104587e-03
2.458644736864e-03
2.452603444970e-03
2.445363073489e-03
2.434515828325e-03
2.430220734650e-03
2.429780363418e-03
2.425121115497e-03
2.410065337464e-03
2.398300279612e-03
2.387493108089e-03
2.381065975828e-03
2.374529220325e-03
2.372461574754e-03
2.369554096852e-03
2.369108735600e-03
2.360182278340e-03
2.355913710468e-03
2.354212854180e-03
2.347470483877e-03
2.347084693554e-03
2.338836580617e-03
2.333455700696e-03
2.319836381421e-03
2.309987381163e-03
2.301029729800e-03
2.299271861823e-03
2.297551270892e-03
2.293538623903e-03
2.293307654339e-03
2.284663759397e-03
2.276353218272e-03
2.273996166217e-03
2.257725323116e-03
2.252143994330e-03
2.245089151165e-03
2.242919885967e-03
2.241797966752e-03
2.237123607525e-03
2.235228737953e-03
2.227241371103e-03
2.222783383865e-03
2.217274853889e-03
2.203691227871e-03
2.200708931407e-03
2.196185336600e-03
2.194486369425e-03
2.192018730404e-03
2.181382057221e-03
2.178997096971e-03
2.176923898590e-03
2.171184655083e-03
2.166551108010e-03
2.165411937467e-03
2.158864677116e-03
2.153982943125e-03
2.150074136583e-03
2.142298626382e-03
2.141420710206e-03
2.131871118003e-03
2.128878797713e-03
2.128619310034e-03
2.128445818360e-03
2.118704734403e-03
2.116104626326e-03
2.113770221896e-03
2.111630617158e-03
2.106538954918e-03
2.095790843364e-03
2.093260627023e-03
2.086298246045e-03
2.070050341800e-03
2.068374062379e-03
2.064266471368e-03
2.062602042057e-03
2.057252176689e-03
2.056378290830e-03
2.035720498301e-03
2.032761781191e-03
2.032158193088e-03
2.030682810236e-03
2.029261422071e-03
2.027183342934e-03
2.024828327043e-03
2.021424748199e-03
2.020591648986e-03
2.015200007355e-03
2.014380640834e-03
2.003778094637e-03
1.989222648787e-03
1.988084184154e-03
1.986552938077e-03
1.982567200636e-03
1.977237453829e-03
1.976678302419e-03
1.973728679059e-03
1.971483651767e-03
1.968725340270e-03
1.962588138789e-03
1.957983573093e-03
1.956300140104e-03
1.949929039936e-03
1.949466456435e-03
1.945448430176e-03
1.939305083884e-03
1.934197368722e-03
1.931998855390e-03
1.926360765119e-03
1.925223596836e-03
1.924501441709e-03
1.913336555955e-03
1.902525858939e-03
1.890651982366e-03
1.888754830918e-03
1.881855379735e-03
1.881175050128e-03
1.879170202065e-03
1.877291095342e-03
1.858481394269e-03
1.857379152390e-03
1.856593437068e-03
1.853633701386e-03
1.850049149214e-03
1.846747025789e-03
1.845149766623e-03
1.839622548517e-03
1.836226382488e-03
1.832757555022e-03
1.825627369018e-03
1.823445446026e-03
1.813054177643e-03
1.809806376133e-03
1.801241010544e-03
1.798909055580e-03
1.796525673428e-03
1.794775748002e-03
1.784206600315e-03
1.780410898113e-03
1.772810187133e-03
1.771608179888e-03
1.762162079134e-03
1.753967201196e-03
1.753024969994e-03
1.752934396980e-03
1.743570119367e-03
1.740556778583e-03
1.738988683419e-03
1.737234704625e-03
1.737126243218e-03
1.735801552240e-03
1.733549481259e-03
1.722991428184e-03
1.722015416975e-03
1.712522401192e-03
1.712295745058e-03
1.710008796655e-03
1.707302657958e-03
1.703066097982e-03
1.687940366965e-03
1.684320062916e-03
1.680061691566e-03
1.675633959409e-03
1.673636858943e-03
1.672618248090e-03
1.669600440645e-03
1.663565281719e-03
1.659418404867e-03
1.649372943034e-03
1.645988911000e-03
1.644058411213e-03
1.642364050039e-03
1.637722741506e-03
1.632366469141e-03
1.630109527854e-03
1.628611284187e-03
1.623597544326e-03
1.622897765390e-03
1.620440040355e-03
1.619181005431e-03
1.617055371822e-03
1.615943318905e-03
1.609031997326e-03
1.601593423087e-03
1.600717223746e-03
1.589376071120e-03
1.576245035697e-03
1.575822195301e-03
1.573335594761e-03
1.565003786426e-03
1.555742702147e-03
1.554590659720e-03
1.552530517429e-03
1.543209670017e-03
1.542991032322e-03
1.538457543296e-03
1.536420148357e-03
1.528806316968e-03
1.527467669837e-03
1.525120921461e-03
1.521354076674e-03
1.520890983392e-03
1.512425335220e-03
1.508425416106e-03
1.499133169580e-03
1.497936723674e-03
1.496026521570e-03
1.493093950260e-03
1.477461001761e-03
1.476349584275e-03
1.475829663823e-03
1.475508015831e-03
1.472618412811e-03
1.462339876767e-03
1.461138506498e-03
1.460240932159e-03
1.460146874728e-03
1.446922178309e-03
1.446393345658e-03
1.442633982707e-03
1.436003457426e-03
1.432974515557e-03
1.429080535561e-03
1.425893390752e-03
1.421651320095e-03
1.419812126010e-03
1.418462967422e-03
1.411928969956e-03
1.411390606952e-03
1.410303444913e-03
1.408962761324e-03
1.400180168026e-03
1.399104182955e-03
1.399094979647e-03
1.395953811066e-03
1.391277382588e-03
1.386707183927e-03
1.383941064151e-03
1.383389000365e-03
1.379560380067e-03
1.378939444317e-03
1.368265265734e-03
1.364834737887e-03
1.360086382505e-03
1.357222886799e-03
1.355390465686e-03
1.348906000809e-03
1.340924058314e-03
1.337732357418e-03
1.335393897701e-03
1.323074507707e-03
1.319319980003e-03
1.315023111894e-03
1.314715636028e-03
1.306419763672e-03
1.305548456636e-03
1.295082854314e-03
1.293910949183e-03
1.289372065956e-03
1.288084175042e-03
1.286551650147e-03
1.279816013993e-03
1.274831437697e-03
1.265872422655e-03
1.262410927720e-03
1.261278683564e-03
1.260226990698e-03
1.258330338619e-03
1.254425210774e-03
1.253114687270e-03
1.252224858503e-03
1.249348973972e-03
1.246114486181e-03
1.245286950873e-03
1.236134734455e-03
1.234946517303e-03
1.231521958703e-03
1.229729623899e-03
1.228082665814e-03
1.227284628223e-03
1.226536894418e-03
1.225616477421e-03
1.216090189706e-03
1.210780328251e-03
1.207477795121e-03
1.199905721813e-03
1.199337718804e-03
1.196420522501e-03
1.191349302185e-03
1.190168207310e-03
1.188143985743e-03
1.185247345962e-03
1.184910617739e-03
1.180392889257e-03
1.179490383924e-03
1.176360998062e-03
1.173356286112e-03
1.165194842835e-03
1.162553709682e-03
1.153754722138e-03
1.150063196576e-03
1.147561206484e-03
1.144096427562e-03
1.143032337353e-03
1.137140610038e-03
1.135625078989e-03
1.131412185585e-03
1.131142564240e-03
1.128495021527e-03
1.128483559279e-03
1.128440821692e-03
1.124001039597e-03
1.122832678758e-03
1.121783810226e-03
1.120851053513e-03
1.118956470296e-03
1.111930405353e-03
1.107126605938e-03
1.101923422453e-03
1.100530000237e-03
1.099114546699e-03
1.097332037907e-03
1.095964640240e-03
1.093449287247e-03
1.086422638362e-03
1.086119923178e-03
1.083284822234e-03
1.081544701968e-03
1.080382934047e-03
1.075312454999e-03
1.073122452197e-03
1.071694114182e-03
1.069642174207e-03
1.068752724082e-03
1.064000846927e-03
1.062978323769e-03
1.052901496784e-03
1.051070149023e-03
1.050062151836e-03
1.049264049335e-03
1.048880499550e-03
1.045449608444e-03
1.044401805109e-03
1.044358167628e-03
1.043428220145e-03
1.032609399142e-03
1.029594114943e-03
1.025587636277e-03
1.023187482398e-03
1.021316887560e-03
1.018597832347e-03
1.017946188476e-03
1.016429337854e-03
1.013985271188e-03
1.013090243991e-03
1.009404617713e-03
1.006294784522e-03
1.005236272393e-03
1.002491066441e-03
9.991946053581e-04
9.953997720498e-04
9.952299685023e-04
9.932619840813e-04
9.928659562573e-04
9.888723773331e-04
9.873191351228e-04
9.858993087815e-04
9.841444869073e-04
9.828641551544e-04
9.797861139120e-04
9.771493792152e-04
9.769119458285e-04
9.743952165195e-04
9.726565436460e-04
9.664939778689e-04
9.641851445435e-04
9.637733711245e-04
9.583236139066e-04
9.571015055322e-04
9.570815475180e-04
9.560151660608e-04
9.514339803092e-04
9.497419122901e-04
9.484387654614e-04
9.451850809446e-04
9.446136901434e-04
9.428553972786e-04
9.408096022096e-04
9.367783505765e-04
9.334433357177e-04
9.325438328107e-04
9.325242556320e-04
9.304120773535e-04
9.261820299068e-04
9.257696383828e-04
9.215764739758e-04
9.198569740001e-04
9.170985386818e-04
9.149582039103e-04
9.149496129057e-04
9.138812724435e-04
9.133396246221e-04
9.096375159947e-04
9.068466663339e-04
9.057271353102e-04
9.036733859912e-04
9.021045956747e-04
9.009734119906e-04
8.997176028533e-04
8.991099858250e-04
8.934078892510e-04
8.912537251183e-04
8.841810589217e-04
8.832222096798e-04
8.809193233839e-04
8.792479935950e-04
8.777750023506e-04
8.769337564221e-04
8.748319708204e-04
8.739926023775e-04
8.707113395294e-04
8.691710839786e-04
8.684073591596e-04
8.668633240027e-04
8.624708248243e-04
8.624434526729e-04
8.554261201498e-04
8.545832401177e-04
8.534308676901e-04
8.512395225060e-04
8.496354387738e-04
8.487507004682e-04
8.474823180547e-04
8.470003074461e-04
8.434211526881e-04
8.432802520961e-04
8.419237498909e-04
8.417126502954e-04
8.371366655780e-04
8.349359264206e-04
8.342238052954e-04
8.317221034431e-04
8.313885020641e-04
8.313098001714e-04
8.305014948436e-04
8.303465658365e-04
8.262217554222e-04
8.243755003954e-04
8.231831641664e-04
8.199812970959e-04
8.149161660632e-04
8.141057192370e-04
8.140063249932e-04
8.119361838744e-04
8.106346288539e-04
8.088279313960e-04
8.058989968614e-04
8.049231316338e-04
8.027425878046e-04
8.025269259928e-04
8.007861611565e-04
7.987593117938e-04
7.972919152187e-04
7.966026043426e-04
7.959619625182e-04
7.945959037290e-04
7.921135941355e-04
7.913060088002e-04
7.887806531254e-04
7.875833695985e-04
7.855360828085e-04
7.849794943192e-04
7.842163348439e-04
7.838793471200e-04
7.836988905864e-04
7.781049703394e-04
7.777738327884e-04
7.773723291512e-04
7.773488447256e-04
7.764525201303e-04
7.759056703421e-04
7.722473919132e-04
7.680522281539e-04
7.677010864616e-04
7.667122468982e-04
7.625502996509e-04
7.621993029270e-04
7.618188506657e-04
7.585422722342e-04
7.584397625462e-04
7.574177581813e-04
7.564470403204e-04
7.561848414724e-04
7.552572472835e-04
7.511350445916e-04
7.499084935735e-04
7.481361757566e-04
7.465562491137e-04
7.452546457286e-04
7.418079968439e-04
7.391711199545e-04
7.390229328572e-04
7.368838629669e-04
7.364915654102e-04
7.348507602596e-04
7.346014731386e-04
7.339078466906e-04
7.327753574267e-04
7.298463639613e-04
7.277022290477e-04
7.275277728567e-04
7.187432273351e-04
7.178392223533e-04
7.151251202811e-04
7.114434900501e-04
7.096358560311e-04
7.094992973209e-04
7.094304224387e-04
7.084651506613e-04
7.083881745330e-04
7.078550271121e-04
7.047019915035e-04
7.029631304427e-04
7.008845951819e-04
7.008763873583e-04
6.995923629331e-04
6.991775808441e-04
6.973228013616e-04
6.946394912515e-04
6.923711277470e-04
6.920019172615e-04
6.911917149365e-04
6.911744328454e-04
6.905441065252e-04
6.890354918155e-04
6.835592275549e-04
6.829696733874e-04
6.824692465193e-04
6.791570527450e-04
6.788760295761e-04
6.784835932058e-04
6.764903157414e-04
6.761227329315e-04
6.733562853731e-04
6.697781426824e-04
6.697728729456e-04
6.686936046775e-04
6.686794466954e-04
6.661829027791e-04
6.649475096186e-04
6.641911852457e-04
6.631327290051e-04
6.629086187439e-04
6.608367776751e-04
6.585181082608e-04
6.570223351505e-04
6.565701498213e-04
6.552766368130e-04
6.547400814360e-04
6.544415474246e-04
6.527608349267e-04
6.513310299180e-04
6.492120051823e-04
6.483654994942e-04
6.459059076105e-04
6.456249367649e-04
6.447459615567e-04
6.444439941517e-04
6.418431095805e-04
6.407348182180e-04
6.396452406958e-04
6.382371934959e-04
6.371218407202e-04
6.360110120927e-04
6.337186861304e-04
6.327091503154e-04
6.305866268985e-04
6.304575665735e-04
6.302001059223e-04
6.274109594724e-04
6.271398484221e-04
6.235824247964e-04
6.226039442196e-04
6.220032620810e-04
6.198994946610e-04
6.196859191016e-04
6.186913294173e-04
6.173718376243e-04
6.149422780967e-04
6.146745634069e-04
6.144718050382e-04
6.107372739168e-04
6.106226881855e-04
6.102693039265e-04
6.089934164492e-04
6.083539326863e-04
6.068592822062e-04
6.043540662432e-04
6.029391692912e-04
6.024818771970e-04
6.023875964563e-04
6.013225899929e-04
6.010046058469e-04
5.979242534040e-04
5.963455357549e-04
5.939572560966e-04
5.938845215114e-04
5.914940949079e-04
5.907723469281e-04
5.907469391374e-04
5.885433260034e-04
5.876122548638e-04
5.862696377738e-04
5.849546811329e-04
5.841865242808e-04
5.826419433435e-04
5.825742507272e-04
5.821060185240e-04
5.804766923119e-04
5.777923979466e-04
5.772477707386e-04
5.766202552960e-04
5.764966799829e-04
5.751727868996e-04
5.749730486441e-04
5.742940541439e-04
5.720702774395e-04
5.719981489465e-04
5.683692626649e-04
5.676671709838e-04
5.661598275863e-04
5.659020459002e-04
5.649412567794e-04
5.643042001323e-04
5.637327787057e-04
5.637182119215e-04
5.636503933605e-04
5.610207312817e-04
5.610200775995e-04
5.557704392493e-04
5.552844397264e-04
5.545564691720e-04
5.543887761476e-04
5.536820107173e-04
5.527079485768e-04
5.498457346546e-04
5.461276381201e-04
5.449121149112e-04
5.435344112585e-04
5.431703864552e-04
5.416310574882e-04
5.411422364463e-04
5.408853827090e-04
5.404472908706e-04
5.402482751587e-04
5.392998518844e-04
5.379011284997e-04
5.377782656197e-04
5.355174742779e-04
5.353663849217e-04
5.348216176424e-04
5.337989964410e-04
5.329385765961e-04
5.319701317128e-04
5.319288085258e-04
5.302012157465e-04
5.297592163034e-04
5.284234168181e-04
5.272084911218e-04
5.267848509960e-04
5.250024257153e-04
5.235619233784e-04
5.219423685686e-04
5.201674638660e-04
5.195961297156e-04
5.187103991995e-04
5.186546289816e-04
5.180353949986e-04
5.175005474484e-04
5.151080404156e-04
5.139601775712e-04
5.113813303078e-04
5.097346609133e-04
5.097264261933e-04
5.082923346914e-04
5.082542720728e-04
5.081261118655e-04
5.077939102240e-04
5.073249738339e-04
5.057587321963e-04
5.041473949924e-04
5.024790971382e-04
5.022465999445e-04
5.010283491280e-04
5.003315236063e-04
4.995918908158e-04
4.978574255589e-04
4.967794141214e-04
4.967361508699e-04
4.966269901830e-04
4.962788631837e-04
4.960789093835e-04
4.951443755576e-04
4.950653647631e-04
4.929488926659e-04
4.925710859526e-04
4.918265733918e-04
4.902658956869e-04
4.886073927826e-04
4.884977384323e-04
4.876353697096e-04
4.873220052683e-04
4.872649645163e-04
4.865984408966e-04
4.864012704994e-04
4.849742524238e-04
4.846347722022e-04
4.838060228583e-04
4.835210203588e-04
4.829061108541e-04
4.781215160352e-04
4.780536729297e-04
4.771488513125e-04
4.753480667055e-04
4.744502090901e-04
4.732685323424e-04
4.730886352979e-04
4.726778500470e-04
4.723884662123e-04
4.707029734040e-04
4.690880142381e-04
4.687281730627e-04
4.676957373440e-04
4.667802201873e-04
4.660293966997e-04
4.660142120759e-04
4.657297745638e-04
4.656957938177e-04
4.654199848169e-04
4.653377187734e-04
4.628556215421e-04
4.615262234680e-04
4.605041929189e-04
4.576192932661e-04
4.574697750044e-04
4.573520596692e-04
4.565459652255e-04
4.549159405957e-04
4.542670290203e-04
4.536835185466e-04
4.527125566661e-04
4.522973362446e-04
4.519167864784e-04
4.497718800160e-04
4.497563340834e-04
4.480200717933e-04
4.477840302818e-04
4.467086325879e-04
4.461921682432e-04
4.443114652527e-04
4.441683244675e-04
4.441281192787e-04
4.437794963226e-04
4.436542153134e-04
4.417416169275e-04
4.406071433058e-04
4.394911876472e-04
4.386646961498e-04
4.370620648449e-04
4.362183318830e-04
4.349212392990e-04
4.337344274225e-04
4.332438794024e-04
4.332292080294e-04
4.317737648028e-04
4.304504132199e-04
4.303867045827e-04
4.302087651273e-04
4.292471565512e-04
4.288807809112e-04
4.283241123832e-04
4.272984945217e-04
4.267294541976e-04
4.266461620119e-04
4.256423064061e-04
4.255147798388e-04
4.254998433160e-04
4.248842232321e-04
4.231045848328e-04
4.225735389367e-04
4.220001271509e-04
4.218402327396e-04
4.208715304184e-04
4.204883758326e-04
4.183504922642e-04
4.179250881990e-04
4.175602695911e-04
4.169696557589e-04
4.155666445224e-04
4.145635134019e-04
4.145082790157e-04
4.143601979938e-04
4.122550209656e-04
4.121082054209e-04
4.114213386799e-04
4.113313640699e-04
4.109869574060e-04
4.094243402032e-04
4.083486170923e-04
4.076601989094e-04
4.068489706301e-04
4.062998719982e-04
4.062270453433e-04
4.056830687533e-04
4.050816051422e-04
4.049884322537e-04
4.047935646162e-04
4.047576992750e-04
4.045110321416e-04
4.044675944266e-04
4.038985486211e-04
4.019066872828e-04
4.011711417115e-04
4.003267080010e-04
4.002235597255e-04
3.993241685685e-04
3.984231666473e-04
3.976832972479e-04
3.974691369527e-04
3.971764417859e-04
3.961228745066e-04
3.955907286880e-04
3.952246402988e-04
3.933573381177e-04
3.926828366401e-04
3.915332408321e-04
3.913326518042e-04
3.907429255841e-04
3.897683253668e-04
3.893928287114e-04
3.893465289057e-04
3.884792764019e-04
3.870604032893e-04
3.861387068385e-04
3.856359777151e-04
3.855773038708e-04
3.841150946545e-04
3.837150227669e-04
3.831872723758e-04
3.830465355136e-04
3.813329026819e-04
3.808398902344e-04
3.802217142780e-04
3.802111947989e-04
3.800300871138e-04
3.794167410791e-04
3.783498199532e-04
3.781526381860e-04
3.781177512847e-04
3.768396688184e-04
3.766313866501e-04
3.765143752598e-04
3.741977598719e-04
3.740801670020e-04
3.733592191506e-04
3.733189279639e-04
3.719716881015e-04
3.705476948260e-04
3.700492547799e-04
3.698868590498e-04
3.694710069558e-04
3.690910652756e-04
3.688115615921e-04
3.681952004337e-04
3.681708428447e-04
3.667258055123e-04
3.665651306685e-04
3.658565356675e-04
3.653513173107e-04
3.649089369958e-04
3.633653562090e-04
3.628474701663e-04
3.627406899276e-04
3.609937450287e-04
3.607560167078e-04
3.605215624597e-04
3.599290808612e-04
3.595646549111e-04
3.583885498477e-04
3.583295623555e-04
3.575552122412e-04
3.572185457572e-04
3.570110770254e-04
3.570055570264e-04
3.560841501600e-04
3.560597098616e-04
3.559554136317e-04
3.543431626768e-04
3.536347743214e-04
3.535556284883e-04
3.530862006251e-04
3.523009957452e-04
3.508295698436e-04
3.504784011613e-04
3.495705635095e-04
3.493455620806e-04
3.488918633085e-04
3.486070790648e-04
3.473974228015e-04
3.468987000473e-04
3.467007307736e-04
3.458487486207e-04
3.457575573849e-04
3.452185194041e-04
3.450800175124e-04
3.447487086343e-04
3.442296061052e-04
3.439136874411e-04
3.420632173175e-04
3.419536261879e-04
3.410204969055e-04
3.402878157314e-04
3.397501485404e-04
3.392133323547e-04
3.388678143649e-04
3.377078028979e-04
3.375388726278e-04
3.373628485100e-04
3.369454009498e-04
3.367751433098e-04
3.366197781842e-04
3.364328615935e-04
3.362694712579e-04
3.353489375524e-04
3.341203473200e-04
3.339145014090e-04
3.337958976753e-04
3.330110858667e-04
3.320518698145e-04
3.319762439093e-04
3.311726842791e-04
3.307124920414e-04
3.301815142648e-04
3.299703641927e-04
3.298650048368e-04
3.296951815781e-04
3.295719234136e-04
3.293065746431e-04
3.285980322623e-04
3.279687086777e-04
3.278104656496e-04
3.271577339822e-04
3.265433592221e-04
3.261191843863e-04
3.255122536387e-04
3.240401147502e-04
3.236676713258e-04
3.234513643351e-04
3.228098367943e-04
3.223586924389e-04
3.220701516087e-04
3.216536565259e-04
3.204461946443e-04
3.196653845000e-04
3.193173523761e-04
3.192845445114e-04
3.180974302061e-04
3.180186042181e-04
3.175167443855e-04
3.170082850581e-04
3.168857099278e-04
3.162497840108e-04
3.159619689878e-04
3.156026757062e-04
3.151784300390e-04
3.146061712408e-04
3.131907766963e-04
3.123578058098e-04
3.122047607554e-04
3.113884617308e-04
3.109944501009e-04
3.108001479438e-04
3.098714515132e-04
3.096931514097e-04
3.092020724987e-04
3.091954995404e-04
3.083482866520e-04
3.073330218980e-04
3.070900679356e-04
3.065396292230e-04
3.057625441048e-04
3.056614161141e-04
3.056526986246e-04
3.055602203453e-04
3.047317272827e-04
3.045287845585e-04
3.043066449512e-04
3.032380383062e-04
3.024700567233e-04
3.022531439038e-04
3.016743811248e-04
3.010430520814e-04
3.004852483050e-04
3.004495790243e-04
3.004209229060e-04
3.000564990117e-04
2.998712770952e-04
2.991977701352e-04
2.986081347648e-04
2.985460991925e-04
2.982613595443e-04
2.981402090024e-04
2.981119692636e-04
2.976083493182e-04
2.966618979102e-04
2.965716232314e-04
2.958699764459e-04
2.954312161603e-04
2.945529445384e-04
2.934027252677e-04
2.932502091681e-04
2.928406573390e-04
2.923206315693e-04
2.920853058356e-04
2.920815499373e-04
2.920120725938e-04
2.916358257789e-04
2.904394134296e-04
2.902968773759e-04
2.890632184041e-04
2.888236252371e-04
2.887631251324e-04
2.882513316700e-04
2.880588833553e-04
2.879351588510e-04
2.871846941750e-04
2.867332673879e-04
2.866715518116e-04
2.862835971520e-04
2.860797359233e-04
2.858245229820e-04
2.855189686447e-04
2.841728393966e-04
2.840777402223e-04
2.840254994391e-04
2.834633777728e-04
2.829124148669e-04
2.826630881121e-04
2.825057004223e-04
2.820799376828e-04
2.817636122639e-04
2.816845446896e-04
2.812230292108e-04
2.806970282011e-04
2.805862148944e-04
2.786164182294e-04
2.785787839291e-04
2.784641442957e-04
2.783053119021e-04
2.779033622261e-04
2.777894489792e-04
2.769543972055e-04
2.769340218812e-04
2.765596309213e-04
2.764774297185e-04
2.761083977542e-04
2.759244350474e-04
2.747387211042e-04
2.745193895712e-04
2.741427512103e-04
2.739608960489e-04
2.735960668314e-04
2.722062343044e-04
2.721210350369e-04
2.719800450117e-04
2.715114028442e-04
2.708984750917e-04
2.708068792607e-04
2.706294465519e-04
2.705841333528e-04
2.703808258874e-04
2.703247315326e-04
2.701158913465e-04
2.698743996224e-04
2.696274296343e-04
2.696105405198e-04
2.684168635040e-04
2.680334591220e-04
2.673865410796e-04
2.673284602434e-04
2.670696949394e-04
2.667247565192e-04
2.659726565238e-04
2.653443297419e-04
2.652032639019e-04
2.650083369287e-04
2.641664488749e-04
2.640951481819e-04
2.632287158606e-04
2.626614033588e-04
2.624308839976e-04
2.621102203061e-04
2.617622205175e-04
2.615645094219e-04
2.611174703034e-04
2.609562225721e-04
2.607476738403e-04
2.603787136325e-04
2.602930002493e-04
2.598311484857e-04
2.582949319251e-04
2.582454724500e-04
2.580988895029e-04
2.575333817869e-04
2.572020054473e-04
2.570803262626e-04
2.567520208729e-04
2.561278916570e-04
2.555323827989e-04
2.552789434472e-04
2.549477526798e-04
2.545429301341e-04
2.544839440391e-04
2.542892905925e-04
2.541993983453e-04
2.541237743511e-04
2.541149661577e-04
2.530842446031e-04
2.528048210411e-04
2.522996529682e-04
2.522398591529e-04
2.519621219938e-04
2.507635099783e-04
2.503737824557e-04
2.500778154313e-04
2.499367445755e-04
2.496174398890e-04
2.492301531129e-04
2.488824982364e-04
2.488582461963e-04
2.486295993353e-04
2.486285177750e-04
2.483680711370e-04
2.480646841865e-04
2.478624205469e-04
2.467413311915e-04
2.463828240296e-04
2.463205536447e-04
2.455707143466e-04
2.455592605239e-04
2.452868404276e-04
2.452736302724e-04
2.446751966332e-04
2.444596909568e-04
2.442918724203e-04
2.438132634096e-04
2.433105727669e-04
2.430438635578e-04
2.429661279376e-04
2.425591834567e-04
2.423215401956e-04
2.421864282072e-04
2.419922998645e-04
2.416711863741e-04
2.404785250862e-04
2.398387865294e-04
2.394628907694e-04
2.393571353996e-04
2.390926410637e-04
2.387565912432e-04
2.386048183402e-04
2.383976152435e-04
2.377237367311e-04
2.374539511007e-04
2.368530223659e-04
2.367216174974e-04
2.364472141055e-04
2.363417952251e-04
2.360535523076e-04
2.360263751555e-04
2.355505362409e-04
2.354070296365e-04
2.352878964744e-04
2.346902420164e-04
2.342189906028e-04
2.339500958878e-04
2.337192585926e-04
2.333740153530e-04
2.328442683082e-04
2.320259865742e-04
2.316712774088e-04
2.316364874419e-04
2.315461032471e-04
2.314440248140e-04
2.312202687663e-04
2.308923120535e-04
2.303429985926e-04
2.297440878047e-04
2.297031329442e-04
2.296841237521e-04
2.293066844007e-04
2.291394849134e-04
2.272072902718e-04
2.265184731992e-04
2.263338955236e-04
2.262183147436e-04
2.261419014459e-04
2.261140554584e-04
2.256623762467e-04
2.250944177895e-04
2.247722517608e-04
2.244482939684e-04
2.242167316348e-04
2.241996435470e-04
2.240674930164e-04
2.239254714067e-04
2.236624072583e-04
2.230131339983e-04
2.230056435267e-04
2.221810521019e-04
2.218148288445e-04
2.216399962235e-04
2.214038331866e-04
2.212621123841e-04
2.211046172725e-04
2.206384533492e-04
2.202831437919e-04
2.201888100467e-04
2.200290854800e-04
2.196753878106e-04
2.196116967902e-04
2.191064362982e-04
2.186979733327e-04
2.185513495534e-04
2.182289109629e-04
2.178444466036e-04
2.178387816800e-04
2.176851798756e-04
2.175270211207e-04
2.167076461397e-04
2.166933852879e-04
2.157214704334e-04
2.154419638279e-04
2.150063969812e-04
2.149595934147e-04
2.146097338078e-04
2.145910277161e-04
2.142868895819e-04
2.141809215048e-04
2.136418260745e-04
2.134058409124e-04
2.132283150803e-04
2.125588638028e-04
2.124309759444e-04
2.118606241104e-04
2.116189439520e-04
2.115115743248e-04
2.114301621279e-04
2.113577362000e-04
2.107431362551e-04
2.105275999448e-04
2.105018242139e-04
2.101737811141e-04
2.094729865684e-04
2.094167459450e-04
2.093723380909e-04
2.087384910162e-04
2.078142071342e-04
2.077075969833e-04
2.075966892935e-04
2.074536359130e-04
2.070224267783e-04
2.068665461060e-04
2.060456823538e-04
2.059408056174e-04
2.059295073114e-04
2.055390890510e-04
2.054518004024e-04
2.053648856976e-04
2.044339485033e-04
2.042736107827e-04
2.040602385822e-04
2.039526315560e-04
2.039337435123e-04
2.033816482371e-04
2.032768026795e-04
2.030804822696e-04
2.027921369713e-04
2.017279409340e-04
2.016811627990e-04
2.016554256595e-04
2.016144776968e-04
2.013126455843e-04
2.012550367011e-04
2.001964430513e-04
1.996880341909e-04
1.994274314436e-04
1.993210858718e-04
1.992493515371e-04
1.987793464355e-04
1.985899484970e-04
1.985809957937e-04
1.974723019636e-04
1.973015305713e-04
1.970035506861e-04
1.965792386611e-04
1.964381825442e-04
1.964276042011e-04
1.959124144093e-04
1.954466791414e-04
1.951195888721e-04
1.950966609895e-04
1.950244141170e-04
1.949257801222e-04
1.948210643317e-04
1.945190833617e-04
1.938133257655e-04
1.937085553934e-04
1.936724639854e-04
1.934766009981e-04
1.927061808752e-04
1.926330207419e-04
1.926114384209e-04
1.924319657985e-04
1.920704515460e-04
1.920414961802e-04
1.914280530163e-04
1.913910256285e-04
1.913886194077e-04
1.911775944740e-04
1.906297102978e-04
1.905714926423e-04
1.905630898873e-04
1.899974698918e-04
1.897480128910e-04
1.888049045953e-04
1.884156394230e-04
1.881322525211e-04
1.874755314950e-04
1.871789239689e-04
1.871344028384e-04
1.871325509152e-04
1.870766416642e-04
1.865094250479e-04
1.863855084844e-04
1.861369674720e-04
1.860568053086e-04
1.860391761215e-04
1.859532231402e-04
1.857439426617e-04
1.852809661066e-04
1.852172074157e-04
1.851020796315e-04
1.839515808456e-04
1.839019187181e-04
1.837758001928e-04
1.837608157878e-04
1.836494667521e-04
1.835657925442e-04
1.834320977659e-04
1.833663088653e-04
1.828599542440e-04
1.828425489640e-04
1.818185723016e-04
1.816348385795e-04
1.815178476082e-04
1.813915701892e-04
1.812036849873e-04
1.810881777798e-04
1.810811199419e-04
1.802747662564e-04
1.800459944566e-04
1.800279280014e-04
1.796067998539e-04
1.788788463299e-04
1.788464484320e-04
1.787836973066e-04
1.785976286283e-04
1.783977849461e-04
1.781744688089e-04
1.780521907389e-04
1.779731918696e-04
1.779119527823e-04
1.777697323528e-04
1.777206767284e-04
1.768931973939e-04
1.768890146570e-04
1.767441724763e-04
1.763628476843e-04
1.763059179642e-04
1.757208825543e-04
1.750794183830e-04
1.748314334792e-04
1.746652584992e-04
1.745790539055e-04
1.735921531804e-04
1.735072480928e-04
1.734391170942e-04
1.732738565489e-04
1.731002267213e-04
1.730573601853e-04
1.725760299656e-04
1.723283719054e-04
1.720809863897e-04
1.719890810620e-04
1.715191316230e-04
1.714032577446e-04
1.711980451729e-04
1.711028783743e-04
1.707295674601e-04
1.700604008432e-04
1.699452520931e-04
1.698521686916e-04
1.698214699223e-04
1.697224824386e-04
1.695185806769e-04
1.689303694443e-04
1.687184899938e-04
1.686985313582e-04
1.683844294304e-04
1.680969328543e-04
1.680507746471e-04
1.678989845797e-04
1.678519033475e-04
1.672938575637e-04
1.671377599122e-04
1.665048289978e-04
1.663811330117e-04
1.659672483367e-04
1.657123506655e-04
1.654390474782e-04
1.653662697272e-04
1.652957113682e-04
1.649112622563e-04
1.648700762118e-04
1.646219690436e-04
1.645053697938e-04
1.642830211848e-04
1.640050726628e-04
1.638280436928e-04
1.637272747427e-04
1.634684543832e-04
1.631347094922e-04
1.631048794021e-04
1.628183750934e-04
1.621283508031e-04
1.616839583979e-04
1.615474643949e-04
1.615468543138e-04
1.615220369556e-04
1.614431293394e-04
1.613037287525e-04
1.609705034118e-04
1.608962291251e-04
1.603563163134e-04
1.601043155631e-04
1.594971857461e-04
1.594829688724e-04
1.592628802724e-04
1.592173061689e-04
1.585541725171e-04
1.582257451434e-04
1.581416955365e-04
1.580950375607e-04
1.577436469241e-04
1.576408699004e-04
1.569889542588e-04
1.566072902603e-04
1.564456824026e-04
1.563205335044e-04
1.559754026112e-04
1.559342112414e-04
1.556245920721e-04
1.554927976326e-04
1.553424040188e-04
1.553107643945e-04
1.546541297470e-04
1.544446065320e-04
1.544170791690e-04
1.538039826160e-04
1.535629225980e-04
1.533139021275e-04
1.532856467846e-04
1.532465252671e-04
1.531745370894e-04
1.528633094865e-04
1.527830148081e-04
1.522861512586e-04
1.520832867803e-04
1.516702569499e-04
1.516179128354e-04
1.515543017689e-04
1.515439190511e-04
1.512812389709e-04
1.511979756954e-04
1.506921958263e-04
1.504504140991e-04
1.502671641970e-04
1.500816357255e-04
1.497278772674e-04
1.496746316616e-04
1.495788560407e-04
1.494001900698e-04
1.490467495562e-04
1.488711691803e-04
1.484994316567e-04
1.483310387664e-04
1.483016451956e-04
1.481923168990e-04
1.479358221881e-04
1.479251181572e-04
1.478549047235e-04
1.478098297793e-04
1.477107229313e-04
1.476845799461e-04
1.472648969535e-04
1.471493179329e-04
1.468742349595e-04
1.466214452138e-04
1.464674379813e-04
1.461368033376e-04
1.460154904821e-04
1.457409726379e-04
1.452976577533e-04
1.452616514131e-04
1.450984612321e-04
1.448281194966e-04
1.441282584177e-04
1.436590368670e-04
1.436478136410e-04
1.435681854888e-04
1.432872974713e-04
1.432652094697e-04
1.431955397607e-04
1.430156226515e-04
1.429637730322e-04
1.427372176456e-04
1.424421736260e-04
1.423250072547e-04
1.423149554974e-04
1.412240136555e-04
1.412221660569e-04
1.411735482721e-04
1.409749017482e-04
1.408978948274e-04
1.408503790589e-04
1.399670318233e-04
1.398753208997e-04
1.398304203685e-04
1.396679419879e-04
1.395015043116e-04
1.394523382135e-04
1.393942610520e-04
1.389689914806e-04
1.387537850543e-04
1.387151423077e-04
1.384361411933e-04
1.382379284684e-04
1.381925475741e-04
1.377260486939e-04
1.375129639906e-04
1.374213429205e-04
1.370933119016e-04
1.369403473547e-04
1.369400163786e-04
1.364633162474e-04
1.364066904470e-04
1.363048756424e-04
1.363010504724e-04
1.360395350128e-04
1.357983823637e-04
1.355369798143e-04
1.354562970670e-04
1.353471742879e-04
1.351721914133e-04
1.349505422363e-04
1.345801070516e-04
1.344876496001e-04
1.343969967834e-04
1.343666057684e-04
1.339818455627e-04
1.339353017530e-04
1.338678340145e-04
1.336316963873e-04
1.334372982519e-04
1.329125970480e-04
1.328976285921e-04
1.325619690106e-04
1.325569189275e-04
1.323521173167e-04
1.321282442071e-04
1.321159795759e-04
1.320848707845e-04
1.316934547374e-04
1.315467464879e-04
1.311464069689e-04
1.310546853795e-04
1.310453925515e-04
1.304977629329e-04
1.304269468905e-04
1.302702498037e-04
1.300153388777e-04
1.297894560786e-04
1.297120097940e-04
1.293247491094e-04
1.292817563614e-04
1.291926091223e-04
1.291780219484e-04
1.289006799681e-04
1.286672469359e-04
1.285622597366e-04
1.282978896176e-04
1.282900678724e-04
1.282477111331e-04
1.277320844586e-04
1.273441123837e-04
1.272517832177e-04
1.268295281918e-04
1.265600694395e-04
1.265345383869e-04
1.265226919041e-04
1.265105485827e-04
1.264784819446e-04
1.258460524179e-04
1.258382842178e-04
1.258043366919e-04
1.257578848279e-04
1.257211223523e-04
1.256232242221e-04
1.256192180949e-04
1.251521254767e-04
1.251087963686e-04
1.246917927139e-04
1.245757766338e-04
1.245346721746e-04
1.243638800361e-04
1.242684722267e-04
1.238458487791e-04
1.235778409010e-04
1.233892262722e-04
1.231330284660e-04
1.229599465859e-04
1.228843229712e-04
1.227123774557e-04
1.227086491901e-04
1.225577459106e-04
1.222605423870e-04
1.220188292198e-04
1.217950281516e-04
1.216903647816e-04
1.214606187340e-04
1.211068657536e-04
1.210082601382e-04
1.208917445781e-04
1.206821293148e-04
1.205691014179e-04
1.202456780565e-04
1.200030407392e-04
1.198694755320e-04
1.197956497612e-04
1.196074217939e-04
1.195640964507e-04
1.195343665498e-04
1.194563396203e-04
1.191605659963e-04
1.189066654368e-04
1.186801251712e-04
1.186703830296e-04
1.186179514932e-04
1.185775099893e-04
1.183277118131e-04
1.180488257952e-04
1.180161089429e-04
1.177773773714e-04
1.176743145880e-04
1.170976514407e-04
1.170555591883e-04
1.168972951796e-04
1.167557719103e-04
1.165142762615e-04
1.163344319178e-04
1.162862653393e-04
1.162174155377e-04
1.157555974784e-04
1.154701464299e-04
1.153816121163e-04
1.152205319200e-04
1.151587181159e-04
1.151407023056e-04
1.150745012701e-04
1.149326681389e-04
1.145422215135e-04
1.144433547503e-04
1.142406947156e-04
1.142118471742e-04
1.141348847903e-04
1.140836452694e-04
1.139103040213e-04
1.137570386663e-04
1.135766243606e-04
1.134478901220e-04
1.133988219536e-04
1.133634446428e-04
1.132826711236e-04
1.128425989575e-04
1.124348970448e-04
1.120290520378e-04
1.119680598436e-04
1.119396974638e-04
1.117442119092e-04
1.116451798772e-04
1.115274973728e-04
1.114439618434e-04
1.112248724813e-04
1.110513525788e-04
1.109721911419e-04
1.109650977618e-04
1.108071804256e-04
1.105624663350e-04
1.104350679886e-04
1.101751516803e-04
1.101015826347e-04
1.100034872336e-04
1.099687756118e-04
1.097750178939e-04
1.097059721088e-04
1.092786574027e-04
1.091484405474e-04
1.088678535789e-04
1.088244937473e-04
1.088067233824e-04
1.086426963440e-04
1.086007109843e-04
1.084947372979e-04
1.084622705428e-04
1.081673636810e-04
1.078561135011e-04
1.078197530724e-04
1.072001184548e-04
1.070930823901e-04
1.069689018569e-04
1.068755245556e-04
1.068680638447e-04
1.066834055921e-04
1.065369525860e-04
1.064564776503e-04
1.062923316553e-04
1.062873777833e-04
1.057021275855e-04
1.056079991165e-04
1.054713367639e-04
1.053081430333e-04
1.052596762927e-04
1.052289397067e-04
1.048698624955e-04
1.046727977430e-04
1.045753528861e-04
1.045044916163e-04
1.044217051099e-04
1.043480285373e-04
1.043084410954e-04
1.042788893855e-04
1.039021953815e-04
1.037318232320e-04
1.036197096177e-04
1.035043017760e-04
1.033494245206e-04
1.032715254737e-04
1.032430594009e-04
1.029515123938e-04
1.027654395337e-04
1.027500728379e-04
1.027129077318e-04
1.026284616189e-04
1.025827828963e-04
1.021243456448e-04
1.018883914121e-04
1.014508469194e-04
1.012151185897e-04
1.011708548150e-04
1.011483896996e-04
1.007666635858e-04
1.006876752047e-04
1.006554700307e-04
1.005854798810e-04
1.005035632572e-04
1.004912048678e-04
1.004221570591e-04
1.004112144286e-04
1.001252064731e-04
9.997695598275e-05
9.982830842249e-05
9.967206178365e-05
9.947780120490e-05
9.928464243995e-05
9.921625479681e-05
9.915449297858e-05
9.891902350703e-05
9.881932458383e-05
9.881060478984e-05
9.866072785052e-05
9.863235373801e-05
9.853334475560e-05
9.816643203484e-05
9.815935990006e-05
9.773887353120e-05
9.754808165139e-05
9.752461295345e-05
9.735243392628e-05
9.729121103955e-05
9.722726452077e-05
9.706315964392e-05
9.699836608166e-05
9.686731999765e-05
9.684469523055e-05
9.678715625752e-05
9.672279959705e-05
9.638310568234e-05
9.630379844578e-05
9.616898826110e-05
9.594470109317e-05
9.588957727904e-05
9.573336214547e-05
9.567711471850e-05
9.552272533570e-05
9.525850822074e-05
9.512552161082e-05
9.506654490388e-05
9.494496597584e-05
9.459285749519e-05
9.439233750958e-05
9.424490392217e-05
9.423467731446e-05
9.419620751436e-05
9.419016609745e-05
9.392172750193e-05
9.380408851646e-05
9.373695366861e-05
9.352310392681e-05
9.351865946071e-05
9.298929691996e-05
9.286117836327e-05
9.280648302587e-05
9.276533975974e-05
9.269838398282e-05
9.239319113600e-05
9.235399364833e-05
9.231715454248e-05
9.212240372053e-05
9.198765555639e-05
9.182323834696e-05
9.174772009868e-05
9.164201258267e-05
9.163343263800e-05
9.156113330961e-05
9.149887393014e-05
9.076232949146e-05
9.067696945138e-05
9.055576066579e-05
9.051376768868e-05
9.035871620119e-05
9.034127549618e-05
9.024604681439e-05
8.992417115867e-05
8.989685439764e-05
8.976722726521e-05
8.967727233094e-05
8.945949822833e-05
8.941156808772e-05
8.929821027402e-05
8.903085245266e-05
8.892892090337e-05
8.892165669958e-05
8.887841249904e-05
8.887085625886e-05
8.867966015532e-05
8.860835829848e-05
8.859142734027e-05
8.847542011360e-05
8.821303646059e-05
8.806300869513e-05
8.796724195421e-05
8.787810801382e-05
8.781697251917e-05
8.771500109043e-05
8.769907082291e-05
8.755879195242e-05
8.717528187711e-05
8.710797533346e-05
8.699603250792e-05
8.673557961021e-05
8.672166549105e-05
8.666042642506e-05
8.643187575489e-05
8.625956507678e-05
8.615744130025e-05
8.604076797960e-05
8.598543486665e-05
8.596672020941e-05
8.589849245129e-05
8.566947123422e-05
8.540235088436e-05
8.533368708581e-05
8.532340824814e-05
8.529726555095e-05
8.494666426855e-05
8.478829903686e-05
8.450701038722e-05
8.426739634186e-05
8.423479039519e-05
8.406981289086e-05
8.396309010470e-05
8.379123425662e-05
8.375322259712e-05
8.371090823624e-05
8.343589288484e-05
8.338696001683e-05
8.310868768420e-05
8.309088122695e-05
8.300240793462e-05
8.295543800694e-05
8.273000014265e-05
8.268378570611e-05
8.258118341107e-05
8.254541699200e-05
8.246781074506e-05
8.233475803277e-05
8.207952565828e-05
8.194258483526e-05
8.184677764737e-05
8.180884348597e-05
8.157124049720e-05
8.154370294345e-05
8.145825699788e-05
8.121533271863e-05
8.119499129595e-05
8.114812627245e-05
8.092710083043e-05
8.087181863153e-05
8.083737526383e-05
8.079823559836e-05
8.073030386176e-05
8.063553798394e-05
8.049900949294e-05
8.040159157743e-05
8.038319300335e-05
8.031500651582e-05
8.028500598432e-05
8.019076725565e-05
7.968095434284e-05
7.956933024008e-05
7.947287877757e-05
7.945229785919e-05
7.939927025561e-05
7.936519240027e-05
7.934758140242e-05
7.914960430025e-05
7.893415591791e-05
7.866446056977e-05
7.856414274819e-05
7.855695953254e-05
7.843892958656e-05
7.837675213426e-05
7.821473913909e-05
7.814687304445e-05
7.798959155005e-05
7.796471658885e-05
7.765989415737e-05
7.748856704546e-05
7.745336753113e-05
7.743374789714e-05
7.741262479124e-05
7.729904372931e-05
7.715763402649e-05
7.713214916857e-05
7.690095961131e-05
7.677948492650e-05
7.674508639784e-05
7.673315495988e-05
7.637899125439e-05
7.637538142696e-05
7.627915288743e-05
7.623109017596e-05
7.618687949929e-05
7.613212128397e-05
7.611551454440e-05
7.569295604480e-05
7.549254595072e-05
7.532498657239e-05
7.530863409776e-05
7.528010991729e-05
7.517323315279e-05
7.513542161717e-05
7.512315228452e-05
7.502462660269e-05
7.492741202569e-05
7.487944399816e-05
7.462370545842e-05
7.442269812300e-05
7.440664538797e-05
7.434371544427e-05
7.421984074739e-05
7.413642723763e-05
7.405459279974e-05
7.394119266137e-05
7.381419815911e-05
7.361600821126e-05
7.356959745324e-05
7.332135377377e-05
7.325729250115e-05
7.302379513650e-05
7.283614304893e-05
7.273931798168e-05
7.273692584178e-05
7.255988816382e-05
7.224304850873e-05
7.212237449245e-05
7.208628166190e-05
7.202167874122e-05
7.191659062053e-05
7.176704093775e-05
7.164792034036e-05
7.159040999336e-05
7.122256135309e-05
7.112288455597e-05
7.110217890072e-05
7.100422816980e-05
7.100290289323e-05
7.098371847886e-05
7.098233530525e-05
7.093924651771e-05
7.089940146577e-05
7.089448593713e-05
7.079652486547e-05
7.076316644669e-05
7.028145664399e-05
7.012996865205e-05
7.010726605944e-05
7.006049071440e-05
6.971911652944e-05
6.961323899034e-05
6.947026397060e-05
6.946932624171e-05
6.941895962874e-05
6.938186935172e-05
6.928755980864e-05
6.921381570636e-05
6.919277155691e-05
6.903852868512e-05
6.902946898305e-05
6.893141142354e-05
6.868978415081e-05
6.868335223736e-05
6.853692403847e-05
6.833344043095e-05
6.832882300873e-05
6.821180932638e-05
6.808499527013e-05
6.802407285033e-05
6.778093645414e-05
6.755424627429e-05
6.754101978952e-05
6.740821795546e-05
6.739979924936e-05
6.727861095466e-05
6.724501903283e-05
6.724077772474e-05
6.704545664756e-05
6.699829225689e-05
6.693636290241e-05
6.691658464120e-05
6.678935868796e-05
6.668816422740e-05
6.652974566878e-05
6.609229012012e-05
6.606144582737e-05
6.602498707740e-05
6.595454763101e-05
6.589762789726e-05
6.578806683690e-05
6.576365013548e-05
6.558742533183e-05
6.530811047018e-05
6.528248875456e-05
6.525956706508e-05
6.512178979094e-05
6.500522801798e-05
6.498513912097e-05
6.495876254064e-05
6.492484157295e-05
6.487094690590e-05
6.453757054345e-05
6.452167932588e-05
6.450429416752e-05
6.444369011919e-05
6.441544008294e-05
6.441174470254e-05
6.425619421172e-05
6.423931712524e-05
6.401656181681e-05
6.384667529369e-05
6.372173559802e-05
6.362402001366e-05
6.337983771588e-05
6.322536686209e-05
6.321942268333e-05
6.312558719360e-05
6.305386765736e-05
6.303220558890e-05
6.297864872196e-05
6.296311526447e-05
6.283745905883e-05
6.280637950641e-05
6.277325106438e-05
6.259470881748e-05
6.241350554948e-05
6.238799856194e-05
6.238709686345e-05
6.225950447824e-05
6.224381244313e-05
6.209759318648e-05
6.205521590253e-05
6.202343271344e-05
6.200179636515e-05
6.183964915128e-05
6.161452635175e-05
6.153545003112e-05
6.140926981439e-05
6.140633051308e-05
6.113329976785e-05
6.109321008429e-05
6.103901641232e-05
6.094613437588e-05
6.089808047116e-05
6.087578200757e-05
6.068950853380e-05
6.043391132776e-05
6.035739993070e-05
6.025431347766e-05
6.016980184253e-05
6.009864015729e-05
6.005879480603e-05
6.002919524386e-05
6.000327269248e-05
5.993802593410e-05
5.972021402145e-05
5.965614372696e-05
5.948857292682e-05
5.942443087456e-05
5.936523869137e-05
5.934246436940e-05
5.926330887236e-05
5.914887680555e-05
5.899780166297e-05
5.894193851229e-05
5.888325649159e-05
5.880946242449e-05
5.878536828505e-05
5.867986137482e-05
5.863012595607e-05
5.844418651313e-05
5.839420642121e-05
5.818733609803e-05
5.814312318135e-05
5.808438541205e-05
5.788038165875e-05
5.772936451901e-05
5.748831918446e-05
5.745827337323e-05
5.744462801275e-05
5.741730864693e-05
5.737497374091e-05
5.731449516401e-05
5.714957591227e-05
5.710553773691e-05
5.707460265837e-05
5.688467164038e-05
5.680496504454e-05
5.669171553207e-05
5.662065482383e-05
5.660320545855e-05
5.654193048529e-05
5.650464987899e-05
5.640285854172e-05
5.640236446588e-05
5.636419901444e-05
5.616458833115e-05
5.614390519516e-05
5.607892522403e-05
5.597821233577e-05
5.556442974937e-05
5.544112856708e-05
5.530076814384e-05
5.519601468183e-05
5.502666150508e-05
5.487229702998e-05
5.480676699621e-05
5.475089180636e-05
5.465615504648e-05
5.459349152546e-05
5.458169802272e-05
5.455195218729e-05
5.444416076791e-05
5.436720018411e-05
5.431558305589e-05
5.428313336577e-05
5.402017031384e-05
5.398050000362e-05
5.397672592716e-05
5.381070522462e-05
5.377732115267e-05
5.375066422042e-05
5.374813202905e-05
5.372097501957e-05
5.353753407844e-05
5.353160149959e-05
5.347915571777e-05
5.329511177645e-05
5.309651663863e-05
5.304430163113e-05
5.299175369217e-05
5.297297693006e-05
5.278202887035e-05
5.274032786285e-05
5.273374132080e-05
5.272223011128e-05
5.255920757003e-05
5.243272977952e-05
5.237295633455e-05
5.221142760810e-05
5.219802834998e-05
5.219432804228e-05
5.212294558724e-05
5.206913631229e-05
5.206188020371e-05
5.199384863444e-05
5.184624192830e-05
5.175499794952e-05
5.163337225215e-05
5.161266791414e-05
5.149893466908e-05
5.139680287034e-05
5.138701906519e-05
5.133741600905e-05
5.131482415204e-05
5.122567853082e-05
5.116987140051e-05
5.107369366084e-05
5.101997813221e-05
5.101091778288e-05
5.087018911239e-05
5.084508746215e-05
5.074843887244e-05
5.071636572779e-05
5.050400166279e-05
5.047981618390e-05
5.030553645175e-05
5.027273256221e-05
5.025669712469e-05
5.017408496625e-05
4.990974017015e-05
4.979736418669e-05
4.976468312433e-05
4.975367821538e-05
4.973982363719e-05
4.965405913944e-05
4.954050410726e-05
4.943435152838e-05
4.918471110809e-05
4.908641129009e-05
4.897115303830e-05
4.879848140905e-05
4.878110315622e-05
4.867478998679e-05
4.860992089874e-05
4.853558172244e-05
4.843486184373e-05
4.842077904564e-05
4.833405732613e-05
4.827555944581e-05
4.824649885428e-05
4.817247426480e-05
4.817194520751e-05
4.786963725159e-05
4.786444143446e-05
4.784738808043e-05
4.762406836840e-05
4.754949544071e-05
4.753157102182e-05
4.743647637813e-05
4.740787724546e-05
4.734962847913e-05
4.728968968624e-05
4.728760175303e-05
4.718261408985e-05
4.708562930594e-05
4.694631026767e-05
4.677573872053e-05
4.676280956684e-05
4.671594524748e-05
4.667594785477e-05
4.664172351224e-05
4.658931484144e-05
4.658615422791e-05
4.655455253172e-05
4.610754550667e-05
4.596871343653e-05
4.595122491078e-05
4.593915074302e-05
4.587568376339e-05
4.585785691230e-05
4.567277299048e-05
4.566309735521e-05
4.538902015790e-05
4.529718199358e-05
4.516144506129e-05
4.516129407440e-05
4.512445900461e-05
4.508068690562e-05
4.500740233761e-05
4.492104169115e-05
4.491334387160e-05
4.490488722072e-05
4.483817109850e-05
4.470569170530e-05
4.466260195505e-05
4.453475472268e-05
4.448707188217e-05
4.442825430016e-05
4.430454057976e-05
4.420702239550e-05
4.407312801690e-05
4.397125088786e-05
4.396157105922e-05
4.391253437614e-05
4.386282846168e-05
4.383793864627e-05
4.376031029100e-05
4.373393718958e-05
4.352301442411e-05
4.352068598399e-05
4.351869475888e-05
4.337930422010e-05
4.321948867217e-05
4.321331394852e-05
4.316711751258e-05
4.313991763553e-05
4.291823785091e-05
4.291473970126e-05
4.280654177424e-05
4.277092313478e-05
4.274125394981e-05
4.271301384494e-05
4.266803176710e-05
4.256322566383e-05
4.247198555844e-05
4.247001912031e-05
4.238476934441e-05
4.236235537706e-05
4.236151484848e-05
4.234537387833e-05
4.232410426780e-05
4.216374671960e-05
4.209256035612e-05
4.195485112630e-05
4.192212691589e-05
4.169055470029e-05
4.165390394329e-05
4.152482654479e-05
4.151860085825e-05
4.151212664865e-05
4.149355176336e-05
4.134075148214e-05
4.124887054311e-05
4.118069021300e-05
4.110050673445e-05
4.109774870551e-05
4.109342356723e-05
4.098999682879e-05
4.097187486515e-05
4.096416485117e-05
4.082867533565e-05
4.074832938102e-05
4.062218125913e-05
4.048016617033e-05
4.047985062927e-05
4.040639333121e-05
4.028631494656e-05
4.021224511057e-05
4.018724035748e-05
4.006338887100e-05
4.005331615998e-05
3.992835391696e-05
3.983880845746e-05
3.968600775101e-05
3.960831362061e-05
3.955304178635e-05
3.947833665965e-05
3.945366772968e-05
3.942998511215e-05
3.940728931127e-05
3.926274045805e-05
3.922366150874e-05
3.920469204779e-05
3.917741324941e-05
3.914536057409e-05
3.906574859688e-05
3.904922582420e-05
3.900826752073e-05
3.884709247422e-05
3.880361820033e-05
3.879151243143e-05
3.867448542043e-05
3.865678121279e-05
3.857921151683e-05
3.840703752613e-05
3.827495705252e-05
3.816528339436e-05
3.815310846688e-05
3.796594658031e-05
3.790345684536e-05
3.786316630696e-05
3.780642160047e-05
3.775498145343e-05
3.766673899946e-05
3.764329276162e-05
3.762634104901e-05
3.762359370617e-05
3.747046519254e-05
3.736146766480e-05
3.734784968336e-05
3.732509319345e-05
3.730168862949e-05
3.726933269506e-05
3.719877816714e-05
3.718681237935e-05
3.712228059407e-05
3.711551407593e-05
3.701219243167e-05
3.685823618178e-05
3.671106592901e-05
3.669525573182e-05
3.667976723065e-05
3.662127819040e-05
3.656914028432e-05
3.651605368785e-05
3.644206901189e-05
3.632478584716e-05
3.620311395064e-05
3.617385567414e-05
3.616127343322e-05
3.612185445572e-05
3.608981622900e-05
3.608072608978e-05
3.594368599277e-05
3.593801851872e-05
3.581694311383e-05
3.574974949259e-05
3.559797079999e-05
3.559608368683e-05
3.554808724867e-05
3.545972380665e-05
3.544622817565e-05
3.527412129020e-05
3.525793928505e-05
3.521893631111e-05
3.519484220376e-05
3.509871713727e-05
3.509639620551e-05
3.509116446371e-05
3.493065969179e-05
3.484576696093e-05
3.480767661580e-05
3.480539867241e-05
3.473628531640e-05
3.470780974079e-05
3.462315484426e-05
3.451701953771e-05
3.447195060954e-05
3.426688034211e-05
3.424238367895e-05
3.423451288460e-05
3.417682868192e-05
3.410112774766e-05
3.409731977348e-05
3.390892628596e-05
3.390033986414e-05
3.380354988616e-05
3.377022319550e-05
3.371258476303e-05
3.362912125050e-05
3.356594125996e-05
3.354710520740e-05
3.348090249382e-05
3.342831696897e-05
3.337279574956e-05
3.327542322826e-05
3.327317149481e-05
3.323648236995e-05
3.305118447647e-05
3.304060576857e-05
3.302430553432e-05
3.299214773384e-05
3.294371257328e-05
3.280058706412e-05
3.278024098637e-05
3.275527948328e-05
3.265804410082e-05
3.260374620355e-05
3.258458728136e-05
3.250499749085e-05
3.247277426599e-05
3.239680760802e-05
3.237475674191e-05
3.227712698027e-05
3.212007209374e-05
3.207016331409e-05
3.202207594998e-05
3.201881144071e-05
3.198185787658e-05
3.193322732309e-05
3.185287891498e-05
3.181954513160e-05
3.174325207003e-05
3.169302149200e-05
3.169282724894e-05
3.168294689563e-05
3.151015903551e-05
3.140847991143e-05
3.127939219363e-05
3.127565188580e-05
3.127111080051e-05
3.124042435456e-05
3.122899798496e-05
3.121712045875e-05
3.115248768231e-05
3.112257913729e-05
3.102924035717e-05
3.078879364053e-05
3.074993447622e-05
3.074434509581e-05
3.070998813358e-05
3.070078643596e-05
3.060036352084e-05
3.058111701000e-05
3.057831054328e-05
3.049210743132e-05
3.043312975069e-05
3.035966598350e-05
3.027395337918e-05
3.013089435429e-05
3.007516790658e-05
2.992620703457e-05
2.991704493817e-05
2.989040384992e-05
2.986003566080e-05
2.982718122692e-05
2.964606043838e-05
2.962301611864e-05
2.961347709575e-05
2.961055325617e-05
2.952554746848e-05
2.937808082615e-05
2.936004560978e-05
2.931283887628e-05
2.928639534577e-05
2.924036548296e-05
2.922969649805e-05
2.918745358516e-05
2.910192989955e-05
2.897540321401e-05
2.890179902633e-05
2.885978965186e-05
2.880104798918e-05
2.876485356273e-05
2.869675469368e-05
2.864527325782e-05
2.864017535156e-05
2.850925691515e-05
2.845058254430e-05
2.842065758585e-05
2.835085955372e-05
2.833028284108e-05
2.823094910822e-05
2.813274477960e-05
2.812654391332e-05
2.812446901007e-05
2.812377668608e-05
2.808842351739e-05
2.790588370793e-05
2.786709083369e-05
2.783362979477e-05
2.782021580407e-05
2.780907296568e-05
2.770848282672e-05
2.765681157090e-05
2.758487894251e-05
2.749520814903e-05
2.742855512038e-05
2.739947890711e-05
2.736328097296e-05
2.735455203947e-05
2.730642977234e-05
2.727875509521e-05
2.718528765686e-05
2.717088373481e-05
2.708431330300e-05
2.706986939247e-05
2.702927400290e-05
2.702105538376e-05
2.700516898451e-05
2.695351139786e-05
2.682396954583e-05
2.680753944086e-05
2.677974261599e-05
2.672881756162e-05
2.671623220554e-05
2.667186328917e-05
2.665965441971e-05
2.656563945943e-05
2.655084596060e-05
2.648960218316e-05
2.645979170148e-05
2.634033713471e-05
2.626885706929e-05
2.620228612459e-05
2.600160619023e-05
2.593420777994e-05
2.591439283328e-05
2.591431597325e-05
2.585413909940e-05
2.584595700119e-05
2.581706433878e-05
2.578093998995e-05
2.574402686449e-05
2.573653765642e-05
2.573439648181e-05
2.570174605935e-05
2.560682144210e-05
2.540326128869e-05
2.537477502693e-05
2.529091181571e-05
2.526667326588e-05
2.525532535484e-05
2.523190751799e-05
2.513257414604e-05
2.505657693841e-05
2.496141540083e-05
2.496093536179e-05
2.494673966738e-05
2.490231746702e-05
2.488647257436e-05
2.479859313158e-05
2.479055505983e-05
2.477599458534e-05
2.470309325749e-05
2.460699451652e-05
2.453616921362e-05
2.453445442896e-05
2.452059895634e-05
2.444415548427e-05
2.436143924251e-05
2.436138935217e-05
2.431287893674e-05
2.416569969078e-05
2.412392777324e-05
2.407797009596e-05
2.400722228054e-05
2.400616405284e-05
2.400278682394e-05
2.397052865194e-05
2.396041488183e-05
2.388747477047e-05
2.377732266207e-05
2.374101219766e-05
2.369889027049e-05
2.368524870266e-05
2.367579125341e-05
2.362472830056e-05
2.356637037357e-05
2.354343149359e-05
2.345556413109e-05
2.345063203327e-05
2.344927424607e-05
2.340352273033e-05
2.340308968394e-05
2.332975215674e-05
2.321060048677e-05
2.319959615568e-05
2.315149578909e-05
2.314247144149e-05
2.312107708128e-05
2.308750255292e-05
2.306734050422e-05
2.305322852103e-05
2.295031670853e-05
2.288740104905e-05
2.284671082958e-05
2.279728845250e-05
2.275272141800e-05
2.271395335217e-05
2.265742898986e-05
2.264051162911e-05
2.256939382312e-05
2.248910982764e-05
2.247924915574e-05
2.232333435184e-05
2.230173646854e-05
2.227222395334e-05
2.225869126058e-05
2.220418140200e-05
2.216747242745e-05
2.213561906724e-05
2.212167559132e-05
2.209734905324e-05
2.207393602027e-05
2.205688569994e-05
2.204903032184e-05
2.203249755964e-05
2.186037001052e-05
2.185678108114e-05
2.181446113256e-05
2.177605182886e-05
2.170834935178e-05
2.168244519834e-05
2.165369469006e-05
2.163765471244e-05
2.161762800440e-05
2.156318453395e-05
2.155029544555e-05
2.143829559642e-05
2.140145825088e-05
2.135299761220e-05
2.134522477994e-05
2.134449890490e-05
2.131921858370e-05
2.131088976773e-05
2.123577378569e-05
2.120192264734e-05
2.117008652472e-05
2.103096769109e-05
2.100817981434e-05
2.099574714577e-05
2.098901692766e-05
2.096895895435e-05
2.089990627414e-05
2.089192203032e-05
2.088644329443e-05
2.087050825367e-05
2.082802600799e-05
2.076717895394e-05
2.070345834107e-05
2.069655841779e-05
2.051523779753e-05
2.045239589435e-05
2.042508695329e-05
2.040436730007e-05
2.037933314709e-05
2.026799301361e-05
2.013143799658e-05
2.007492974756e-05
2.007197240246e-05
2.006830174601e-05
2.006617012438e-05
2.001143209036e-05
1.993919910669e-05
1.988413178829e-05
1.987919950121e-05
1.980980950518e-05
1.978967569288e-05
1.978574371124e-05
1.978391732416e-05
1.978145331442e-05
1.975466555448e-05
1.957672796046e-05
1.955094390088e-05
1.948852461508e-05
1.945714451138e-05
1.941899686472e-05
1.941348196079e-05
1.941212732063e-05
1.925363911993e-05
1.923210408504e-05
1.923047564197e-05
1.916864073916e-05
1.912301783574e-05
1.910125932266e-05
1.900275693232e-05
1.894056247930e-05
1.893287976806e-05
1.890332448051e-05
1.890128258247e-05
1.889058149365e-05
1.885642599056e-05
1.884903219382e-05
1.883376345688e-05
1.882574308108e-05
1.881269337669e-05
1.870278796754e-05
1.869568971986e-05
1.868707791484e-05
1.866734300496e-05
1.862992013123e-05
1.857821033126e-05
1.855580998979e-05
1.851961679488e-05
1.849619876498e-05
1.842640003389e-05
1.841910777205e-05
1.840227685446e-05
1.834674960358e-05
1.831015993997e-05
1.827749736537e-05
1.826308298699e-05
1.826001876610e-05
1.817659214018e-05
1.815308140095e-05
1.806239234198e-05
1.806129669865e-05
1.801294089164e-05
1.784997368622e-05
1.775862128657e-05
1.775509830397e-05
1.773902113219e-05
1.770592138617e-05
1.770142694129e-05
1.764877082137e-05
1.759393028223e-05
1.758690800692e-05
1.758665820449e-05
1.753983695733e-05
1.750876570737e-05
1.750842252704e-05
1.748826472028e-05
1.744842686367e-05
1.740931835784e-05
1.737170562487e-05
1.728042037912e-05
1.727665286825e-05
1.723976432825e-05
1.723627232288e-05
1.719885698354e-05
1.715616809859e-05
1.713071087560e-05
1.709963210039e-05
1.709742033128e-05
1.705406908832e-05
1.702975913043e-05
1.699019600994e-05
1.698539289833e-05
1.690187222781e-05
1.682316170405e-05
1.681831798793e-05
1.671818608337e-05
1.667225195322e-05
1.666543181790e-05
1.652336904968e-05
1.651098688866e-05
1.650285099954e-05
1.643684620717e-05
1.641853432963e-05
1.631555793664e-05
1.623117924880e-05
1.621967307471e-05
1.621332542350e-05
1.617958033137e-05
1.616981303972e-05
1.612628991911e-05
1.612314019378e-05
1.608963489186e-05
1.608285288219e-05
1.607591501367e-05
1.602316325632e-05
1.596669408801e-05
1.595019086962e-05
1.591393951486e-05
1.586947104392e-05
1.585330051246e-05
1.582998973119e-05
1.581535943634e-05
1.572519812587e-05
1.567671811492e-05
1.566414128640e-05
1.565994414493e-05
1.563880821611e-05
1.560866593736e-05
1.559268265581e-05
1.558710548303e-05
1.552537239729e-05
1.544983458984e-05
1.543434300352e-05
1.539083179859e-05
1.534640321179e-05
1.530968296080e-05
1.530063000498e-05
1.522215849025e-05
1.518877320629e-05
1.514807673909e-05
1.513332256628e-05
1.510296635595e-05
1.509893727761e-05
1.509384893923e-05
1.502842625007e-05
1.501705500247e-05
1.497213450881e-05
1.491278757214e-05
1.487721554453e-05
1.485489957898e-05
1.485024489876e-05
1.483724455492e-05
1.481526961596e-05
1.480743117202e-05
1.479709405222e-05
1.474109406366e-05
1.473933788755e-05
1.467706898996e-05
1.465140045331e-05
1.464129178238e-05
1.463215734575e-05
1.456635029781e-05
1.452009968846e-05
1.449167008849e-05
1.447235104138e-05
1.445548625520e-05
1.438308604350e-05
1.434972106557e-05
1.430189622468e-05
1.429124742424e-05
1.428247684427e-05
1.424568139523e-05
1.424274692771e-05
1.421002830906e-05
1.418593441525e-05
1.416828023239e-05
1.412223923311e-05
1.410868414532e-05
1.403633969858e-05
1.403244109937e-05
1.402854317948e-05
1.396701530104e-05
1.393499687473e-05
1.389675173669e-05
1.388715106833e-05
1.388421536074e-05
1.385981912745e-05
1.377209120065e-05
1.372684762002e-05
1.371460452921e-05
1.366830962145e-05
1.365483727400e-05
1.351007577523e-05
1.348744741872e-05
1.344528029665e-05
1.343159948664e-05
1.342285033165e-05
1.341273581370e-05
1.336393023782e-05
1.336151269392e-05
1.335430516399e-05
1.332084538008e-05
1.327145715123e-05
1.321037586754e-05
1.317442601281e-05
1.316239380250e-05
1.314366990427e-05
1.314361608609e-05
1.313773128482e-05
1.312395726093e-05
1.301230789679e-05
1.300242643749e-05
1.299200075513e-05
1.296825945354e-05
1.295155000722e-05
1.290431312588e-05
1.288473655788e-05
1.288406564767e-05
1.274985521362e-05
1.273561394859e-05
1.271000673411e-05
1.270640637058e-05
1.268310265522e-05
1.267264863307e-05
1.263501807278e-05
1.263321610267e-05
1.259231831678e-05
1.258552046019e-05
1.257595449038e-05
1.248069520489e-05
1.245400908642e-05
1.242614445124e-05
1.240739619522e-05
1.240398043974e-05
1.238793465281e-05
1.237351630948e-05
1.232578707922e-05
1.231642195616e-05
1.228388923486e-05
1.226939566141e-05
1.226489556116e-05
1.221803973659e-05
1.221542230483e-05
1.221143645023e-05
1.221093370557e-05
1.214104474009e-05
1.211311129162e-05
1.210824330837e-05
1.210209124758e-05
1.207244450931e-05
1.202171275893e-05
1.200923800715e-05
1.200527933992e-05
1.200447192327e-05
1.198154542725e-05
1.191233292216e-05
1.186997436156e-05
1.185304238513e-05
1.178105965038e-05
1.177984233206e-05
1.177470773715e-05
1.176256722066e-05
1.171480952699e-05
1.166530322103e-05
1.161937855069e-05
1.158935646501e-05
1.158170063195e-05
1.154998416531e-05
1.152653255553e-05
1.149218083277e-05
1.147261101105e-05
1.140911597775e-05
1.139833276731e-05
1.137070550538e-05
1.135214723208e-05
1.135135680603e-05
1.125734087918e-05
1.123925054942e-05
1.123157978925e-05
1.122774937720e-05
1.122040074533e-05
1.119635847513e-05
1.118121325789e-05
1.116860226810e-05
1.116187747671e-05
1.113536035579e-05
1.112811803220e-05
1.111627207253e-05
1.107458173608e-05
1.104971800664e-05
1.102673804155e-05
1.102373997817e-05
1.097286246733e-05
1.095602337602e-05
1.091574604699e-05
1.090549563170e-05
1.084860720810e-05
1.082024827420e-05
1.081198013919e-05
1.079892913661e-05
1.079495479117e-05
1.072481769772e-05
1.071553748714e-05
1.070037171239e-05
1.069393945279e-05
1.065654000728e-05
1.063936879791e-05
1.061989102619e-05
1.060816875097e-05
1.052854535506e-05
1.051958923008e-05
1.049553455784e-05
1.040914182648e-05
1.039906957944e-05
1.037338466898e-05
1.034676599055e-05
1.028190775411e-05
1.025111726739e-05
1.023036241706e-05
1.022949166586e-05
1.019875430989e-05
1.019646177920e-05
1.013695178127e-05
1.012167122389e-05
1.005683420855e-05
1.005126041568e-05
1.003929754271e-05
1.003589374457e-05
9.972101316892e-06
9.958424712099e-06
9.928190060174e-06
9.864595105248e-06
9.848655546912e-06
9.843442776113e-06
9.824363694399e-06
9.765071443152e-06
9.744813980174e-06
9.727847985995e-06
9.704244317445e-06
9.668823404668e-06
9.666129133953e-06
9.629907679582e-06
9.601495208961e-06
9.590694456451e-06
9.579311340051e-06
9.551394479774e-06
9.514981971916e-06
9.494416706090e-06
9.492401426194e-06
9.443971192177e-06
9.416302260470e-06
9.398659791344e-06
9.383310033059e-06
9.363874749375e-06
9.358835356257e-06
9.319404111690e-06
9.307899915205e-06
9.286735533368e-06
9.262742375678e-06
9.258817138271e-06
9.212463641654e-06
9.186944356932e-06
9.182668113769e-06
9.170823088304e-06
9.160687949685e-06
9.123901560172e-06
9.042141900161e-06
8.999956066251e-06
8.970615947117e-06
8.911557333082e-06
8.795949468180e-06
8.771743728321e-06
8.754205539756e-06
8.749035760743e-06
8.748551547550e-06
8.745966957155e-06
8.737678559075e-06
8.721129307928e-06
8.688331291152e-06
8.682718580404e-06
8.681380914733e-06
8.651495540268e-06
8.648954463377e-06
8.644297129085e-06
8.642167961124e-06
8.524393070124e-06
8.510757298106e-06
8.487302175165e-06
8.481455506397e-06
8.470873079014e-06
8.419994520018e-06
8.403477982981e-06
8.306732952495e-06
8.275816234188e-06
8.271132785402e-06
8.219050189867e-06
8.215809318967e-06
8.200445434261e-06
8.168483781677e-06
8.163701721376e-06
8.119259379452e-06
8.096513232313e-06
8.096147257165e-06
8.091200179200e-06
8.087260749487e-06
8.084541686270e-06
8.034833951331e-06
8.017920439445e-06
8.010727296525e-06
8.001745551286e-06
7.988613068120e-06
7.985879992433e-06
7.936816819133e-06
7.837069060266e-06
7.793438973318e-06
7.785237391422e-06
7.785174415867e-06
7.749231818869e-06
7.725401020944e-06
7.720100190386e-06
7.665614255505e-06
7.656456520847e-06
7.632676603154e-06
7.609204762118e-06
7.601378337032e-06
7.573447891521e-06
7.557474210359e-06
7.549530536879e-06
7.524670047735e-06
7.490113865788e-06
7.455036116168e-06
7.448973623663e-06
7.436930681828e-06
7.410554567376e-06
7.407720271735e-06
7.406054669568e-06
7.404470586979e-06
7.266049156727e-06
7.240461152315e-06
7.238084482227e-06
7.205882232718e-06
7.202712384468e-06
7.202000727168e-06
7.189578819149e-06
7.174816560453e-06
7.132660882550e-06
7.097928988588e-06
7.087524485623e-06
7.066432196240e-06
7.054384305598e-06
6.999680333568e-06
6.992514753301e-06
6.951171205572e-06
6.934331357493e-06
6.928649554449e-06
6.904744751416e-06
6.868223225184e-06
6.823252933173e-06
6.818174678781e-06
6.794132919028e-06
6.756748726944e-06
6.714393009714e-06
6.681590319063e-06
6.678785086814e-06
6.662059136367e-06
6.660969917194e-06
6.648981203881e-06
6.626271409094e-06
6.599214738198e-06
6.576299536971e-06
6.557799425854e-06
6.543714924294e-06
6.533429366200e-06
6.482029395005e-06
6.465298339613e-06
6.455761330175e-06
6.443138597222e-06
6.397802184816e-06
6.325351313347e-06
6.292257125099e-06
6.259410729034e-06
6.256742607556e-06
6.251904897471e-06
6.233164177467e-06
6.226958566137e-06
6.225369578871e-06
6.190244775610e-06
6.145580040051e-06
6.142426134621e-06
6.122205261130e-06
6.081391766298e-06
6.075207092896e-06
6.048101789794e-06
5.992715848398e-06
5.989727942387e-06
5.969632164312e-06
5.963249405132e-06
5.890202601728e-06
5.875294787095e-06
5.868048038682e-06
5.847380807069e-06
5.795050702828e-06
5.748937734563e-06
5.731544981560e-06
5.679509117777e-06
5.649981037253e-06
5.641530305366e-06
5.624426701076e-06
5.613908142858e-06
5.595145577541e-06
5.569909947690e-06
5.550950680801e-06
5.545335371744e-06
5.477753778868e-06
5.466654778257e-06
5.460444549953e-06
5.460292460704e-06
5.422076286424e-06
5.368500671206e-06
5.349393443375e-06
5.323529715161e-06
5.279493245204e-06
5.271331134815e-06
5.253939985396e-06
5.212837162207e-06
5.210549991386e-06
5.187086622766e-06
5.170972482094e-06
5.167451772860e-06
5.153001985085e-06
5.136867147246e-06
5.119037352250e-06
5.117313180899e-06
4.987133116842e-06
4.987060354297e-06
4.928569787522e-06
4.919191370431e-06
4.913536913152e-06
4.907958815007e-06
4.879535515518e-06
4.858859442609e-06
4.799203584706e-06
4.713665509013e-06
4.705336139444e-06
4.694545762498e-06
4.693224433079e-06
4.671484333975e-06
4.669303189178e-06
4.658136425832e-06
4.637627135201e-06
4.633932056067e-06
4.592677338675e-06
4.566535261982e-06
4.545371650221e-06
4.464432095559e-06
4.449565486394e-06
4.429439625043e-06
4.392780018531e-06
4.375372932055e-06
4.346543473560e-06
4.324622265483e-06
4.270217705656e-06
4.263284142910e-06
4.245510182169e-06
4.179217684617e-06
4.168567973930e-06
4.152315139442e-06
4.112041854361e-06
4.090073221366e-06
4.054797827331e-06
4.045392667188e-06
4.041625993412e-06
4.017747962906e-06
3.972762539973e-06
3.878149373770e-06
3.832120497315e-06
3.766081388104e-06
3.739751047553e-06
3.733126112295e-06
3.724930207538e-06
3.721785387089e-06
3.654694944946e-06
3.653490230352e-06
3.646371231865e-06
3.608926177106e-06
3.608137503046e-06
3.596268622229e-06
3.576906434277e-06
3.482687583662e-06
3.481846588662e-06
3.480609194297e-06
3.409256398659e-06
3.381132070960e-06
3.377605448094e-06
3.357359564182e-06
3.331657291638e-06
3.317306181689e-06
3.309966780257e-06
3.273834854854e-06
3.266885306791e-06
3.250468947820e-06
3.217206724734e-06
3.201049305996e-06
3.106440066522e-06
3.045342882188e-06
3.022607354558e-06
3.003407015598e-06
2.999506395328e-06
2.928167423920e-06
2.894663599960e-06
2.866423550032e-06
2.860141631643e-06
2.803911638028e-06
2.799143219889e-06
2.782662851312e-06
2.733986900719e-06
2.728987485460e-06
2.707785389580e-06
2.703398390432e-06
2.697319850275e-06
2.657577973970e-06
2.648923197265e-06
2.629494699417e-06
2.597912960842e-06
2.550008954778e-06
2.480289239389e-06
2.448015367574e-06
2.404793230344e-06
2.334635123987e-06
2.322194382753e-06
2.239787632442e-06
2.234512121480e-06
2.213882891747e-06
2.191312948344e-06
2.188754986097e-06
2.182204330235e-06
2.119101244545e-06
2.097607612276e-06
2.056208374581e-06
2.023010120277e-06
2.015747947917e-06
2.014961502089e-06
2.006702079521e-06
1.973937812736e-06
1.944706651755e-06
1.849166114129e-06
1.824430919640e-06
1.815914728315e-06
1.774338551414e-06
1.736491664206e-06
1.729755146963e-06
1.729175676319e-06
1.707784118655e-06
1.688505605488e-06
1.684111324839e-06
1.638897681738e-06
1.578106044039e-06
1.557728906041e-06
1.544662104450e-06
1.539141605174e-06
1.529306282161e-06
1.458425197768e-06
1.386188453701e-06
1.372100722163e-06
1.371733116952e-06
1.366763272424e-06
1.314747651706e-06
1.277770731870e-06
1.266754593640e-06
1.257866798686e-06
1.242941194160e-06
1.205771391078e-06
1.133774241037e-06
1.106515880436e-06
1.088512803657e-06
1.029789995937e-06
9.857310063737e-07
9.821069242633e-07
9.265027959457e-07
9.068757221069e-07
9.061838070285e-07
8.417975831948e-07
8.322233832348e-07
7.915626695270e-07
7.855201090278e-07
7.691464935030e-07
7.435337050939e-07
6.085385540791e-07
5.855003107237e-07
5.852309184918e-07
5.801287705045e-07
5.330941615324e-07
5.271065342960e-07
5.052417711857e-07
4.892173523390e-07
4.083037762462e-07
3.922525740216e-07
3.734733886822e-07
3.644242572902e-07
3.319692348044e-07
3.259404073985e-07
3.113870236161e-07
3.068425792600e-07
2.626753529062e-07
2.546007237110e-07
2.512031356837e-07
2.434489687411e-07
2.130399702998e-07
1.924701188439e-07
1.808305499199e-07
1.617388323108e-07
1.362670037584e-07
1.168350213512e-07
2.744247571919e-08
2.662233389915e-08
