#lambda_0=6.066839731121e-01
1.000000000000e+00
4.743399434523e-01
4.743390117573e-01
4.743389722407e-01
4.743381320461e-01
1.445087103517e-01
1.442917107902e-01
1.381752280525e-01
1.381752001547e-01
1.381196790140e-01
1.381196372029e-01
1.367516499597e-01
1.345800111077e-01
1.345730541297e-01
1.287001237029e-01
1.286948364951e-01
5.924089697166e-02
5.924088734957e-02
5.924031414277e-02
5.924026978755e-02
5.921606349142e-02
5.921602953407e-02
5.921515457597e-02
5.921514020399e-02
4.223184682935e-02
4.223174464326e-02
3.223857568949e-02
3.223856748748e-02
3.207834334514e-02
3.207833650850e-02
2.812730540436e-02
2.812696577653e-02
2.812215207061e-02
2.812179164737e-02
2.538584253607e-02
2.538557777439e-02
2.538538813424e-02
2.538506427757e-02
2.474810753920e-02
2.474800649074e-02
2.474799181427e-02
2.474798412730e-02
2.425129807835e-02
2.425102305141e-02
2.424882732431e-02
2.424881984838e-02
2.211207861881e-02
2.196826643747e-02
2.148661532309e-02
2.136912851361e-02
2.136907416301e-02
2.136841358604e-02
2.136356344071e-02
2.032843287536e-02
2.032739058507e-02
2.017522398664e-02
2.017444809820e-02
1.870894014195e-02
1.870729739795e-02
1.842739650977e-02
1.803030319477e-02
1.801699169675e-02
1.801644803260e-02
1.801513661493e-02
1.800444606294e-02
1.702947401425e-02
8.010846424521e-03
7.645488893096e-03
7.645404640859e-03
7.496931003186e-03
7.496415726194e-03
7.496358643907e-03
7.264195034670e-03
7.115369228839e-03
7.114903519183e-03
6.919582177930e-03
6.919554630444e-03
6.919546745650e-03
6.919445544368e-03
5.679448193851e-03
5.679446068013e-03
4.357270386616e-03
4.357024311453e-03
4.341060672720e-03
4.340851349081e-03
3.865954890618e-03
3.865855097571e-03
3.865846913682e-03
3.865780788035e-03
3.842646685945e-03
3.842561126619e-03
3.842533630608e-03
3.842492740212e-03
2.964607451421e-03
2.952555011540e-03
2.327958936100e-03
2.327853789611e-03
2.327590316916e-03
2.327040189735e-03
2.285073088702e-03
2.284918957779e-03
2.284816031489e-03
2.283189767088e-03
2.111894722628e-03
2.111868672412e-03
2.111859395558e-03
2.111813796780e-03
2.104792863017e-03
2.104709959079e-03
2.104698545117e-03
2.104595990119e-03
2.000701550269e-03
1.553160485921e-03
1.553153961575e-03
1.549695095218e-03
1.549691111030e-03
1.312762354862e-03
1.213723681321e-03
1.206397376758e-03
1.205393134919e-03
1.205375106201e-03
1.201754138799e-03
1.189174642433e-03
1.189142806802e-03
1.188034412935e-03
1.187999210056e-03
1.179350195773e-03
1.142181965761e-03
1.097429633611e-03
1.097392909921e-03
1.032905702856e-03
1.032554483054e-03
8.583066983121e-04
8.583042676547e-04
8.574930585439e-04
8.574709412539e-04
6.919644809681e-04
6.915611860320e-04
6.133832868413e-04
5.759822915754e-04
5.758687750258e-04
5.757642233288e-04
5.757146729546e-04
5.677961775713e-04
5.481311164714e-04
5.480837850667e-04
5.423160794996e-04
5.422835261647e-04
5.421406873473e-04
5.421156275355e-04
4.985821014444e-04
4.749242669778e-04
4.747044606332e-04
4.746677123729e-04
4.743469086953e-04
4.685104179982e-04
4.684257252005e-04
4.679756330474e-04
4.667719464966e-04
4.638082594645e-04
4.637596878103e-04
4.632268898375e-04
4.630622941879e-04
4.542689235262e-04
4.542663196009e-04
4.542570607680e-04
4.540161695616e-04
4.456631999998e-04
4.438438371309e-04
4.256777232977e-04
4.255687401543e-04
4.253203273734e-04
4.237382104154e-04
4.071600075397e-04
4.069481871000e-04
4.068612397966e-04
4.057745444380e-04
3.986109162059e-04
3.340206491737e-04
3.311631940500e-04
3.308138463992e-04
3.305975562333e-04
3.301051235923e-04
3.272895150760e-04
3.265218193607e-04
3.192777098109e-04
3.091557370368e-04
2.967330080681e-04
2.934292263325e-04
2.853906720060e-04
2.582613386435e-04
2.578337803628e-04
2.549258268688e-04
2.535351417627e-04
2.519148571125e-04
2.503915844039e-04
2.498004833138e-04
2.494154615870e-04
2.493514113752e-04
2.482074887647e-04
2.430278781317e-04
2.421136426177e-04
2.407489529311e-04
2.406431675549e-04
2.379706341241e-04
2.375918577963e-04
2.370735293294e-04
2.323047404702e-04
2.315369924330e-04
2.311204317247e-04
2.309303728467e-04
2.307099405730e-04
2.303675088094e-04
2.299364722246e-04
2.294490277002e-04
2.278032913669e-04
2.266227934894e-04
2.263525947235e-04
2.260962201755e-04
2.258446561702e-04
2.257719613239e-04
2.220801909560e-04
2.211377501481e-04
2.209511398800e-04
2.200872758972e-04
2.200450425550e-04
2.188559974453e-04
2.185986077864e-04
2.179456895621e-04
1.999787643294e-04
1.946142107312e-04
1.928968012043e-04
1.914033752732e-04
1.907869235405e-04
1.894309891448e-04
1.860075696010e-04
1.847581340109e-04
1.801067249602e-04
1.796787237777e-04
1.788712110744e-04
1.786971550172e-04
1.751113133748e-04
1.715877953230e-04
1.662282490151e-04
1.634088388213e-04
1.633117769399e-04
1.632948618728e-04
1.631959775552e-04
1.551085778956e-04
1.458213026677e-04
1.443724792520e-04
1.392864224449e-04
1.272905191932e-04
1.207660570757e-04
1.206876198183e-04
1.202807165680e-04
1.199874256731e-04
1.139535776259e-04
1.138395086150e-04
1.129441509306e-04
1.109438016161e-04
1.105344730617e-04
1.064110430146e-04
1.058301434930e-04
9.592348771492e-05
9.556161193410e-05
9.212423127947e-05
9.173478962577e-05
9.173062755637e-05
8.756083400479e-05
8.701453958493e-05
8.659958325242e-05
8.534609098768e-05
8.482676966670e-05
7.061952748651e-05
6.981951349964e-05
6.968836723051e-05
6.962106895174e-05
6.725138468411e-05
6.595298033900e-05
6.589084661261e-05
6.582530268209e-05
5.752180520542e-05
5.712580495479e-05
5.511394440762e-05
5.501949097004e-05
5.499095459457e-05
5.492334332978e-05
5.450375798213e-05
5.443638638079e-05
5.443166671326e-05
5.428753109463e-05
5.330605795217e-05
5.319094902499e-05
5.309203701452e-05
5.290125145739e-05
5.252610697340e-05
5.161792031757e-05
5.161727405264e-05
5.143540454966e-05
4.908719591292e-05
4.877624882865e-05
4.845678724891e-05
4.833587907120e-05
4.794254617462e-05
4.577788824619e-05
4.570329302441e-05
4.475633233349e-05
4.473883970403e-05
4.459995677093e-05
4.367128257464e-05
4.361854837120e-05
4.337253671729e-05
4.298946051955e-05
4.251239988003e-05
4.180059489158e-05
4.146044646299e-05
4.103103466837e-05
4.042867358993e-05
4.033602769977e-05
3.979093261208e-05
3.875138498034e-05
3.853099793920e-05
3.829113065576e-05
3.797854941644e-05
3.746024514883e-05
3.706850933337e-05
3.659355020923e-05
3.621567631958e-05
3.589147922252e-05
3.558615453219e-05
3.553210431815e-05
3.533933832835e-05
3.532692657066e-05
3.519939540192e-05
3.367206999697e-05
3.358572886406e-05
3.355668753729e-05
3.341108942653e-05
3.337041930982e-05
3.336038876516e-05
3.321756163820e-05
3.266503057760e-05
3.184265034433e-05
3.176683223992e-05
3.175911569887e-05
3.172617068008e-05
3.132079678610e-05
3.094651167226e-05
2.960611818041e-05
2.928296019006e-05
2.921962381270e-05
2.906801825654e-05
2.902274682226e-05
2.882349006236e-05
2.856826116999e-05
2.853598009645e-05
2.834712955378e-05
2.834618073818e-05
2.807306990685e-05
2.801085767986e-05
2.785617273811e-05
2.759843777293e-05
2.745514747589e-05
2.727286149528e-05
2.710468942839e-05
2.702591538049e-05
2.698982562532e-05
2.677906400281e-05
2.665016329150e-05
2.654794508797e-05
2.652525694260e-05
2.643330352047e-05
2.638914368505e-05
2.636640280456e-05
2.592636908605e-05
2.591330065742e-05
2.569922166366e-05
2.555802114241e-05
2.544023343857e-05
2.535647099055e-05
2.522359235744e-05
2.516246661433e-05
2.514415262654e-05
2.507788402482e-05
2.497299382337e-05
2.494813132888e-05
2.480945855703e-05
2.480038702987e-05
2.463178661300e-05
2.462022354938e-05
2.454724690950e-05
2.451623423598e-05
2.427992016498e-05
2.427895562497e-05
2.408966975929e-05
2.389939472702e-05
2.387130673646e-05
2.385576951624e-05
2.385100878884e-05
2.371032667453e-05
2.368051187920e-05
2.355730109380e-05
2.344920540101e-05
2.342069179291e-05
2.326862990253e-05
2.325360231768e-05
2.317546203850e-05
2.315206497986e-05
2.300434728380e-05
2.300044637309e-05
2.293932380961e-05
2.205477849940e-05
2.202063116038e-05
2.200155906742e-05
2.181902223909e-05
2.181645444800e-05
2.166104391165e-05
2.163920425132e-05
2.131876403320e-05
2.127249524231e-05
2.097416050197e-05
2.086779383578e-05
2.085604198965e-05
2.080276839098e-05
2.076416635483e-05
2.060062850158e-05
2.045389712178e-05
2.015612924220e-05
2.014368560827e-05
2.005150727735e-05
1.933649219921e-05
1.926222394031e-05
1.912349447443e-05
1.897990118987e-05
1.870899678089e-05
1.858928041152e-05
1.748245684207e-05
1.744201978186e-05
1.681374552341e-05
1.669907526489e-05
1.660638051474e-05
1.576309924773e-05
1.531522002778e-05
1.517299208112e-05
1.515528050597e-05
1.416723815021e-05
1.398075992343e-05
1.397628167512e-05
1.360096359414e-05
1.310515883620e-05
1.277221296960e-05
1.272762685958e-05
1.263733320251e-05
1.263676869797e-05
1.259505357383e-05
1.258799568197e-05
1.159618484282e-05
1.157065644584e-05
1.132055868128e-05
1.106058953419e-05
1.092172118894e-05
1.079051132880e-05
1.011653370331e-05
9.874127885627e-06
9.755827981788e-06
8.815463898647e-06
8.415935223912e-06
8.400756830464e-06
8.354979835479e-06
8.263983614166e-06
8.214889975689e-06
8.120925615839e-06
8.112688448091e-06
8.014953451676e-06
7.868979496213e-06
7.773004660465e-06
7.524056994465e-06
7.466178821851e-06
7.424000491354e-06
7.033164082591e-06
6.852457279570e-06
6.570089663488e-06
6.526578171507e-06
6.483247957035e-06
6.255095631381e-06
6.253233009892e-06
6.134533503116e-06
6.079941945945e-06
6.034096129918e-06
5.967690226984e-06
5.931440978714e-06
5.911506586721e-06
5.815495896076e-06
5.783486208721e-06
5.775772115341e-06
5.696349748559e-06
5.678421184587e-06
5.587186004366e-06
5.566250608360e-06
5.544100857707e-06
5.497410896900e-06
5.485157950055e-06
5.477033572098e-06
5.399605942082e-06
5.398130162118e-06
5.343623917719e-06
5.332074592878e-06
5.292989814498e-06
5.278914136428e-06
5.260021575365e-06
5.226732725034e-06
5.198641543708e-06
5.175674547601e-06
5.166334299347e-06
5.098941476780e-06
5.094996791645e-06
5.091365095211e-06
5.083980906749e-06
5.011853108150e-06
4.963211990432e-06
4.931831579043e-06
4.925106994377e-06
4.902370434120e-06
4.895915127694e-06
4.882010558149e-06
4.836873110907e-06
4.830539693358e-06
4.808485664420e-06
4.800258908055e-06
4.799076609714e-06
4.797760909350e-06
4.792762604440e-06
4.751003337327e-06
4.729082211461e-06
4.728766221460e-06
4.726794181015e-06
4.698133192133e-06
4.695608157563e-06
4.692023448269e-06
4.652917452631e-06
4.643387221492e-06
4.619436720481e-06
4.613521045006e-06
4.606980932685e-06
4.596736103189e-06
4.594308253955e-06
4.536886269324e-06
4.484724509450e-06
4.474958644297e-06
4.470499550396e-06
4.469531465361e-06
4.463321712764e-06
4.416403901794e-06
4.403040263538e-06
4.375041767956e-06
4.332294028388e-06
4.322398766371e-06
4.315885735341e-06
4.310856548147e-06
4.280987295676e-06
4.270193473339e-06
4.257661654009e-06
4.254040005529e-06
4.251743898005e-06
4.241251378056e-06
4.213563047064e-06
4.137845249625e-06
4.129735842780e-06
4.128222324438e-06
4.119618380774e-06
4.105807001559e-06
4.105096491952e-06
4.054097587969e-06
4.044683034930e-06
4.024289935511e-06
3.989869820260e-06
3.982915665092e-06
3.982293965108e-06
3.976267369823e-06
3.975313212805e-06
3.965605059133e-06
3.958187573591e-06
3.924413811554e-06
3.918860874959e-06
3.870175930165e-06
3.822581354721e-06
3.801603705026e-06
3.796356594483e-06
3.768453352627e-06
3.763141013567e-06
3.729959291810e-06
3.706224933171e-06
3.694065137562e-06
3.692599908267e-06
3.691881130851e-06
3.683880838015e-06
3.681206092406e-06
3.679881866096e-06
3.658336430000e-06
3.641217579693e-06
3.627746142580e-06
3.585531203309e-06
3.572893267992e-06
3.566922072176e-06
3.539820628112e-06
3.532928806084e-06
3.523093869950e-06
3.516043745027e-06
3.397777596110e-06
3.387834811348e-06
3.383918165922e-06
3.377057626148e-06
3.351756898126e-06
3.304978373321e-06
3.285493320869e-06
3.238317086072e-06
3.222703211937e-06
3.214339161392e-06
3.210018605085e-06
3.184360727325e-06
3.094781410162e-06
3.074081421378e-06
3.058492653288e-06
3.018400520194e-06
2.975413419364e-06
2.969443308222e-06
2.889520173810e-06
2.869761496866e-06
2.861706401887e-06
2.842255892761e-06
2.823770568958e-06
2.821409381976e-06
2.809521309108e-06
2.803791166194e-06
2.801728507045e-06
2.779295202678e-06
2.755825390265e-06
2.735735368418e-06
2.727656189932e-06
2.718056625191e-06
2.675935419282e-06
2.651047961088e-06
2.649346667075e-06
2.629669161076e-06
2.601646611806e-06
2.585563561412e-06
2.546827344104e-06
2.544708791292e-06
2.542055269402e-06
2.535256216148e-06
2.528002178064e-06
2.519688998898e-06
2.500991116389e-06
2.494577753550e-06
2.492960458249e-06
2.476934864208e-06
2.443189826664e-06
2.442451335068e-06
2.426917394910e-06
2.421318192354e-06
2.399779670889e-06
2.396776914686e-06
2.390426252063e-06
2.379343919564e-06
2.368400364626e-06
2.360161290475e-06
2.349739083934e-06
2.347703946043e-06
2.343841193163e-06
2.333913942552e-06
2.327645472225e-06
2.325725885770e-06
2.309568293673e-06
2.308823867930e-06
2.302525836697e-06
2.297393095248e-06
2.288004986663e-06
2.286415411965e-06
2.276096341917e-06
2.270884788063e-06
2.269904802154e-06
2.269879055996e-06
2.268415150678e-06
2.266560057412e-06
2.249679458495e-06
2.246810145814e-06
2.235699936067e-06
2.229794635493e-06
2.224726128556e-06
2.210983382135e-06
2.209526339527e-06
2.195630739628e-06
2.195421934900e-06
2.193172907057e-06
2.187628886067e-06
2.172038791432e-06
2.154617454130e-06
2.154134028204e-06
2.133508968150e-06
2.126488712554e-06
2.117689042513e-06
2.112367912930e-06
2.094173069435e-06
2.092156753613e-06
2.091857803260e-06
2.087470082502e-06
2.086110442591e-06
2.058974942379e-06
2.054506314818e-06
2.029408911852e-06
2.023253505758e-06
2.022940929754e-06
2.014594370942e-06
2.014033970964e-06
2.006278779536e-06
1.981278040295e-06
1.968749151702e-06
1.967464771173e-06
1.921174328841e-06
1.904090038689e-06
1.892864322496e-06
1.879434054236e-06
1.858553357116e-06
1.845108975771e-06
1.840629432315e-06
1.832551493722e-06
1.823283583159e-06
1.783883209601e-06
1.764067039270e-06
1.750582735505e-06
1.730124436347e-06
1.718330447790e-06
1.717961009968e-06
1.682668628357e-06
1.665517910547e-06
1.659924591475e-06
1.639950582898e-06
1.617110079908e-06
1.616183280524e-06
1.585219121488e-06
1.583739950174e-06
1.564914326659e-06
1.546489043615e-06
1.542928429086e-06
1.537445905504e-06
1.519488734839e-06
1.511390361294e-06
1.509294876905e-06
1.505668730101e-06
1.502399608765e-06
1.499951550111e-06
1.477396281150e-06
1.475058047973e-06
1.465827285804e-06
1.463223614216e-06
1.442095713969e-06
1.429786714546e-06
1.415843638859e-06
1.410290443327e-06
1.408953146065e-06
1.404815773215e-06
1.393450688172e-06
1.391792479379e-06
1.389551469870e-06
1.386151659585e-06
1.378916454120e-06
1.375204473202e-06
1.374423283412e-06
1.362997934641e-06
1.360034297059e-06
1.359261072275e-06
1.353184741777e-06
1.350791821571e-06
1.346963071890e-06
1.345161186311e-06
1.338940387419e-06
1.321422093819e-06
1.320113635898e-06
1.309318375204e-06
1.308907322761e-06
1.296044470372e-06
1.291222066212e-06
1.276358191423e-06
1.276302025143e-06
1.275079081538e-06
1.259600653660e-06
1.258463311935e-06
1.255836396620e-06
1.250591706943e-06
1.241828162355e-06
1.236548964942e-06
1.236063355223e-06
1.227704262008e-06
1.212210920610e-06
1.210118026315e-06
1.201431656830e-06
1.195158240444e-06
1.185827040251e-06
1.173032675404e-06
1.172929162181e-06
1.169391618643e-06
1.166823947372e-06
1.163357314926e-06
1.150641398569e-06
1.148477438312e-06
1.128757902408e-06
1.123134788388e-06
1.118705705782e-06
1.117052912460e-06
1.110535557877e-06
1.109077828417e-06
1.107812726796e-06
1.105084116588e-06
1.081535458331e-06
1.072284584717e-06
1.068252458183e-06
1.067559408151e-06
1.047517346315e-06
1.040190424666e-06
1.030512004639e-06
1.027563411350e-06
1.027209060239e-06
1.025409181380e-06
1.024318015465e-06
1.021138385423e-06
1.013917897086e-06
1.004342936676e-06
9.869052202352e-07
9.845116935638e-07
9.794190491991e-07
9.744433711082e-07
9.739705506611e-07
9.736397988473e-07
9.727283365440e-07
9.673663823834e-07
9.591152693808e-07
9.558639969342e-07
9.542253603130e-07
9.504759612863e-07
9.481860646868e-07
9.418091079260e-07
9.390958485277e-07
9.360881441061e-07
9.301146806126e-07
9.217403235177e-07
9.141399890690e-07
9.118034416630e-07
9.076458509549e-07
9.055147594889e-07
9.035361512919e-07
9.033516128312e-07
9.021492956070e-07
9.006216021221e-07
8.979824385822e-07
8.967988829128e-07
8.947551100426e-07
8.854362300474e-07
8.804685280752e-07
8.765396075834e-07
8.705929110456e-07
8.704142655823e-07
8.691154599146e-07
8.685209522901e-07
8.644556574627e-07
8.621481751111e-07
8.540306684214e-07
8.516326768752e-07
8.497190696636e-07
8.489494331255e-07
8.482069512746e-07
8.444303482172e-07
8.414317983865e-07
8.413139424454e-07
8.408248016612e-07
8.379723568127e-07
8.310555152472e-07
8.302599243425e-07
8.300831959078e-07
8.291779088761e-07
8.269084622118e-07
8.213958088515e-07
8.171717043596e-07
8.170018589279e-07
8.155971697935e-07
8.154038210039e-07
8.085824413899e-07
8.079958023025e-07
8.053101067010e-07
8.031792082444e-07
8.027220406632e-07
7.884082457296e-07
7.854344567883e-07
7.825614393325e-07
7.807867585567e-07
7.796554547696e-07
7.758603955033e-07
7.748759155821e-07
7.710731707055e-07
7.687143661326e-07
7.635107935092e-07
7.602743152576e-07
7.561006718338e-07
7.494184877468e-07
7.457091611046e-07
7.437010215106e-07
7.415902586446e-07
7.351648836173e-07
7.279550668934e-07
7.265223485601e-07
7.166969440417e-07
7.126165500079e-07
7.078779279594e-07
7.078598254120e-07
7.049762440559e-07
7.000354309060e-07
6.929035837888e-07
6.900235917127e-07
6.849667738082e-07
6.793016718558e-07
6.756983151246e-07
6.752719833152e-07
6.748982678001e-07
6.741020713840e-07
6.737508555832e-07
6.690013409170e-07
6.687263731955e-07
6.646617044406e-07
6.611271309186e-07
6.598060968067e-07
6.581900044047e-07
6.498467636263e-07
6.491083381427e-07
6.475926904590e-07
6.411367679997e-07
6.402424327261e-07
6.374709277854e-07
6.364722040107e-07
6.339771444279e-07
6.267183124155e-07
6.202208148868e-07
6.121034039670e-07
6.095664808644e-07
6.064265131074e-07
5.934805589163e-07
5.904799708121e-07
5.903999246895e-07
5.902280186131e-07
5.891355166004e-07
5.889890031759e-07
5.868511891463e-07
5.798800315807e-07
5.781494897837e-07
5.685189830848e-07
5.564213405045e-07
5.546257561604e-07
5.502978523406e-07
5.490638141841e-07
5.481768537261e-07
5.432381036531e-07
5.431074979797e-07
5.423185201785e-07
5.395641690577e-07
5.356118812963e-07
5.343261828005e-07
5.337196565050e-07
5.318840502110e-07
5.252369780450e-07
5.246311153292e-07
5.237254574084e-07
5.188227789416e-07
5.188042070612e-07
5.074811468276e-07
5.069470448466e-07
5.059034297594e-07
5.047434799770e-07
5.017474925080e-07
4.996975306562e-07
4.990721058171e-07
4.977121363702e-07
4.952087353600e-07
4.894565011046e-07
4.862269953186e-07
4.859801910128e-07
4.850760433971e-07
4.787837171218e-07
4.782804483549e-07
4.773323320631e-07
4.765964320843e-07
4.704408570162e-07
4.688433844746e-07
4.666306144741e-07
4.660118787123e-07
4.657140104257e-07
4.620703384701e-07
4.607194609168e-07
4.594133724866e-07
4.592736824587e-07
4.568987750052e-07
4.546019062524e-07
4.545866249066e-07
4.545316013456e-07
4.540524029069e-07
4.534638057130e-07
4.510055077535e-07
4.509991567585e-07
4.508395026000e-07
4.456844351290e-07
4.453366657872e-07
4.440804357925e-07
4.299616496815e-07
4.286153708993e-07
4.248709756862e-07
4.231879536694e-07
4.228095117821e-07
4.200477474832e-07
4.189527404987e-07
4.156170511968e-07
4.130555934118e-07
4.110257225813e-07
4.080095281146e-07
4.062320811674e-07
4.057479867003e-07
4.051615579493e-07
3.985052882114e-07
3.982559299663e-07
3.978170503598e-07
3.968779545775e-07
3.948468666898e-07
3.932379613745e-07
3.925367019451e-07
3.905913560690e-07
3.849183355847e-07
3.791866374563e-07
3.789539739023e-07
3.781359186979e-07
3.735257502806e-07
3.717607087424e-07
3.711280211838e-07
3.687693865064e-07
3.681972100550e-07
3.666254624602e-07
3.608043708580e-07
3.587875238990e-07
3.586517538168e-07
3.553851806728e-07
3.533791740310e-07
3.519013484600e-07
3.474308933691e-07
3.452666709880e-07
3.439534286947e-07
3.439303565374e-07
3.420684627132e-07
3.354361529410e-07
3.333416597240e-07
3.325974218345e-07
3.299545840393e-07
3.265409736914e-07
3.258939035726e-07
3.254625427646e-07
3.236335324594e-07
3.233475877153e-07
3.216944905466e-07
3.213670284380e-07
3.188263020414e-07
3.179679818426e-07
3.156369022665e-07
3.155896032896e-07
3.147561002591e-07
3.133709282163e-07
3.132770578196e-07
3.098356222460e-07
3.095719472134e-07
3.072545937663e-07
3.055256513062e-07
3.048160146539e-07
3.032091507764e-07
3.026243459302e-07
3.018108696537e-07
3.001358598676e-07
2.987548246622e-07
2.967221220378e-07
2.961096877367e-07
2.887481653238e-07
2.884390673622e-07
2.865008951568e-07
2.841785281550e-07
2.812574524138e-07
2.801845215169e-07
2.776391107168e-07
2.772088835997e-07
2.759157496175e-07
2.757770733695e-07
2.744871055284e-07
2.738384052182e-07
2.728867648398e-07
2.726790556807e-07
2.719564972229e-07
2.703148650451e-07
2.699420799142e-07
2.688844473380e-07
2.675932666982e-07
2.669159069629e-07
2.646968183828e-07
2.629691813257e-07
2.628178020938e-07
2.607965831544e-07
2.605294855074e-07
2.586792810991e-07
2.579408768148e-07
2.576852100111e-07
2.576712537584e-07
2.570158638859e-07
2.558771197044e-07
2.553777403151e-07
2.542688242276e-07
2.542453134443e-07
2.535726939425e-07
2.528910432279e-07
2.522795869218e-07
2.518938332326e-07
2.513927446770e-07
2.510192569905e-07
2.504584900639e-07
2.501979610680e-07
2.501005197660e-07
2.494458248800e-07
2.494360425338e-07
2.483473846055e-07
2.480023443754e-07
2.475595499587e-07
2.472166485160e-07
2.454884621554e-07
2.444113994638e-07
2.441413652868e-07
2.439156946214e-07
2.430407776221e-07
2.428664432446e-07
2.428602826841e-07
2.413014725215e-07
2.412005589655e-07
2.403574651622e-07
2.396393664938e-07
2.380396501819e-07
2.374827744745e-07
2.373595632585e-07
2.373297666963e-07
2.370949236800e-07
2.370205260239e-07
2.360485681457e-07
2.332206564102e-07
2.331992773802e-07
2.318058953973e-07
2.305119230182e-07
2.303055269297e-07
2.299819379373e-07
2.278980690762e-07
2.276685867949e-07
2.275794655070e-07
2.265497872145e-07
2.255301289870e-07
2.245940796771e-07
2.242674749891e-07
2.238500734376e-07
2.238466138687e-07
2.233704162030e-07
2.215620754996e-07
2.212680863537e-07
2.201668896372e-07
2.200362501808e-07
2.199734366986e-07
2.193522441903e-07
2.186635573358e-07
2.174035350176e-07
2.171759594106e-07
2.166708107563e-07
2.161905030256e-07
2.153036528856e-07
2.152385744257e-07
2.139068913916e-07
2.138217232136e-07
2.137468650461e-07
2.132588656990e-07
2.129450637841e-07
2.118021188157e-07
2.103673199499e-07
2.101510330415e-07
2.087934405453e-07
2.082990566049e-07
2.078030569620e-07
2.074367024797e-07
2.071406944720e-07
2.070556283468e-07
2.061645750642e-07
2.048533993377e-07
2.046354350986e-07
2.043803576515e-07
2.039890630078e-07
2.021526861642e-07
1.999593203190e-07
1.995877144688e-07
1.991250434472e-07
1.977138094531e-07
1.975048263710e-07
1.968487755689e-07
1.944019097166e-07
1.942820210885e-07
1.942578686494e-07
1.941501165707e-07
1.932411994050e-07
1.913898087239e-07
1.904655161680e-07
1.900874077307e-07
1.895024090070e-07
1.892248214446e-07
1.890928810086e-07
1.890611174162e-07
1.866995652775e-07
1.850775571223e-07
1.845202016651e-07
1.844270087392e-07
1.841695949375e-07
1.825919243131e-07
1.824553211819e-07
1.807652133834e-07
1.804270229357e-07
1.774172613707e-07
1.765927187551e-07
1.764160628920e-07
1.736498006313e-07
1.729271457491e-07
1.705312584885e-07
1.698200357503e-07
1.696841811467e-07
1.695036491513e-07
1.675418241887e-07
1.672516353042e-07
1.670060730538e-07
1.669296185682e-07
1.666635686546e-07
1.662366417599e-07
1.658986741958e-07
1.651642743399e-07
1.642466656781e-07
1.641244489500e-07
1.638058984711e-07
1.630598097968e-07
1.621526840015e-07
1.617397943123e-07
1.612624721908e-07
1.608392641501e-07
1.608240748475e-07
1.590067353477e-07
1.577402569379e-07
1.563523643864e-07
1.562382362710e-07
1.554236585145e-07
1.545140204946e-07
1.543616119476e-07
1.533092604797e-07
1.518850731966e-07
1.517824669226e-07
1.502716555138e-07
1.502376777666e-07
1.502197989885e-07
1.494924413758e-07
1.492157082895e-07
1.483676240160e-07
1.475588372275e-07
1.475398024866e-07
1.469054746702e-07
1.467749851489e-07
1.466434568833e-07
1.463194579003e-07
1.455249189941e-07
1.450631328901e-07
1.450327798041e-07
1.443388994651e-07
1.433903153089e-07
1.424226213569e-07
1.420774597193e-07
1.419027226825e-07
1.417494639889e-07
1.411254004114e-07
1.408461425963e-07
1.391063519223e-07
1.388881802187e-07
1.385224562333e-07
1.383906916862e-07
1.383093675226e-07
1.369349497068e-07
1.368514380234e-07
1.361350031402e-07
1.359874974844e-07
1.358184676812e-07
1.351318937259e-07
1.349440244269e-07
1.347211137539e-07
1.344370521494e-07
1.340404163956e-07
1.334982896533e-07
1.332912917713e-07
1.303463228246e-07
1.298534389090e-07
1.291601766925e-07
1.290502728058e-07
1.290134581412e-07
1.286139074186e-07
1.273777948041e-07
1.272247773565e-07
1.270409256387e-07
1.266529770143e-07
1.260388968150e-07
1.254433576726e-07
1.245278712254e-07
1.244856743869e-07
1.244834357210e-07
1.242147644251e-07
1.238582724664e-07
1.237604933515e-07
1.235730789870e-07
1.233105684097e-07
1.232907662000e-07
1.228795069815e-07
1.216722217693e-07
1.212164512682e-07
1.211099562396e-07
1.210007187811e-07
1.201837990662e-07
1.198628525299e-07
1.197808269238e-07
1.196539480239e-07
1.181052922608e-07
1.180935136193e-07
1.180163604094e-07
1.179267262052e-07
1.177709401393e-07
1.174002054348e-07
1.169535853526e-07
1.164706825482e-07
1.164507320828e-07
1.158435365988e-07
1.148971964248e-07
1.144472731477e-07
1.137473680728e-07
1.136395493472e-07
1.131040520840e-07
1.129002707623e-07
1.128703709042e-07
1.123852332284e-07
1.121529725046e-07
1.118820380082e-07
1.107978436068e-07
1.107909472610e-07
1.106289090997e-07
1.105932905860e-07
1.105654411448e-07
1.102995628548e-07
1.095977218034e-07
1.093476488683e-07
1.093433199250e-07
1.093306639843e-07
1.093255837945e-07
1.087938693092e-07
1.086734874377e-07
1.073837393577e-07
1.070372946115e-07
1.067966665764e-07
1.066995777377e-07
1.066489867058e-07
1.066416619131e-07
1.062723772187e-07
1.053667515286e-07
1.052685884331e-07
1.046363978137e-07
1.045838571584e-07
1.037837162246e-07
1.034105734270e-07
1.032300679963e-07
1.032012887794e-07
1.029732320182e-07
1.025881227667e-07
1.023896161107e-07
1.021964772761e-07
1.016450001146e-07
1.013862837291e-07
1.012826998978e-07
1.011664930309e-07
1.010814554724e-07
1.009300258847e-07
1.008222650063e-07
1.007353648590e-07
1.005574829168e-07
1.005310970245e-07
1.004802819666e-07
9.987584114989e-08
9.937170371366e-08
9.925519339746e-08
9.907497299422e-08
9.906363573879e-08
9.841694893107e-08
9.815187775364e-08
9.813461715962e-08
9.806579236161e-08
9.798150956477e-08
9.789435324769e-08
9.774713364423e-08
9.769772298761e-08
9.754244899734e-08
9.751654180096e-08
9.695926133969e-08
9.671698091313e-08
9.648031974026e-08
9.642921612242e-08
9.640109608402e-08
9.602352108345e-08
9.597929419217e-08
9.596394380788e-08
9.590849612740e-08
9.568268863423e-08
9.534356452419e-08
9.524961249812e-08
9.522885664876e-08
9.511489431401e-08
9.450987209397e-08
9.448906547264e-08
9.440921453168e-08
9.437531379966e-08
9.430365816250e-08
9.384408274847e-08
9.372174087912e-08
9.292482228005e-08
9.274872122338e-08
9.266381258831e-08
9.193713074636e-08
9.189948540827e-08
9.179848647964e-08
9.153737293407e-08
9.123430396771e-08
9.109521725425e-08
9.052866801130e-08
9.044220616017e-08
9.033010735214e-08
8.990529848438e-08
8.972962743951e-08
8.915184197965e-08
8.911676542636e-08
8.901287410647e-08
8.851095977787e-08
8.849621733904e-08
8.796561154614e-08
8.790096192329e-08
8.782970167495e-08
8.778368186160e-08
8.754924907344e-08
8.741408959832e-08
8.672238615664e-08
8.622916605510e-08
8.618877847677e-08
8.603340088874e-08
8.583930243173e-08
8.533323687098e-08
8.524888735711e-08
8.476074232746e-08
8.386257443156e-08
8.379330067664e-08
8.331873443298e-08
8.313687483987e-08
8.310981919578e-08
8.267368800266e-08
8.234097090124e-08
8.217929091189e-08
8.184746136767e-08
8.172338364528e-08
8.164788236276e-08
8.158161296310e-08
8.104675402001e-08
8.099930876958e-08
8.089997890046e-08
8.007656047683e-08
8.003425010204e-08
7.990223796230e-08
7.930072671012e-08
7.909817122794e-08
7.903035490667e-08
7.902546523067e-08
7.867211082023e-08
7.805579571262e-08
7.787029192451e-08
7.761907288107e-08
7.728509387522e-08
7.700482937760e-08
7.671258497674e-08
7.650526947570e-08
7.627458377662e-08
7.571483807076e-08
7.555958309960e-08
7.554587967370e-08
7.545560408886e-08
7.544526267263e-08
7.511516220941e-08
7.406841410818e-08
7.367756325938e-08
7.365487949226e-08
7.362170174757e-08
7.338408781486e-08
7.323465060394e-08
7.321236326424e-08
7.300701626407e-08
7.216547197471e-08
7.199165508920e-08
7.175802653404e-08
7.155559771334e-08
7.143871997355e-08
7.127754880672e-08
7.064376520856e-08
7.063357015246e-08
7.045041864971e-08
7.013334559119e-08
6.986778079975e-08
6.986090079678e-08
6.977511711104e-08
6.969120230187e-08
6.922670864136e-08
6.900838071805e-08
6.890430539679e-08
6.879063728845e-08
6.862681139639e-08
6.843347559660e-08
6.836731525892e-08
6.794399454997e-08
6.794173337697e-08
6.778144872872e-08
6.696234716837e-08
6.685087221017e-08
6.657857616615e-08
6.648768050007e-08
6.633004041096e-08
6.632431681406e-08
6.602475690792e-08
6.588395963992e-08
6.516100283005e-08
6.497025336140e-08
6.471730036617e-08
6.444053540472e-08
6.433024400441e-08
6.405310847234e-08
6.393141747720e-08
6.350988859121e-08
6.325633527717e-08
6.319527473467e-08
6.284249726742e-08
6.280777590405e-08
6.257743830096e-08
6.246997248962e-08
6.245255190525e-08
6.179923612407e-08
6.159352543233e-08
6.137453955817e-08
6.105281912253e-08
6.057368825711e-08
6.054393314018e-08
6.052964526247e-08
6.030546732213e-08
6.028050171098e-08
6.024600927936e-08
5.994168280702e-08
5.988202601217e-08
5.987091350928e-08
5.984584148854e-08
5.950312742466e-08
5.896042356461e-08
5.854235931443e-08
5.851234923115e-08
5.849413789440e-08
5.840519516830e-08
5.835892920049e-08
5.831199431791e-08
5.793792791947e-08
5.763580962619e-08
5.756544461686e-08
5.756520751353e-08
5.740252661539e-08
5.729308250105e-08
5.721507290258e-08
5.707947606576e-08
5.668705987543e-08
5.662167850241e-08
5.647155631893e-08
5.558238039295e-08
5.535036253201e-08
5.524042642200e-08
5.493567675155e-08
5.477667536917e-08
5.465334700665e-08
5.440443956499e-08
5.435662100221e-08
5.415930260151e-08
5.282549703645e-08
5.264344735760e-08
5.246527374522e-08
5.231310844558e-08
5.168673097772e-08
5.167177967796e-08
5.152518575555e-08
5.136958987733e-08
5.108080498587e-08
5.053831444306e-08
5.049361611871e-08
5.040659186512e-08
5.033971320801e-08
5.005167868909e-08
4.973164535931e-08
4.956460868482e-08
4.903311489395e-08
4.875104269601e-08
4.867029160321e-08
4.820241774992e-08
4.809523580771e-08
4.801292295730e-08
4.797633126963e-08
4.778674905263e-08
4.748021885929e-08
4.713164335089e-08
4.682295058929e-08
4.679433889067e-08
4.675899959461e-08
4.667188176133e-08
4.638095143559e-08
4.631338230225e-08
4.625109024898e-08
4.622625177821e-08
4.596569880373e-08
4.586103863875e-08
4.555770561957e-08
4.554542559754e-08
4.520589689756e-08
4.508920681132e-08
4.496627219080e-08
4.464747752243e-08
4.458962881553e-08
4.439162894424e-08
4.429900850024e-08
4.411416380089e-08
4.376769706987e-08
4.369712898232e-08
4.357167274018e-08
4.353250368290e-08
4.333329112409e-08
4.309620030062e-08
4.304321280191e-08
4.294962567975e-08
4.276191203869e-08
4.272479444582e-08
4.264649593608e-08
4.250599891514e-08
4.245301366482e-08
4.238794194287e-08
4.228838773494e-08
4.214256101491e-08
4.212591746134e-08
4.182118721683e-08
4.158363704100e-08
4.158152539374e-08
4.148145885330e-08
4.135186343580e-08
4.093944490045e-08
4.076865132701e-08
4.064225895375e-08
4.051006671760e-08
4.049792609519e-08
4.044584886897e-08
4.025814165556e-08
3.995470041568e-08
3.979235552556e-08
3.970775729948e-08
3.962688858794e-08
3.956594420895e-08
3.953158209975e-08
3.945268346211e-08
3.944292556899e-08
3.906551327739e-08
3.882693173501e-08
3.865687040021e-08
3.857305011854e-08
3.851194578675e-08
3.841213732169e-08
3.815755578642e-08
3.807587272261e-08
3.803761478804e-08
3.747459329520e-08
3.745998692043e-08
3.735313735556e-08
3.711921239166e-08
3.673295208442e-08
3.666868560087e-08
3.638564243015e-08
3.631512070844e-08
3.630514469946e-08
3.620579046244e-08
3.591764298225e-08
3.579114922673e-08
3.529566184599e-08
3.518020751595e-08
3.516468572830e-08
3.490833859956e-08
3.485014241449e-08
3.466103076110e-08
3.457575720800e-08
3.451551353698e-08
3.423852068641e-08
3.415677434844e-08
3.414345246709e-08
3.397740694984e-08
3.387619221523e-08
3.377115085234e-08
3.374727336211e-08
3.371234335748e-08
3.346114937210e-08
3.331177747754e-08
3.311930405809e-08
3.301142090616e-08
3.294962514205e-08
3.284775791452e-08
3.255679282982e-08
3.227790568904e-08
3.223351434315e-08
3.202901922051e-08
3.195868075620e-08
3.188410714898e-08
3.175609657205e-08
3.164375689628e-08
3.151815729327e-08
3.149006650765e-08
3.145432300679e-08
3.135275637427e-08
3.132093310439e-08
3.128907307801e-08
3.116906043454e-08
3.100870137180e-08
3.097967369450e-08
3.089965308585e-08
3.085528977951e-08
3.071094527274e-08
3.054853573934e-08
3.051201162822e-08
3.043274759479e-08
3.039811474410e-08
3.032007310237e-08
3.031042667182e-08
3.024626482769e-08
3.013397402001e-08
2.998329326814e-08
2.971894643981e-08
2.964778222212e-08
2.963323634981e-08
2.956759430142e-08
2.952416018546e-08
2.930152940702e-08
2.927159359861e-08
2.900928007981e-08
2.888071032847e-08
2.884647084227e-08
2.883248853240e-08
2.859632133836e-08
2.855282900500e-08
2.850667734974e-08
2.844192089584e-08
2.844141355980e-08
2.836834632701e-08
2.819015156909e-08
2.815642479834e-08
2.805357661119e-08
2.797700538914e-08
2.779893364839e-08
2.767236982860e-08
2.739276252528e-08
2.738657017973e-08
2.729855866441e-08
2.719123309022e-08
2.718683004230e-08
2.700947715660e-08
2.696697650818e-08
2.682578078541e-08
2.665766709799e-08
2.665025595587e-08
2.656540483720e-08
2.653103025910e-08
2.649871054288e-08
2.644412913696e-08
2.634111181002e-08
2.633925298338e-08
2.632201636669e-08
2.631092169086e-08
2.614592326197e-08
2.596147970173e-08
2.592445141815e-08
2.588361187146e-08
2.570329036984e-08
2.542468621657e-08
2.536040500732e-08
2.534912733878e-08
2.530721220279e-08
2.516892376573e-08
2.485965672326e-08
2.485560504620e-08
2.485518597770e-08
2.484875562899e-08
2.482185123363e-08
2.448126106650e-08
2.445263797611e-08
2.442452480988e-08
2.414824650485e-08
2.400978344165e-08
2.398735433270e-08
2.396756383148e-08
2.394231003555e-08
2.393084040342e-08
2.386885441334e-08
2.383363023813e-08
2.377307378755e-08
2.362663228429e-08
2.358302386240e-08
2.353208439419e-08
2.340286098412e-08
2.333248455207e-08
2.332430890268e-08
2.329580761303e-08
2.314089533454e-08
2.309367870838e-08
2.308460044039e-08
2.305952871571e-08
2.293266996728e-08
2.290619933540e-08
2.280835329346e-08
2.278927467213e-08
2.266331966662e-08
2.253096789816e-08
2.242826359778e-08
2.234005377553e-08
2.228837402560e-08
2.228697303243e-08
2.224576038861e-08
2.220311989401e-08
2.206597749288e-08
2.204425141322e-08
2.197700389535e-08
2.193646220625e-08
2.188397614182e-08
2.179813849383e-08
2.178395086757e-08
2.173258910823e-08
2.173149253836e-08
2.138675567509e-08
2.133833687917e-08
2.131193083672e-08
2.129399928195e-08
2.128285459663e-08
2.126070889889e-08
2.119838496399e-08
2.098525501566e-08
2.094530183924e-08
2.094353095031e-08
2.091922162096e-08
2.086762518705e-08
2.084676019228e-08
2.078399922483e-08
2.074707105725e-08
2.067267356080e-08
2.059760727835e-08
2.053850698955e-08
2.044616431944e-08
2.028519046559e-08
2.021341935944e-08
2.005860124766e-08
2.003507731700e-08
1.997136160817e-08
1.988745091431e-08
1.979712699655e-08
1.972287360543e-08
1.971900367863e-08
1.971860021945e-08
1.971588425330e-08
1.965491907172e-08
1.951434757858e-08
1.947746727258e-08
1.943392248819e-08
1.935677739795e-08
1.932884457896e-08
1.920412007838e-08
1.915240900851e-08
1.908874008505e-08
1.908534294420e-08
1.904126802509e-08
1.903848784890e-08
1.889149156183e-08
1.887828039458e-08
1.884634428979e-08
1.879785294899e-08
1.878949598887e-08
1.874271499734e-08
1.862988712167e-08
1.858702954190e-08
1.858167602941e-08
1.856967346350e-08
1.852793394962e-08
1.848580052472e-08
1.842267592470e-08
1.839973351414e-08
1.832755988180e-08
1.829733525197e-08
1.829496984473e-08
1.828117391426e-08
1.819233060430e-08
1.805618220590e-08
1.803188670432e-08
1.791344383309e-08
1.785390591059e-08
1.782223712663e-08
1.779056456601e-08
1.776666382110e-08
1.774175962412e-08
1.771440606418e-08
1.769914556039e-08
1.762395227102e-08
1.759969057104e-08
1.755166401687e-08
1.751815538052e-08
1.742478221040e-08
1.735519981583e-08
1.726401591173e-08
1.721149178662e-08
1.708682334141e-08
1.707498023253e-08
1.707282122715e-08
1.705690630110e-08
1.705674773436e-08
1.704267503946e-08
1.702596343245e-08
1.700258729445e-08
1.696733088313e-08
1.684326993121e-08
1.674901764764e-08
1.668993061445e-08
1.668875883374e-08
1.660655971903e-08
1.659622197447e-08
1.655082940489e-08
1.654226854389e-08
1.641774558417e-08
1.636300926275e-08
1.635029560258e-08
1.634298730496e-08
1.633211776714e-08
1.629124534532e-08
1.627595886270e-08
1.625182468728e-08
1.621847282956e-08
1.621513613948e-08
1.605318478084e-08
1.603710793137e-08
1.602239114113e-08
1.600490655898e-08
1.596110993195e-08
1.595497373009e-08
1.590596132507e-08
1.584923739092e-08
1.582089208177e-08
1.579435638349e-08
1.577651952941e-08
1.575455235594e-08
1.562944476181e-08
1.559663533282e-08
1.554905439660e-08
1.554228515928e-08
1.554146673347e-08
1.550290928661e-08
1.546683145091e-08
1.544651848418e-08
1.542706159520e-08
1.540998949156e-08
1.528235618015e-08
1.524573226008e-08
1.522333270708e-08
1.521597694061e-08
1.515243733536e-08
1.513955000188e-08
1.509649953255e-08
1.507859060869e-08
1.505581885079e-08
1.501249356341e-08
1.501180856312e-08
1.495970027057e-08
1.494271252573e-08
1.486988863220e-08
1.486942857264e-08
1.485470858359e-08
1.481233316064e-08
1.479018130986e-08
1.471312812717e-08
1.468399601513e-08
1.467465582807e-08
1.466052851403e-08
1.461881904367e-08
1.459102248029e-08
1.459027023821e-08
1.455188043826e-08
1.448256060718e-08
1.446607542356e-08
1.441122101468e-08
1.437172257541e-08
1.431550120662e-08
1.429479099572e-08
1.427415401000e-08
1.423879363350e-08
1.419365096110e-08
1.418516270951e-08
1.417978884576e-08
1.416039977967e-08
1.410773513684e-08
1.407043669390e-08
1.404597767866e-08
1.402508372409e-08
1.401483429269e-08
1.397907405933e-08
1.397323937909e-08
1.382563821391e-08
1.378607706946e-08
1.374728961047e-08
1.370861723271e-08
1.369517300305e-08
1.368870237475e-08
1.368645876479e-08
1.363872068114e-08
1.361767027614e-08
1.357504954355e-08
1.355799447811e-08
1.355115716904e-08
1.353608380269e-08
1.339101147223e-08
1.338331389924e-08
1.335090477680e-08
1.334540465970e-08
1.329130111403e-08
1.328331609460e-08
1.326076766065e-08
1.322797417193e-08
1.321434354026e-08
1.320475142943e-08
1.319300104704e-08
1.308476639336e-08
1.307202018677e-08
1.307059434003e-08
1.306820448994e-08
1.305616544196e-08
1.296117585421e-08
1.293495803756e-08
1.288413311611e-08
1.283101796057e-08
1.281102596113e-08
1.280839742577e-08
1.278464812901e-08
1.266018840480e-08
1.264494851755e-08
1.261996554129e-08
1.261647311152e-08
1.259847085886e-08
1.254560700892e-08
1.248120638547e-08
1.248043081229e-08
1.245976784493e-08
1.245890989876e-08
1.240265191983e-08
1.236211434567e-08
1.233611448823e-08
1.232810144452e-08
1.230149717056e-08
1.224251177015e-08
1.223766368217e-08
1.221775412863e-08
1.220870058756e-08
1.216159205262e-08
1.212283393880e-08
1.205112724919e-08
1.204243989716e-08
1.204059116110e-08
1.202567057103e-08
1.196733084099e-08
1.196731638313e-08
1.196032899135e-08
1.193225417983e-08
1.192535842060e-08
1.189536528541e-08
1.186666750312e-08
1.182735248461e-08
1.177043918280e-08
1.175072166140e-08
1.169616303024e-08
1.166255479869e-08
1.160272989060e-08
1.159152861945e-08
1.156979097340e-08
1.153782159593e-08
1.153551356860e-08
1.153376259938e-08
1.152041155184e-08
1.144625117058e-08
1.143307473842e-08
1.134110058531e-08
1.133530517504e-08
1.130068917046e-08
1.128310039972e-08
1.125515479863e-08
1.124249484947e-08
1.121578991780e-08
1.120415922896e-08
1.113839996220e-08
1.108952252329e-08
1.108237116782e-08
1.108024953222e-08
1.101209604578e-08
1.094803766892e-08
1.094221197653e-08
1.092255704528e-08
1.091671149486e-08
1.090406588286e-08
1.089382140299e-08
1.088002675417e-08
1.085908943575e-08
1.083716802934e-08
1.082922791210e-08
1.080454612900e-08
1.066505057068e-08
1.060711664699e-08
1.059235976429e-08
1.058157993065e-08
1.057528757269e-08
1.052648502738e-08
1.048415027255e-08
1.039192937945e-08
1.037247371681e-08
1.036440921649e-08
1.035732870499e-08
1.031556918660e-08
1.029923652785e-08
1.029482840919e-08
1.026740027116e-08
1.025934737715e-08
1.023982582134e-08
1.022309634886e-08
1.021325943701e-08
1.018931907660e-08
1.018455653475e-08
1.014843859517e-08
1.014552391632e-08
1.010956316720e-08
1.010129479427e-08
1.008673049141e-08
1.002533196102e-08
9.988711790115e-09
9.968968214114e-09
9.944718996159e-09
9.921399057876e-09
9.906815880082e-09
9.883791210983e-09
9.880332196535e-09
9.865871887310e-09
9.852511398895e-09
9.830043582490e-09
9.802990330628e-09
9.751418740988e-09
9.750748833393e-09
9.651466780555e-09
9.639364806484e-09
9.624884141787e-09
9.615845171237e-09
9.614044562674e-09
9.556968519936e-09
9.551237888448e-09
9.516400428895e-09
9.514461237132e-09
9.469969370396e-09
9.465160991068e-09
9.454667148008e-09
9.454129654507e-09
9.448070464249e-09
9.373030083769e-09
9.371178814528e-09
9.355840780646e-09
9.312124263770e-09
9.252721302888e-09
9.249985943370e-09
9.247702151326e-09
9.245758687317e-09
9.225692455705e-09
9.208402860311e-09
9.205438857462e-09
9.168239181817e-09
9.093333947508e-09
9.087059251467e-09
9.033612654799e-09
9.025651772577e-09
9.000456322436e-09
8.999909946057e-09
8.984450815171e-09
8.970496852966e-09
8.942174128007e-09
8.904419448242e-09
8.885522470972e-09
8.852756953298e-09
8.850668363692e-09
8.839585358912e-09
8.809577785286e-09
8.792291466872e-09
8.782946894755e-09
8.767221011768e-09
8.753263716318e-09
8.730554407459e-09
8.720248186124e-09
8.713408727711e-09
8.693678235106e-09
8.676532088643e-09
8.615863697433e-09
8.609317246445e-09
8.608923649266e-09
8.588832918500e-09
8.578840008169e-09
8.529944674037e-09
8.522857283393e-09
8.516241685377e-09
8.427363487321e-09
8.424528454724e-09
8.400561471992e-09
8.400540475551e-09
8.377780077230e-09
8.374132866174e-09
8.366710965909e-09
8.343444831363e-09
8.336984161128e-09
8.319539989862e-09
8.300962172904e-09
8.222971849362e-09
8.209052212186e-09
8.202180846074e-09
8.173236681928e-09
8.167689420223e-09
8.162517899438e-09
8.141610379162e-09
8.134067399045e-09
8.100477581017e-09
8.090876136814e-09
8.077951446645e-09
8.064055735782e-09
8.051762877491e-09
8.051346917260e-09
8.039971116171e-09
7.965282785888e-09
7.949855628650e-09
7.947255322497e-09
7.933567016313e-09
7.932925486572e-09
7.926831136942e-09
7.876752617786e-09
7.846211924699e-09
7.839606815484e-09
7.833624195079e-09
7.820343670385e-09
7.819563076698e-09
7.806921451943e-09
7.767562161807e-09
7.750907115178e-09
7.743261257776e-09
7.728679790328e-09
7.727835650438e-09
7.711058954081e-09
7.682390152971e-09
7.677539557428e-09
7.649231977007e-09
7.648143935901e-09
7.623466831497e-09
7.617559913860e-09
7.603459651157e-09
7.601790289656e-09
7.594929651821e-09
7.585168992264e-09
7.534373018454e-09
7.514498831620e-09
7.497728376752e-09
7.465284459353e-09
7.428232521577e-09
7.390400119589e-09
7.389126379710e-09
7.381335951096e-09
7.366025908387e-09
7.352523909537e-09
7.350914813195e-09
7.330238540672e-09
7.319175389864e-09
7.314221681305e-09
7.298202075057e-09
7.294189191674e-09
7.287569126335e-09
7.256011163039e-09
7.241539419536e-09
7.237482461083e-09
7.222248563085e-09
7.216136480807e-09
7.174424373098e-09
7.156515941456e-09
7.127541171318e-09
7.106758677882e-09
7.101106695510e-09
7.090991941842e-09
7.079676978147e-09
7.077517860248e-09
7.031660617788e-09
7.021856521689e-09
7.014178481966e-09
7.000654464347e-09
6.994909073657e-09
6.963043895167e-09
6.957676811929e-09
6.945168907269e-09
6.928021572443e-09
6.917466333009e-09
6.911556274011e-09
6.909087411894e-09
6.901705986034e-09
6.895803927093e-09
6.894778096238e-09
6.886034686408e-09
6.858308692918e-09
6.851155733437e-09
6.843032948716e-09
6.834359852004e-09
6.825342965743e-09
6.802899021947e-09
6.800959933021e-09
6.786451502814e-09
6.776124964199e-09
6.762759848141e-09
6.736928215492e-09
6.728481740605e-09
6.722628944592e-09
6.691160026565e-09
6.688453294095e-09
6.662812821436e-09
6.651734024754e-09
6.629066567138e-09
6.606289983867e-09
6.605264728983e-09
6.593157319516e-09
6.583407072563e-09
6.582267405923e-09
6.548126642691e-09
6.542057490569e-09
6.528841354682e-09
6.522375376435e-09
6.513104698502e-09
6.506680392223e-09
6.481003857272e-09
6.470679810848e-09
6.465197114093e-09
6.451613294701e-09
6.436034652452e-09
6.417879165117e-09
6.417800093160e-09
6.374181962542e-09
6.359181378731e-09
6.356577802980e-09
6.346919371311e-09
6.310355330807e-09
6.307099207537e-09
6.282749983440e-09
6.272692609648e-09
6.268149005276e-09
6.256150522912e-09
6.225933687803e-09
6.213796202616e-09
6.197588287405e-09
6.136334358845e-09
6.135707655384e-09
6.131355293753e-09
6.111734250149e-09
6.098272586742e-09
6.086596228600e-09
6.061103743640e-09
6.047727886971e-09
6.042802994821e-09
6.042075027412e-09
6.040706434640e-09
6.039703875812e-09
5.984202360329e-09
5.981502689945e-09
5.965009743324e-09
5.953235179640e-09
5.944545031027e-09
5.943236608660e-09
5.932679399424e-09
5.896370916164e-09
5.883170528188e-09
5.860114802633e-09
5.857723605981e-09
5.851304116993e-09
5.840826288529e-09
5.801363579821e-09
5.771328549868e-09
5.764494276676e-09
5.763414003674e-09
5.757312739127e-09
5.751805440458e-09
5.748735946196e-09
5.712950595245e-09
5.690578302467e-09
5.690298047792e-09
5.681509483058e-09
5.663771620498e-09
5.648560723736e-09
5.646981429175e-09
5.638727229722e-09
5.634405270367e-09
5.633935134259e-09
5.603472143238e-09
5.594405469950e-09
5.567518337171e-09
5.562013083328e-09
5.505423011500e-09
5.493692680499e-09
5.490911887453e-09
5.485257691275e-09
5.480364356700e-09
5.479033484877e-09
5.474204922078e-09
5.472942974818e-09
5.432432301640e-09
5.406016502600e-09
5.403043494289e-09
5.397992356688e-09
5.391561517354e-09
5.371546940984e-09
5.323837979870e-09
5.323444724604e-09
5.318185073900e-09
5.313421210582e-09
5.312303361354e-09
5.299450251782e-09
5.256613004548e-09
5.256320677299e-09
5.252541852832e-09
5.239480902942e-09
5.223081636197e-09
5.220558048248e-09
5.206261823428e-09
5.202348845709e-09
5.179303543625e-09
5.172174053872e-09
5.168331837240e-09
5.147337896894e-09
5.142164274235e-09
5.137154272185e-09
5.113318444382e-09
5.087606894522e-09
5.078805594496e-09
5.067459835209e-09
5.067459610333e-09
5.060030781977e-09
5.046868309603e-09
5.034644596910e-09
5.028842346916e-09
5.023978432031e-09
5.007140437946e-09
4.989127918484e-09
4.979200571468e-09
4.976051361192e-09
4.974990472451e-09
4.931385868844e-09
4.923450031708e-09
4.922580102913e-09
4.921413584854e-09
4.902989778201e-09
4.893919582240e-09
4.893184483650e-09
4.872374417518e-09
4.870069168560e-09
4.864822850302e-09
4.837522067960e-09
4.836284090894e-09
4.828748691566e-09
4.818694569368e-09
4.795919086021e-09
4.790360363938e-09
4.765408445795e-09
4.761951208456e-09
4.757867125844e-09
4.757398436930e-09
4.754664903639e-09
4.752579123416e-09
4.741275702233e-09
4.709141959657e-09
4.686140183717e-09
4.676273200465e-09
4.668075641995e-09
4.662513536613e-09
4.654352740868e-09
4.650752231619e-09
4.645236061582e-09
4.642965786144e-09
4.625038699212e-09
4.599991868256e-09
4.592648553064e-09
4.575558880462e-09
4.550554301890e-09
4.542293028709e-09
4.528680983036e-09
4.513780522818e-09
4.484078381000e-09
4.476315886956e-09
4.469383338129e-09
4.463771383819e-09
4.419562683976e-09
4.410992014489e-09
4.410029210160e-09
4.407811574466e-09
4.400436375220e-09
4.392807434309e-09
4.390187707851e-09
4.361126819174e-09
4.351094678377e-09
4.327895966853e-09
4.323719307436e-09
4.312406833371e-09
4.301792999146e-09
4.295642324664e-09
4.292852738390e-09
4.283651327644e-09
4.276175554790e-09
4.274735407790e-09
4.274012291017e-09
4.263042315814e-09
4.248848155217e-09
4.242623272875e-09
4.242378183119e-09
4.228824244331e-09
4.206524228601e-09
4.200604754871e-09
4.193037895964e-09
4.182929407361e-09
4.155470760752e-09
4.150273159466e-09
4.136598094384e-09
4.132214666191e-09
4.113523594535e-09
4.102503651472e-09
4.097560370137e-09
4.090485029797e-09
4.060458138314e-09
4.058919520040e-09
4.056594675802e-09
4.043580758009e-09
4.035142450141e-09
4.030839076775e-09
4.027457952018e-09
4.022490813890e-09
4.022405128775e-09
4.015599702406e-09
3.991283136078e-09
3.988953256435e-09
3.970073050543e-09
3.963999074832e-09
3.948731269782e-09
3.945502874502e-09
3.933679966877e-09
3.903972165818e-09
3.876064023510e-09
3.864160320184e-09
3.860413601139e-09
3.844373924528e-09
3.835819522974e-09
3.834187973631e-09
3.826472475021e-09
3.819571323238e-09
3.806626718131e-09
3.803033871173e-09
3.799582141716e-09
3.799070718476e-09
3.792505704350e-09
3.788895002967e-09
3.778190048927e-09
3.769455643812e-09
3.759404909503e-09
3.758189620853e-09
3.731245425368e-09
3.731165720707e-09
3.728093399228e-09
3.703258753996e-09
3.690942916534e-09
3.674084300837e-09
3.673238884606e-09
3.650879456616e-09
3.646281829747e-09
3.643031914840e-09
3.623309054077e-09
3.621190909969e-09
3.620975671845e-09
3.603171122005e-09
3.590899335557e-09
3.575307409703e-09
3.553464472047e-09
3.551402935819e-09
3.546072822553e-09
3.520737009449e-09
3.514535630796e-09
3.512407813640e-09
3.490705017431e-09
3.487859983407e-09
3.479397144645e-09
3.460079675627e-09
3.458303458316e-09
3.456686471300e-09
3.442795946100e-09
3.427984004622e-09
3.415474749641e-09
3.411001368333e-09
3.409721193750e-09
3.392851527669e-09
3.392228978700e-09
3.391154832713e-09
3.367801660703e-09
3.347990923121e-09
3.340989339020e-09
3.334519328844e-09
3.333966615107e-09
3.316041301870e-09
3.315050365289e-09
3.315002548814e-09
3.298987464245e-09
3.287591437134e-09
3.281495302699e-09
3.263090769678e-09
3.252723960839e-09
3.244842747514e-09
3.239371747527e-09
3.224147213737e-09
3.200654137605e-09
3.193459805821e-09
3.181046155755e-09
3.180914061250e-09
3.178436473449e-09
3.160870937060e-09
3.160239032137e-09
3.149582706316e-09
3.142395957776e-09
3.140902691007e-09
3.134769799564e-09
3.107844561869e-09
3.103915114393e-09
3.103817798143e-09
3.092877200160e-09
3.092360479935e-09
3.083887035240e-09
3.082834327270e-09
3.052785565131e-09
3.047029772414e-09
3.029567015061e-09
3.022352926530e-09
3.009720875859e-09
3.003404111209e-09
3.002355217201e-09
2.990033307801e-09
2.987207748907e-09
2.981090738766e-09
2.976453552799e-09
2.969681681151e-09
2.963256165637e-09
2.929840996853e-09
2.928073912884e-09
2.927200143857e-09
2.911517434022e-09
2.909746782277e-09
2.905345627288e-09
2.900908069674e-09
2.893969138101e-09
2.881796496240e-09
2.878641457102e-09
2.878351605048e-09
2.866850648749e-09
2.866172693674e-09
2.854239089035e-09
2.847222504538e-09
2.844028518800e-09
2.842871694766e-09
2.840467463496e-09
2.829270520584e-09
2.819514087180e-09
2.816598200691e-09
2.806946599649e-09
2.802646101826e-09
2.781869299048e-09
2.777119043437e-09
2.776502363529e-09
2.776480927408e-09
2.763221261169e-09
2.758876604661e-09
2.757286045112e-09
2.752330312738e-09
2.748484187244e-09
2.736860508550e-09
2.726207152790e-09
2.708137687902e-09
2.702594474166e-09
2.699898614918e-09
2.697846319869e-09
2.696031590069e-09
2.686556857771e-09
2.679599259971e-09
2.669794476960e-09
2.667814257999e-09
2.657848726701e-09
2.652077360031e-09
2.637928265446e-09
2.636011812761e-09
2.633434324409e-09
2.624594901517e-09
2.619272745450e-09
2.618375749963e-09
2.597681074233e-09
2.596123483550e-09
2.591243755831e-09
2.583452378440e-09
2.582230172398e-09
2.581173688404e-09
2.580187284758e-09
2.576535305949e-09
2.564611196775e-09
2.564252222634e-09
2.562488768031e-09
2.534840417614e-09
2.527798895317e-09
2.526912164381e-09
2.517988267069e-09
2.515652432132e-09
2.514100762874e-09
2.493858978230e-09
2.485034793292e-09
2.481432643787e-09
2.478194225189e-09
2.469988596405e-09
2.461493334082e-09
2.458886361560e-09
2.455648416860e-09
2.440039754773e-09
2.437584189292e-09
2.433464796339e-09
2.430350708398e-09
2.422767491994e-09
2.412556825180e-09
2.411863496690e-09
2.411200808723e-09
2.403784054714e-09
2.398830247076e-09
2.381710185823e-09
2.364745478216e-09
2.363654077106e-09
2.362258672334e-09
2.359316673817e-09
2.357733339531e-09
2.354055025224e-09
2.353058129118e-09
2.345872972619e-09
2.316760243077e-09
2.304993480882e-09
2.300633792961e-09
2.299641654921e-09
2.282623578418e-09
2.280947537588e-09
2.278950602262e-09
2.278445876696e-09
2.270909833772e-09
2.261805824464e-09
2.256554787405e-09
2.256538099927e-09
2.251994394861e-09
2.250190686592e-09
2.240464409969e-09
2.240040351072e-09
2.233868095212e-09
2.233189294227e-09
2.231047227950e-09
2.229907053317e-09
2.224045536304e-09
2.220075501697e-09
2.214218395542e-09
2.200703045523e-09
2.198770347839e-09
2.194166547957e-09
2.189689959583e-09
2.176722001719e-09
2.175684298966e-09
2.169408674682e-09
2.168277899308e-09
2.163791954319e-09
2.163600209353e-09
2.152600896420e-09
2.142452041417e-09
2.138476694204e-09
2.132648623275e-09
2.131701652300e-09
2.118488786800e-09
2.118237111864e-09
2.113880129611e-09
2.113008665706e-09
2.110439438486e-09
2.099952486529e-09
2.096546443029e-09
2.092605241466e-09
2.084787283983e-09
2.074112268202e-09
2.056310210701e-09
2.055677893104e-09
2.048068945306e-09
2.047849881005e-09
2.045997616167e-09
2.026987511257e-09
2.026967781936e-09
2.012748183231e-09
2.011055531119e-09
2.010665424209e-09
2.003541405306e-09
2.002067393495e-09
1.991989357580e-09
1.981071228169e-09
1.975430174922e-09
1.973063837087e-09
1.967434044786e-09
1.965523358426e-09
1.953590655376e-09
1.950921034680e-09
1.943560205686e-09
1.940420336840e-09
1.920028367428e-09
1.916780144139e-09
1.916667010123e-09
1.915030343974e-09
1.910439511108e-09
1.907331658837e-09
1.901865506698e-09
1.897733344090e-09
1.887346982874e-09
1.879776370201e-09
1.879466028406e-09
1.874494108105e-09
1.869600715170e-09
1.861308676512e-09
1.854470059073e-09
1.849837647020e-09
1.846055583982e-09
1.844530724012e-09
1.837827465635e-09
1.837417051864e-09
1.831857688607e-09
1.829802285599e-09
1.825019462806e-09
1.819821343344e-09
1.805034198051e-09
1.802028650893e-09
1.799177993359e-09
1.790531582395e-09
1.788392839208e-09
1.784469550230e-09
1.784067489904e-09
1.772008339390e-09
1.767362993165e-09
1.748713412265e-09
1.748114654280e-09
1.746744301131e-09
1.745535457379e-09
1.731754946584e-09
1.722215963320e-09
1.717188132391e-09
1.713521390580e-09
1.712994833989e-09
1.712459050139e-09
1.705604083087e-09
1.701585562092e-09
1.696925681049e-09
1.686640257154e-09
1.684409243919e-09
1.675931345945e-09
1.675332568809e-09
1.672998920236e-09
1.669691271341e-09
1.668198155212e-09
1.667278922514e-09
1.660232733703e-09
1.655261768270e-09
1.641738314730e-09
1.638914714730e-09
1.636914052931e-09
1.636017587926e-09
1.634198836830e-09
1.623921083521e-09
1.621980816760e-09
1.615815797382e-09
1.612401298192e-09
1.611819970516e-09
1.607638988538e-09
1.601786027189e-09
1.600519205583e-09
1.596322597910e-09
1.595508951607e-09
1.583790293691e-09
1.582829683811e-09
1.581742112759e-09
1.577551920980e-09
1.576015394645e-09
1.575869077657e-09
1.569535453114e-09
1.558462649188e-09
1.552996401072e-09
1.547284737855e-09
1.537665827337e-09
1.532605948080e-09
1.532551003223e-09
1.531942400717e-09
1.526466792064e-09
1.525372962293e-09
1.512401639613e-09
1.509970481443e-09
1.505543601473e-09
1.504633979073e-09
1.498982928710e-09
1.493184696049e-09
1.491128583025e-09
1.488276433821e-09
1.482307375612e-09
1.481588456677e-09
1.477450227582e-09
1.461626451209e-09
1.460390908908e-09
1.457046629481e-09
1.450317102809e-09
1.449463547047e-09
1.447178098855e-09
1.436048279053e-09
1.432753906704e-09
1.432154711018e-09
1.429788106842e-09
1.429280987779e-09
1.428185159058e-09
1.423278300251e-09
1.416567971377e-09
1.405303684691e-09
1.401418185415e-09
1.400791027658e-09
1.395639621036e-09
1.393566578940e-09
1.391192201780e-09
1.388142017799e-09
1.378531559495e-09
1.369252138228e-09
1.361179290874e-09
1.358664240287e-09
1.356225627473e-09
1.354661770053e-09
1.354551479187e-09
1.351446290244e-09
1.348570834470e-09
1.338252671222e-09
1.338023005506e-09
1.337106311362e-09
1.335656632226e-09
1.334964618931e-09
1.324742359939e-09
1.319752025137e-09
1.314500757023e-09
1.313035555753e-09
1.309696603496e-09
1.308399854411e-09
1.293313266815e-09
1.290095278488e-09
1.286859050094e-09
1.282565729899e-09
1.281878739159e-09
1.280848219746e-09
1.280357481507e-09
1.273118050946e-09
1.267313446956e-09
1.260907052773e-09
1.254088098404e-09
1.253347658198e-09
1.253060152847e-09
1.252485199009e-09
1.248445407622e-09
1.247080017521e-09
1.236007624890e-09
1.235229968524e-09
1.231291901968e-09
1.228180581154e-09
1.224608041240e-09
1.223526844107e-09
1.223499134529e-09
1.219498773679e-09
1.215448713088e-09
1.214553169070e-09
1.207352941401e-09
1.199841261670e-09
1.195168816770e-09
1.190705152510e-09
1.182428466445e-09
1.181606560253e-09
1.172644268898e-09
1.170351507784e-09
1.166393955364e-09
1.165426214972e-09
1.149147207964e-09
1.147769473045e-09
1.147339505045e-09
1.146746162988e-09
1.146532882691e-09
1.144247298321e-09
1.142749187928e-09
1.139673346139e-09
1.136938705075e-09
1.131895272105e-09
1.127124526038e-09
1.120652607574e-09
1.117806104852e-09
1.117352211999e-09
1.112117714076e-09
1.108104774278e-09
1.106020698036e-09
1.100304800943e-09
1.099080313582e-09
1.096184783367e-09
1.091173648174e-09
1.089641848306e-09
1.082789160294e-09
1.078243538827e-09
1.075930456384e-09
1.068568631248e-09
1.063681926963e-09
1.058191299222e-09
1.057702248113e-09
1.053321373796e-09
1.050609642276e-09
1.049921228299e-09
1.048595659235e-09
1.045136626236e-09
1.043355749581e-09
1.043257040693e-09
1.032801733211e-09
1.029578995702e-09
1.028160913597e-09
1.026856663987e-09
1.021519269637e-09
1.014758302778e-09
1.012578122201e-09
1.011921081380e-09
1.011871363283e-09
1.009369604037e-09
1.002540017743e-09
9.989486173638e-10
9.926139575370e-10
9.848493898721e-10
9.832435001753e-10
9.825596146002e-10
9.806681166444e-10
9.745194475545e-10
9.728056833855e-10
9.712575243303e-10
9.687255607388e-10
9.669254189380e-10
9.604014702344e-10
9.595446786606e-10
9.466971555587e-10
9.437409034848e-10
9.414471345471e-10
9.359553680269e-10
9.343417682211e-10
9.315051435132e-10
9.287748010596e-10
9.282330837319e-10
9.241299536498e-10
9.192056115348e-10
9.134124298755e-10
9.124336141551e-10
9.080683191592e-10
9.060349293699e-10
9.038730152942e-10
8.989971156953e-10
8.949171031889e-10
8.911942801745e-10
8.889926687911e-10
8.861408102300e-10
8.806405808020e-10
8.774042330535e-10
8.766848415490e-10
8.726385844084e-10
8.674661973529e-10
8.657574999086e-10
8.610318061065e-10
8.572820171741e-10
8.523424358659e-10
8.500804552282e-10
8.483053252752e-10
8.437176687323e-10
8.406807215118e-10
8.374116594988e-10
8.361330814299e-10
8.320686634697e-10
8.303896437935e-10
8.298010511802e-10
8.249252748026e-10
8.216429570035e-10
8.201735284217e-10
8.189824856895e-10
8.162820110150e-10
8.131790716225e-10
8.124056667349e-10
8.091545384506e-10
8.032015911829e-10
8.004452492484e-10
7.989600759323e-10
7.985163350677e-10
7.971533206461e-10
7.910078071768e-10
7.882644321457e-10
7.872375962114e-10
7.858563010761e-10
7.810979401492e-10
7.795391706914e-10
7.793515645713e-10
7.779384663993e-10
7.771645207106e-10
7.736232018006e-10
7.685690261387e-10
7.597255870570e-10
7.591943538910e-10
7.572242614815e-10
7.562353665867e-10
7.557312556578e-10
7.534576389678e-10
7.528231179213e-10
7.528062552313e-10
7.418776901940e-10
7.411270380122e-10
7.360724667596e-10
7.334360255508e-10
7.301942103529e-10
7.274650822873e-10
7.272275375709e-10
7.233622273251e-10
7.213354212609e-10
7.196248312505e-10
7.192472056996e-10
7.171065699267e-10
7.154459439775e-10
7.089144817063e-10
7.085881344397e-10
7.048197510822e-10
7.046884935292e-10
6.986857160007e-10
6.986311921728e-10
6.985496009762e-10
6.974424368393e-10
6.945739023588e-10
6.944896990708e-10
6.921761267178e-10
6.908963067485e-10
6.854173055315e-10
6.848729415011e-10
6.845807812735e-10
6.803225831684e-10
6.800292958579e-10
6.780459729874e-10
6.777038678556e-10
6.755581792590e-10
6.742438481469e-10
6.714550186017e-10
6.682627294620e-10
6.661461762342e-10
6.628029960115e-10
6.604762616570e-10
6.599398505131e-10
6.588834995693e-10
6.559584871050e-10
6.552965379701e-10
6.537777485231e-10
6.492302623955e-10
6.479640951043e-10
6.456886396609e-10
6.450336066907e-10
6.443032730512e-10
6.430600656635e-10
6.395601911643e-10
6.383922365273e-10
6.315703257465e-10
6.295108550066e-10
6.294426319200e-10
6.283786680508e-10
6.275432091852e-10
6.242454790684e-10
6.213513493603e-10
6.167472935391e-10
6.152522420095e-10
6.148160946601e-10
6.141594917288e-10
6.138479672479e-10
6.124392993794e-10
6.075921368272e-10
6.046081383690e-10
6.004567514192e-10
6.000223490914e-10
5.958629027056e-10
5.945928752710e-10
5.943175799315e-10
5.933866494692e-10
5.924553783513e-10
5.877959417616e-10
5.865555153582e-10
5.824247595591e-10
5.820028872962e-10
5.816722680802e-10
5.781159581567e-10
5.755167808665e-10
5.738453271842e-10
5.726256738502e-10
5.681157202394e-10
5.652554530586e-10
5.651922330363e-10
5.643704161433e-10
5.606939484048e-10
5.605675746176e-10
5.578976020629e-10
5.566086675136e-10
5.555930483437e-10
5.552508081628e-10
5.516364829445e-10
5.472298205050e-10
5.442470152629e-10
5.403831308118e-10
5.398224659648e-10
5.392822262766e-10
5.384359857436e-10
5.346144825439e-10
5.312726354006e-10
5.288152821332e-10
5.274945979992e-10
5.265578929526e-10
5.216836899751e-10
5.184834672395e-10
5.161725110551e-10
5.114710681947e-10
5.109843244940e-10
5.105128519295e-10
5.086675321897e-10
5.077410030346e-10
5.065803456254e-10
5.043927599389e-10
5.041715563704e-10
5.016504517724e-10
4.995226028331e-10
4.974223808038e-10
4.958638812747e-10
4.950870758483e-10
4.949839310827e-10
4.936119021185e-10
4.930886686754e-10
4.916088882899e-10
4.911791739017e-10
4.849445584522e-10
4.849245954816e-10
4.787849938257e-10
4.781302047392e-10
4.766116562229e-10
4.752222300963e-10
4.744461569366e-10
4.741044044274e-10
4.709249582068e-10
4.685721340824e-10
4.657493559913e-10
4.640777252471e-10
4.635833615044e-10
4.627455470157e-10
4.621992547625e-10
4.583732282423e-10
4.575599311522e-10
4.531450044408e-10
4.525348167214e-10
4.523223655786e-10
4.495108270845e-10
4.490985945928e-10
4.477296023182e-10
4.460565425974e-10
4.454494186397e-10
4.431697426052e-10
4.425617797210e-10
4.383894204311e-10
4.377614409402e-10
4.347106790445e-10
4.341032700784e-10
4.325773813221e-10
4.325728933481e-10
4.312729732569e-10
4.274826618418e-10
4.263647372323e-10
4.250719516953e-10
4.210931510582e-10
4.196761224322e-10
4.185994162860e-10
4.171407020566e-10
4.149386603808e-10
4.148187066942e-10
4.147814923657e-10
4.130767695930e-10
4.108183310125e-10
4.093159577569e-10
4.083104711440e-10
4.046488243440e-10
3.988506755897e-10
3.959446676650e-10
3.942725708774e-10
3.942164500145e-10
3.933636326990e-10
3.882072457943e-10
3.855831222599e-10
3.829096054466e-10
3.824748453042e-10
3.814264375191e-10
3.811634047116e-10
3.786115300012e-10
3.784627246685e-10
3.764406401822e-10
3.738568650459e-10
3.728652686964e-10
3.690623199760e-10
3.689652844455e-10
3.671868435462e-10
3.651764248053e-10
3.608302421378e-10
3.598396646342e-10
3.579031681034e-10
3.572285947578e-10
3.556256213962e-10
3.554732872281e-10
3.543034954326e-10
3.540835776114e-10
3.529316041858e-10
3.518228591787e-10
3.489005090685e-10
3.468484020006e-10
3.465014292733e-10
3.464168358687e-10
3.449212193399e-10
3.433282434888e-10
3.420879945471e-10
3.412794624140e-10
3.394943688623e-10
3.390489364539e-10
3.390295387794e-10
3.380132509633e-10
3.347148699470e-10
3.315003676554e-10
3.295058944783e-10
3.283981924195e-10
3.279658114129e-10
3.264528684836e-10
3.264497086923e-10
3.238452944899e-10
3.205161462389e-10
3.178409363955e-10
3.168496086713e-10
3.158258984601e-10
3.156374730663e-10
3.146313938085e-10
3.143731248992e-10
3.131167486261e-10
3.130271602598e-10
3.115475596727e-10
3.100812558302e-10
3.063842111791e-10
3.063688022715e-10
3.027082048879e-10
3.026094627449e-10
3.017128163857e-10
3.011598549079e-10
2.981691520527e-10
2.972083020933e-10
2.953476241343e-10
2.946088463664e-10
2.942448540278e-10
2.942081484944e-10
2.937591234032e-10
2.932475731073e-10
2.903270211384e-10
2.895671761814e-10
2.894712886128e-10
2.887863337599e-10
2.864619271872e-10
2.850775223358e-10
2.821902795951e-10
2.821022378575e-10
2.816490116954e-10
2.808267541622e-10
2.799704981733e-10
2.797196199193e-10
2.795625226272e-10
2.775498191538e-10
2.744598027430e-10
2.716511580494e-10
2.712297493398e-10
2.702992811475e-10
2.701442584552e-10
2.693262928458e-10
2.687945378313e-10
2.681468456830e-10
2.680641148838e-10
2.676281570466e-10
2.671472213899e-10
2.664299074604e-10
2.660084975439e-10
2.654564292484e-10
2.652121435147e-10
2.629792246088e-10
2.625270525631e-10
2.614339009905e-10
2.599644036744e-10
2.598138206308e-10
2.583946769334e-10
2.580328856405e-10
2.575593621949e-10
2.544090294635e-10
2.542441427008e-10
2.536214029859e-10
2.535837880837e-10
2.517660723275e-10
2.485523422335e-10
2.483071054684e-10
2.471500440598e-10
2.465256755494e-10
2.456197737228e-10
2.449576284795e-10
2.426237579676e-10
2.423149568107e-10
2.412220868190e-10
2.407223425691e-10
2.400648627129e-10
2.396051829949e-10
2.390576981297e-10
2.377547114121e-10
2.371816983209e-10
2.368794550899e-10
2.363894385708e-10
2.363292942711e-10
2.361414104922e-10
2.359560709699e-10
2.344682019270e-10
2.318677523176e-10
2.298169367612e-10
2.296093890072e-10
2.291270712298e-10
2.290674820376e-10
2.255509632892e-10
2.254991037392e-10
2.254764736005e-10
2.254141180859e-10
2.251138507633e-10
2.229093221931e-10
2.221266727157e-10
2.217747272770e-10
2.182576815876e-10
2.175313471578e-10
2.170520169794e-10
2.162042279974e-10
2.155835320809e-10
2.141097763902e-10
2.139279385724e-10
2.137067748473e-10
2.128537443582e-10
2.127396201906e-10
2.119237594988e-10
2.118248961646e-10
2.103804764041e-10
2.093917049830e-10
2.076838250148e-10
2.075547545932e-10
2.069825663953e-10
2.068444876010e-10
2.064126569631e-10
2.056978268781e-10
2.051137282879e-10
2.030279020826e-10
2.026521821851e-10
2.023718759071e-10
2.021349817362e-10
2.012580216000e-10
1.990842592899e-10
1.975966082175e-10
1.966782597300e-10
1.963293237761e-10
1.954948705114e-10
1.942486943020e-10
1.938807448795e-10
1.936874306357e-10
1.928834717304e-10
1.911788394448e-10
1.908640172766e-10
1.906980945062e-10
1.906255948857e-10
1.893303924409e-10
1.886439348273e-10
1.879740818405e-10
1.873026088285e-10
1.858086827987e-10
1.843381426644e-10
1.838637544534e-10
1.838194817863e-10
1.837344944795e-10
1.821839930129e-10
1.820383231092e-10
1.815020454853e-10
1.812016293116e-10
1.807116207659e-10
1.800035110896e-10
1.797905460152e-10
1.788069036222e-10
1.786395901648e-10
1.778965798657e-10
1.777387639451e-10
1.771759485229e-10
1.768873683963e-10
1.749825099262e-10
1.749272763074e-10
1.730615078735e-10
1.723904570284e-10
1.716409955429e-10
1.715764684989e-10
1.708553097034e-10
1.706806856571e-10
1.689774501637e-10
1.684558687788e-10
1.674447136354e-10
1.665026926452e-10
1.654231341807e-10
1.640858781814e-10
1.634999457598e-10
1.633288291195e-10
1.615693274998e-10
1.603879494926e-10
1.599763323360e-10
1.595880663032e-10
1.595206358841e-10
1.583356914075e-10
1.581299299999e-10
1.580674906269e-10
1.573566727342e-10
1.571687289313e-10
1.568055847594e-10
1.558032670874e-10
1.549894896858e-10
1.545889427384e-10
1.537097358821e-10
1.531845238891e-10
1.531343662299e-10
1.529650342125e-10
1.529454124595e-10
1.528464264538e-10
1.520489498624e-10
1.518426119130e-10
1.505858825344e-10
1.501743866487e-10
1.495134410904e-10
1.486494869706e-10
1.485313328418e-10
1.485186942967e-10
1.483445003097e-10
1.483071491955e-10
1.474425514216e-10
1.472108759997e-10
1.467829173585e-10
1.457437811448e-10
1.454247841200e-10
1.448170778543e-10
1.442717400900e-10
1.432355340292e-10
1.416287764034e-10
1.407650408064e-10
1.399633144990e-10
1.387108358579e-10
1.371202366449e-10
1.369111517530e-10
1.367350533390e-10
1.360623783680e-10
1.348445656397e-10
1.347435408088e-10
1.341765515773e-10
1.337381524974e-10
1.334709339727e-10
1.333085494023e-10
1.332011524550e-10
1.321718518399e-10
1.316159448901e-10
1.312901427593e-10
1.297522277262e-10
1.294272299815e-10
1.284644757984e-10
1.282642710111e-10
1.275719412314e-10
1.268127811206e-10
1.266228737550e-10
1.261148520579e-10
1.250945196127e-10
1.248679359027e-10
1.244982457307e-10
1.236483045059e-10
1.229571399417e-10
1.228379189983e-10
1.225628771474e-10
1.220443625784e-10
1.208765642928e-10
1.207480411846e-10
1.195309422086e-10
1.193793039486e-10
1.187666096823e-10
1.185125640099e-10
1.178423061732e-10
1.152452146106e-10
1.142641529624e-10
1.133797679572e-10
1.130843175915e-10
1.127991645729e-10
1.126679501384e-10
1.125603067955e-10
1.123329977040e-10
1.107443141488e-10
1.102324405357e-10
1.093320784815e-10
1.081231817351e-10
1.078436787690e-10
1.074856239376e-10
1.069689481142e-10
1.062829099316e-10
1.054007535810e-10
1.040597223566e-10
1.039947243514e-10
1.037656999195e-10
1.032596485270e-10
1.031516043273e-10
1.021966166721e-10
1.006816300387e-10
1.005613767599e-10
9.928415987767e-11
9.907368197954e-11
9.881353644983e-11
9.847967319577e-11
9.806790897880e-11
9.806431104737e-11
9.775826491537e-11
9.760606363750e-11
9.513854742560e-11
9.412053017477e-11
9.392949322251e-11
9.340682532306e-11
9.331945231357e-11
9.310678701288e-11
9.303984121299e-11
9.142371258503e-11
9.063100241739e-11
9.057754954385e-11
9.042972195572e-11
9.003772740906e-11
8.999937064128e-11
8.979629092972e-11
8.940556222026e-11
8.897214477203e-11
8.894772173825e-11
8.821416406423e-11
8.820851948294e-11
8.746806104911e-11
8.739548447892e-11
8.685807935062e-11
8.681958342615e-11
8.656290617893e-11
8.632462724736e-11
8.436963895902e-11
8.402127231400e-11
8.352379993559e-11
8.247063245728e-11
8.156509499412e-11
8.102797928776e-11
8.088271680571e-11
8.077519014048e-11
8.074554360446e-11
8.057831016716e-11
7.968616144591e-11
7.968615170916e-11
7.827559841040e-11
7.821227893918e-11
7.782726230475e-11
7.759138131363e-11
7.685695973206e-11
7.674475014762e-11
7.636793625158e-11
7.616934399982e-11
7.571207575638e-11
7.568094176874e-11
7.431640728803e-11
7.409784810929e-11
7.341339773238e-11
7.338736074029e-11
7.319199171424e-11
7.316369003136e-11
7.295056114926e-11
7.273585020187e-11
7.240375745447e-11
7.106924927174e-11
7.105115398395e-11
6.932602282657e-11
6.927871662195e-11
6.923558003717e-11
6.869903200955e-11
6.847758707216e-11
6.764261069997e-11
6.690177891239e-11
6.680885393587e-11
6.671621845994e-11
6.623874603202e-11
6.501632856765e-11
6.474760194078e-11
6.408472776795e-11
6.383389308223e-11
6.370996756520e-11
6.302886611289e-11
6.279410772842e-11
6.278160169132e-11
6.263957153818e-11
6.207320186610e-11
6.098915558099e-11
6.070687430156e-11
6.038288294838e-11
6.031188788087e-11
5.917550552137e-11
5.892864198373e-11
5.888102485512e-11
5.887167242662e-11
5.862506923488e-11
5.858734269465e-11
5.857978921217e-11
5.826586170967e-11
5.774179552496e-11
5.723442845091e-11
5.649235828501e-11
5.637938377611e-11
5.606074020292e-11
5.567895287518e-11
5.563900202470e-11
5.545149892185e-11
5.535957971409e-11
5.532607624165e-11
5.513381852822e-11
5.510093116181e-11
5.419970634878e-11
5.387619372760e-11
5.360377952174e-11
5.353461018098e-11
5.321855323603e-11
5.310392188675e-11
5.268544887734e-11
5.259645553973e-11
5.228360577554e-11
5.200187759548e-11
5.192823988150e-11
5.182244308817e-11
5.153522729943e-11
5.144782475392e-11
5.087525566511e-11
5.051250244420e-11
5.051223330485e-11
5.029448629389e-11
5.017340886181e-11
4.996052763988e-11
4.927955620485e-11
4.837664325825e-11
4.767156954707e-11
4.725146281094e-11
4.717132751061e-11
4.704069119201e-11
4.627119742065e-11
4.613305607919e-11
4.605366939268e-11
4.556661100428e-11
4.553204910487e-11
4.547507576427e-11
4.527234798749e-11
4.481948497088e-11
4.481833258106e-11
4.462797872182e-11
4.450325709191e-11
4.396962603255e-11
4.395526210164e-11
4.352545930815e-11
4.339390470490e-11
4.315879657672e-11
4.312514121545e-11
4.293847707982e-11
4.269167911274e-11
4.240993497188e-11
4.239298260809e-11
4.223430855382e-11
4.175679274705e-11
4.173077620028e-11
4.164970515894e-11
4.071725834808e-11
4.062568433250e-11
4.020332953865e-11
3.959408835383e-11
3.931977002408e-11
3.911148863717e-11
3.855936125535e-11
3.849686213169e-11
3.848764794946e-11
3.840724287723e-11
3.796594569267e-11
3.781143412502e-11
3.780658724745e-11
3.749188545086e-11
3.737586175722e-11
3.735784148042e-11
3.682422554861e-11
3.661275441053e-11
3.601859412632e-11
3.547726532621e-11
3.535696199546e-11
3.504737837808e-11
3.487206126099e-11
3.483074530156e-11
3.445036305935e-11
3.423329283510e-11
3.421073230214e-11
3.395552811424e-11
3.395414152060e-11
3.377165714715e-11
3.367754180359e-11
3.360709481900e-11
3.354510757034e-11
3.345335936904e-11
3.274594416451e-11
3.260469736244e-11
3.244255843836e-11
3.226401348610e-11
3.209846084806e-11
3.178187919093e-11
3.171530068998e-11
3.156382078624e-11
3.148283215929e-11
3.132089203491e-11
3.083306342336e-11
3.060609283988e-11
3.042481712409e-11
2.958017512915e-11
2.939422340460e-11
2.923116852879e-11
2.902150776974e-11
2.875787969839e-11
2.873867795702e-11
2.839042058948e-11
2.822153278065e-11
2.803609137592e-11
2.792037288839e-11
2.757459463975e-11
2.755198778901e-11
2.753483235735e-11
2.731801768730e-11
2.702957088806e-11
2.697057232728e-11
2.664635710425e-11
2.659505170811e-11
2.651146487841e-11
2.604318091967e-11
2.597328901449e-11
2.585447428762e-11
2.548967646381e-11
2.535078330265e-11
2.505085974809e-11
2.485641476780e-11
2.445160578191e-11
2.429667368620e-11
2.408040753226e-11
2.386221823762e-11
2.353777175824e-11
2.325703111189e-11
2.276605278933e-11
2.271228962861e-11
2.269845828359e-11
2.266301217003e-11
2.266285603041e-11
2.243960913342e-11
2.234353641463e-11
2.194357827310e-11
2.161319437889e-11
2.160649185517e-11
2.145410755723e-11
2.133704886826e-11
2.121422981906e-11
2.102921370173e-11
2.067767722786e-11
2.064788476603e-11
2.063328413427e-11
2.061294329586e-11
2.037838208267e-11
2.023436485961e-11
1.996474030021e-11
1.989471505398e-11
1.969654789298e-11
1.967032930739e-11
1.953259159966e-11
1.924348312997e-11
1.920586544511e-11
1.916148658286e-11
1.908609847468e-11
1.901652038365e-11
1.855732360847e-11
1.839451912523e-11
1.833371372425e-11
1.803160559390e-11
1.745934761031e-11
1.736192640321e-11
1.708295116425e-11
1.694583764297e-11
1.667163076698e-11
1.666536167391e-11
1.656279211338e-11
1.638607647741e-11
1.633340922270e-11
1.612774325948e-11
1.599330089359e-11
1.563669584011e-11
1.542419812821e-11
1.525818708943e-11
1.516406381314e-11
1.516308936981e-11
1.511052167246e-11
1.504708135103e-11
1.469268758966e-11
1.444861364730e-11
1.430563095491e-11
1.406866998874e-11
1.402112036508e-11
1.398488024213e-11
1.393524192810e-11
1.392931985604e-11
1.382564041843e-11
1.330029863271e-11
1.319738507810e-11
1.291497505036e-11
1.282902406304e-11
1.281571661063e-11
1.276878955921e-11
1.273416442075e-11
1.246141762411e-11
1.242994750579e-11
1.223425423107e-11
1.216390061939e-11
1.193584082052e-11
1.185744322448e-11
1.182529152961e-11
1.159454419701e-11
1.157689474212e-11
1.156982792998e-11
1.155393223159e-11
1.108205075020e-11
1.099892174979e-11
1.087133479400e-11
1.085972170353e-11
1.085351160156e-11
1.081680392913e-11
1.064286905678e-11
1.062904131819e-11
1.048009368640e-11
1.010848357660e-11
1.002961098463e-11
9.823240562877e-12
9.791481467510e-12
9.631099634207e-12
9.492288563935e-12
9.442844984933e-12
9.321370771477e-12
9.047928836548e-12
8.806120473027e-12
8.773969329583e-12
8.275792402089e-12
8.269077410051e-12
8.163550126076e-12
8.080446692059e-12
7.972402102160e-12
7.951008541503e-12
7.831944886084e-12
7.737403388665e-12
7.572774611810e-12
7.453381070382e-12
7.143187574028e-12
7.009880196719e-12
6.988935346529e-12
6.766021804666e-12
6.604845892442e-12
6.535028116324e-12
6.352481275055e-12
6.323426384259e-12
6.217103837216e-12
6.173832127102e-12
6.091223034094e-12
5.580652368795e-12
5.483053291598e-12
5.473972738413e-12
5.408849942889e-12
5.286772087971e-12
5.202187167146e-12
5.070777137352e-12
5.042189890689e-12
4.984263458110e-12
4.851227341556e-12
4.846395066251e-12
4.818432033261e-12
4.718852892405e-12
4.689166145064e-12
4.603849515525e-12
4.535132195857e-12
4.148058955990e-12
4.070999225831e-12
3.935552520843e-12
3.852605879701e-12
3.726780943569e-12
3.704924534782e-12
3.421547917748e-12
3.327958464180e-12
2.961821178865e-12
2.898978333140e-12
2.732551028642e-12
2.642926863887e-12
2.606999464242e-12
2.521261605174e-12
2.520006538494e-12
2.278889820944e-12
2.214770513174e-12
2.170669548233e-12
1.993350160223e-12
1.991556511765e-12
1.990438922763e-12
1.987876431452e-12
1.930250608097e-12
1.888620004828e-12
1.776058912523e-12
1.772013334906e-12
1.758272301434e-12
1.754791876682e-12
1.608791191330e-12
1.495930146769e-12
1.478537246331e-12
1.402602793617e-12
1.358384561001e-12
1.337842080037e-12
1.280190380774e-12
1.193812681984e-12
9.973316298333e-13
9.638002736532e-13
9.380984592213e-13
9.374258265398e-13
9.220378419669e-13
8.608634055773e-13
8.301670821036e-13
8.213346660130e-13
7.168838675417e-13
6.950820313289e-13
5.418756460876e-13
5.127711280700e-13
4.588531004030e-13
4.472701472793e-13
4.434796759163e-13
4.291435887195e-13
3.842075518926e-13
3.506038054694e-13
2.925157755919e-13
2.903138425170e-13
2.603364620338e-13
1.825211140970e-13
1.349936602722e-13
1.329549643872e-13
1.248824612354e-13
1.127250068522e-13
5.820246898268e-14
5.644325650970e-14
2.721946141635e-14
2.079630230799e-14
1.729548535331e-14
1.669554339625e-14
9.291007164450e-15
