#lambda_0=1.021437419645e+00
1.000000000000e+00
1.314166931912e-01
1.314166931912e-01
4.298081665093e-02
4.298081665093e-02
3.282979713434e-02
3.282979713434e-02
3.268728569645e-02
3.268728569645e-02
2.200464854412e-02
2.200464854412e-02
1.727034724931e-02
5.648396794923e-03
5.648396794923e-03
4.314383377533e-03
4.314383377533e-03
4.295654995624e-03
4.295654995624e-03
2.891778146503e-03
2.891778146503e-03
1.847350599981e-03
1.411051491318e-03
1.411051491318e-03
1.404926233336e-03
1.404926233336e-03
1.077795579882e-03
1.073116958287e-03
1.073116958287e-03
1.068458646201e-03
9.457777645432e-04
9.457777645432e-04
7.224081477160e-04
7.224081477160e-04
7.192722336117e-04
7.192722336117e-04
4.842045575504e-04
6.165032173222e-17
2.521033587162e-17
2.484592500321e-17
2.460930301394e-17
2.421756132189e-17
2.351729220703e-17
2.254574226023e-17
2.057770180181e-17
1.892900923474e-17
1.879617723663e-17
1.765096658741e-17
1.742829175981e-17
1.650099588671e-17
1.500318823729e-17
1.475579832129e-17
1.433818897466e-17
1.428808500582e-17
1.222677977975e-17
1.172398456346e-17
1.061039210853e-17
9.571823560616e-18
9.204921743615e-18
8.183127314591e-18
7.792745052245e-18
7.438050176284e-18
7.084016102146e-18
6.820789080328e-18
6.249913924559e-18
5.990543207776e-18
5.735373444875e-18
5.451962851799e-18
4.243765410729e-18
4.075700462539e-18
3.837934410009e-18
3.589568153760e-18
3.186529653399e-18
2.766451573554e-18
2.720941904473e-18
2.529274013947e-18
2.355310019236e-18
2.180628137412e-18
2.043992014731e-18
1.818453738729e-18
1.752769355702e-18
1.658277627340e-18
1.601124471517e-18
1.538128723438e-18
1.454655154386e-18
1.385707851953e-18
1.280238408436e-18
1.184671119221e-18
1.149598223231e-18
1.092526688677e-18
1.015889903044e-18
9.784628255940e-19
8.929206757227e-19
8.772900043540e-19
8.516167317588e-19
7.177887966772e-19
7.127714622374e-19
6.814510803786e-19
6.315650229799e-19
5.945139361235e-19
5.436202160899e-19
5.034827288624e-19
4.925349658894e-19
4.750387379119e-19
4.435050586897e-19
4.230324184754e-19
3.973208817373e-19
3.855259092541e-19
3.648450488694e-19
3.544297971714e-19
3.442502734069e-19
3.406015646864e-19
3.319392196347e-19
3.169841005815e-19
2.870181981303e-19
2.760188372346e-19
2.626063857802e-19
2.535964033565e-19
2.469084986720e-19
2.348701571675e-19
2.280728815298e-19
2.172101569135e-19
1.992123452064e-19
1.972390587676e-19
1.930987820086e-19
1.903886989419e-19
1.799744108815e-19
1.747199506602e-19
1.720323584307e-19
1.628426206350e-19
1.613438610860e-19
1.571357304852e-19
1.508955467118e-19
1.455156781736e-19
1.409942512345e-19
1.372007100201e-19
1.330034716086e-19
1.321978587018e-19
1.270875034050e-19
1.262315954875e-19
1.219587701734e-19
1.168991408367e-19
1.145765652779e-19
1.108632846302e-19
1.081940991638e-19
1.044453757639e-19
1.031745160462e-19
1.015010871873e-19
1.013414785845e-19
9.622824976353e-20
9.456330422723e-20
9.256673376724e-20
8.908008514926e-20
8.532638807295e-20
8.433168906513e-20
8.224018019664e-20
8.133027257873e-20
8.129560857041e-20
7.799853437945e-20
7.778454250347e-20
7.505471166439e-20
7.382033473872e-20
7.100101746085e-20
7.012218413998e-20
6.762853673494e-20
6.645043862223e-20
6.574467026129e-20
6.403195708740e-20
6.375863222701e-20
6.255115302054e-20
6.198233416843e-20
5.841079060695e-20
5.806710699812e-20
5.568466016200e-20
5.536509298887e-20
5.508421738532e-20
5.354106556404e-20
5.199531155667e-20
5.153832047724e-20
5.104596005620e-20
4.988842111682e-20
4.857470098781e-20
4.725064490061e-20
4.517003429392e-20
4.479875096610e-20
4.322483458917e-20
4.185567294224e-20
4.141035310468e-20
3.998058863461e-20
3.879719169205e-20
3.757191526128e-20
3.709153772739e-20
3.622854130646e-20
3.562024517681e-20
3.447587445260e-20
3.442011305517e-20
3.363896794805e-20
3.300946588556e-20
3.281042224905e-20
3.150407406173e-20
3.055291375194e-20
2.987373251362e-20
2.966299548981e-20
2.876531473577e-20
2.852203244377e-20
2.791572377399e-20
2.735324047906e-20
2.717305844621e-20
2.646367593475e-20
2.523188377310e-20
2.465184443667e-20
2.441034670981e-20
2.397205901777e-20
2.342438090613e-20
2.299660486019e-20
2.274664030124e-20
2.187717434820e-20
2.144605551061e-20
2.135528112151e-20
2.102894447451e-20
2.090565524421e-20
2.027934768810e-20
1.976849405977e-20
1.967048020977e-20
1.924254980854e-20
1.902497475627e-20
1.870964384099e-20
1.812249631589e-20
1.794227603751e-20
1.766459938697e-20
1.749808790815e-20
1.708603701609e-20
1.693020216293e-20
1.661850495785e-20
1.614959197415e-20
1.567311471449e-20
1.551978060919e-20
1.539916099427e-20
1.528326293277e-20
1.457655690328e-20
1.441596754279e-20
1.427573364668e-20
1.408457968691e-20
1.400381810953e-20
1.331042076542e-20
1.320119452728e-20
1.301811734471e-20
1.290955904293e-20
1.266044197803e-20
1.251077410780e-20
1.240563036590e-20
1.225253090863e-20
1.204270782787e-20
1.187496613201e-20
1.174622518576e-20
1.137169100328e-20
1.128088738285e-20
1.102906362554e-20
1.090756578627e-20
1.083001023468e-20
1.056847462705e-20
1.031731119338e-20
1.014346383302e-20
1.008493184621e-20
9.754981730679e-21
9.636782727430e-21
9.558570544894e-21
9.180197789391e-21
9.116284487216e-21
9.008400440554e-21
8.765024290824e-21
8.645575093293e-21
8.355973460344e-21
8.261108091138e-21
8.148547382450e-21
8.098066989256e-21
7.864695707483e-21
7.719221785156e-21
7.512040862405e-21
7.372083795845e-21
7.192504159609e-21
7.104507257350e-21
6.896923212409e-21
6.875692436987e-21
6.769957451566e-21
6.598199816424e-21
6.583119581990e-21
6.485258269792e-21
6.385011188237e-21
6.350988231325e-21
6.284687769200e-21
6.190202948748e-21
6.095433570401e-21
6.035949398983e-21
5.969267050987e-21
5.881775194283e-21
5.776556200496e-21
5.574297162726e-21
5.525041334218e-21
5.339647156737e-21
5.230421624322e-21
5.105400363728e-21
5.062914768824e-21
5.013811850371e-21
4.896567397918e-21
4.822231639504e-21
4.737191843071e-21
4.689761169020e-21
4.618663080851e-21
4.480824967209e-21
4.381034398484e-21
4.312431470127e-21
4.273380861703e-21
4.193277783376e-21
4.085037964321e-21
4.042395847114e-21
4.010973621329e-21
3.982186918215e-21
3.907215379584e-21
3.860792004734e-21
3.812585973794e-21
3.753263884768e-21
3.668207528204e-21
3.586718872767e-21
3.548425930874e-21
3.533290120956e-21
3.440451124526e-21
3.431696826247e-21
3.331595787294e-21
3.283282058163e-21
3.270195386093e-21
3.219578721150e-21
3.137803591401e-21
3.100834072004e-21
3.025382381937e-21
2.959589046415e-21
2.916766494879e-21
2.898843374895e-21
2.841493612627e-21
2.758008010918e-21
2.708880663383e-21
2.684593811198e-21
2.638719849176e-21
2.634201736545e-21
2.601100795653e-21
2.529587418150e-21
2.495411740544e-21
2.442815923144e-21
2.416869583567e-21
2.400065862925e-21
2.373001462393e-21
2.309899866517e-21
2.291721369504e-21
2.257820298593e-21
2.238678144584e-21
2.196124909745e-21
2.150993832193e-21
2.116326920484e-21
2.092297468805e-21
2.057599434882e-21
2.021294496736e-21
2.000962506814e-21
1.952600450419e-21
1.935910521318e-21
1.913030730807e-21
1.879816876118e-21
1.856604764345e-21
1.808968156520e-21
1.790969047681e-21
1.775687647379e-21
1.760188376993e-21
1.734782782197e-21
1.718798839035e-21
1.711077782841e-21
1.691583717329e-21
1.683508563214e-21
1.661972965720e-21
1.643101001584e-21
1.622825771523e-21
1.602927834162e-21
1.581363908851e-21
1.535114614923e-21
1.516859891680e-21
1.510135823304e-21
1.470816542570e-21
1.454723039852e-21
1.441869452914e-21
1.414538866933e-21
1.402045907059e-21
1.387722860727e-21
1.372298036326e-21
1.348813816664e-21
1.337825810707e-21
1.323985229677e-21
1.316073203645e-21
1.292461152342e-21
1.281079295080e-21
1.269013989902e-21
1.239156729351e-21
1.225464720257e-21
1.222611841691e-21
1.191005719518e-21
1.171443709894e-21
1.168328999368e-21
1.141421954776e-21
1.123294533096e-21
1.119383207117e-21
1.107372369333e-21
1.093080468763e-21
1.082186133554e-21
1.052068006919e-21
1.034321086205e-21
1.014282663480e-21
9.912601833690e-22
9.653689810455e-22
9.563444472005e-22
9.389643290800e-22
8.976064725482e-22
8.927306002400e-22
8.799735070141e-22
8.492325519914e-22
8.451390679698e-22
8.264816229279e-22
8.239014172954e-22
8.127251587983e-22
8.018610635881e-22
7.881053962242e-22
7.742114304304e-22
7.612689326214e-22
7.577555660614e-22
7.546407399134e-22
7.284846441850e-22
7.084424845193e-22
7.050412465858e-22
7.041422797783e-22
6.941514578894e-22
6.863032649098e-22
6.692587791514e-22
6.565929887033e-22
6.423882159563e-22
6.319787881053e-22
6.202924886396e-22
6.106991555188e-22
6.041634519297e-22
5.988302079495e-22
5.908422320458e-22
5.882314213406e-22
5.811051368067e-22
5.707526447496e-22
5.646217044781e-22
5.591367099383e-22
5.493832815549e-22
5.397334455811e-22
5.312467396280e-22
5.233585487250e-22
5.151748286188e-22
5.126381611922e-22
4.966303257100e-22
4.946256568785e-22
4.901390528268e-22
4.820333126034e-22
4.741206693691e-22
4.648226219421e-22
4.592936661864e-22
4.529948858855e-22
4.474538992218e-22
4.399212674267e-22
4.361849708632e-22
4.296418973980e-22
4.189505664249e-22
4.130120482300e-22
4.090178708885e-22
4.015610002502e-22
3.982763170292e-22
3.866055286862e-22
3.816362426266e-22
3.717049693359e-22
3.660777484620e-22
3.617027976264e-22
3.542801216814e-22
3.484441624841e-22
3.445066039307e-22
3.389049061654e-22
3.313941385557e-22
3.286304064710e-22
3.231657155211e-22
3.207875663891e-22
3.143802230741e-22
3.110453747190e-22
3.094686639824e-22
3.023970428470e-22
2.968481690300e-22
2.900825465412e-22
2.868891477476e-22
2.815755004436e-22
2.763039594357e-22
2.707371077089e-22
2.688786882730e-22
2.635362979095e-22
2.609741258320e-22
2.589976926306e-22
2.549930826837e-22
2.473820437650e-22
2.462620781494e-22
2.443098512179e-22
2.398548058060e-22
2.355905531200e-22
2.309458810034e-22
2.282374895512e-22
2.230254792048e-22
2.200846051299e-22
2.144678828067e-22
2.122207975699e-22
2.082701752867e-22
2.010376064046e-22
1.987852615623e-22
1.955490178550e-22
1.935645145868e-22
1.886829323672e-22
1.879220726156e-22
1.837070894433e-22
1.822061740738e-22
1.783672411335e-22
1.781857422339e-22
1.742752722725e-22
1.711827953714e-22
1.664187870255e-22
1.633114168238e-22
1.617851312252e-22
1.591542178262e-22
1.556022197441e-22
1.530587907152e-22
1.518724719370e-22
1.468617419652e-22
1.453063758274e-22
1.423254390057e-22
1.358859283185e-22
1.347807168971e-22
1.341936760579e-22
1.301417483947e-22
1.272420191330e-22
1.246242999452e-22
1.236010837399e-22
1.165401353579e-22
1.142867342391e-22
1.116245332955e-22
1.109254851639e-22
1.082864457193e-22
1.053758656481e-22
1.032738365149e-22
9.941982630253e-23
9.906705901822e-23
9.686325291643e-23
9.546907671383e-23
9.518720999457e-23
9.280174048903e-23
9.060127404532e-23
8.853492731672e-23
8.562910768262e-23
8.369840994533e-23
8.114654540514e-23
8.081736977538e-23
7.974539044530e-23
7.680241923920e-23
7.676589832215e-23
7.514421154813e-23
7.240117672870e-23
7.091720507578e-23
6.968823747894e-23
6.858308568490e-23
6.645380933266e-23
6.585232342736e-23
6.293410910316e-23
6.243061578119e-23
6.213744421693e-23
6.110033979274e-23
5.917456894756e-23
5.871411617039e-23
5.844712589262e-23
5.838885807012e-23
5.753473013909e-23
5.609552461019e-23
5.531749864667e-23
5.476339760893e-23
5.294316882039e-23
5.231643352471e-23
4.916903095790e-23
4.687692258597e-23
4.610467738358e-23
4.567596992974e-23
4.529809881805e-23
4.413101516370e-23
4.339347607535e-23
4.283611415704e-23
4.088003400937e-23
3.927163778110e-23
3.701638492269e-23
3.641540730719e-23
3.580097284724e-23
3.443028680127e-23
3.386593402373e-23
3.274979706324e-23
3.241198426609e-23
3.013995331763e-23
2.883910745746e-23
2.796981382811e-23
2.676234359518e-23
2.649747866777e-23
2.616410801997e-23
2.562378422269e-23
2.478507423462e-23
2.428805782051e-23
2.401023694000e-23
2.287245696639e-23
2.252265124684e-23
2.196514464804e-23
2.136265161495e-23
2.052515981054e-23
1.987431711155e-23
1.952268672567e-23
1.920125530932e-23
1.914740050234e-23
1.911844929948e-23
1.900349492193e-23
1.834456496486e-23
1.796798506516e-23
1.777672819018e-23
1.773010866182e-23
1.736157061144e-23
1.682896416912e-23
1.589327533247e-23
1.538881385851e-23
1.482783013716e-23
1.466532858660e-23
1.449637038942e-23
1.380241051958e-23
1.368924613688e-23
1.319966705159e-23
1.268502941271e-23
1.226023522798e-23
1.220128920950e-23
1.219554624631e-23
1.194307760394e-23
1.164890773791e-23
1.132152017842e-23
1.107707204285e-23
1.034835777264e-23
9.869142683704e-24
9.627747738442e-24
9.338474671395e-24
9.325092392230e-24
9.319087273592e-24
9.289386445057e-24
9.279039149672e-24
8.836100033477e-24
8.431046042936e-24
7.953577367890e-24
7.713951358230e-24
7.422174954017e-24
6.841490749373e-24
6.561018923937e-24
6.315639351196e-24
6.096537760057e-24
5.845009618411e-24
5.819791682758e-24
5.782693125181e-24
5.504818961731e-24
5.258035741809e-24
5.083424415153e-24
4.816995129997e-24
4.676701201471e-24
4.485543008757e-24
4.461066360674e-24
4.437381189293e-24
4.424351252257e-24
4.383837092457e-24
4.244719917187e-24
4.138708508455e-24
3.984985106618e-24
3.694035344655e-24
3.631207207881e-24
3.340065515934e-24
3.182752873769e-24
3.055555297197e-24
3.054242133164e-24
3.045688432412e-24
3.043636848360e-24
2.855379443511e-24
2.719972413432e-24
2.516067090115e-24
2.448442692902e-24
2.328585334713e-24
2.325547810152e-24
2.242563638797e-24
2.182997534331e-24
2.136506255216e-24
2.054753885417e-24
1.977018605314e-24
1.864913550403e-24
1.712182485796e-24
1.383450037553e-24
1.298738146854e-24
1.275538107602e-24
1.142769150894e-24
1.058077925662e-24
1.026100856356e-24
9.699887057094e-25
8.752086406321e-25
8.037007787565e-25
6.750805176242e-25
6.338791273974e-25
5.860103681412e-25
5.694270372783e-25
4.891562160119e-25
4.524851902356e-25
3.872732741672e-25
3.632206145691e-25
3.244024928446e-25
3.038527175280e-25
2.605168388284e-25
2.328870014006e-25
2.243573682187e-25
2.057197632705e-25
1.978241035973e-25
1.810877637970e-25
1.525905685413e-25
1.438793805735e-25
1.356928381327e-25
1.135224618058e-25
1.049749481843e-25
8.952263526254e-26
8.138388073812e-26
5.955497702655e-26
5.351273748762e-26
4.511024979677e-26
2.425939823439e-26
1.598457293140e-26
1.064449613284e-26
7.482357717670e-27
2.700896442939e-27
2.242521611888e-27
9.294136562101e-28
4.810678364539e-28
4.740303032929e-28
3.369046668540e-28
1.894806821316e-28
1.632817574169e-28
1.590348736032e-28
1.534716756469e-28
1.375418841808e-28
1.303185519625e-28
1.264865665178e-28
1.242236781103e-28
1.232144590343e-28
1.201921040102e-28
1.145073005750e-28
1.126612460377e-28
1.120399488202e-28
1.106912921832e-28
9.792113919554e-29
9.405235107600e-29
9.213338282018e-29
7.331028699380e-29
4.835739838945e-29
4.611677089965e-29
4.568102040284e-29
4.561170666296e-29
4.559693544136e-29
4.501553004507e-29
4.408958504058e-29
4.214162034088e-29
4.048278216637e-29
3.604126654121e-29
3.583043638636e-29
3.546100358325e-29
3.456431817202e-29
3.238871810742e-29
3.172265235883e-29
3.092350445312e-29
3.029038865812e-29
2.854272165946e-29
2.467196634751e-29
2.449980462562e-29
2.429518264710e-29
2.408265653458e-29
2.386634519066e-29
2.343249991259e-29
1.747890991402e-29
1.605920341991e-29
1.579878860041e-29
1.492386334372e-29
1.108137175659e-29
8.177731196735e-30
7.046667053167e-30
6.734591486624e-30
5.678177270499e-30
5.618172186376e-30
5.598032973390e-30
5.495778816181e-30
5.140773688923e-30
5.133108909236e-30
5.060237967957e-30
5.044540892891e-30
5.039833483846e-30
4.983087280066e-30
4.911910429164e-30
4.880789423327e-30
4.868606213162e-30
4.851425430850e-30
4.811971654227e-30
4.454835000662e-30
4.299762325031e-30
3.992986569396e-30
3.543093391753e-30
3.336509463439e-30
3.180955880798e-30
2.890140104141e-30
2.791967459427e-30
2.254025755638e-30
2.106797446291e-30
1.874131140789e-30
1.862765322406e-30
1.808495584218e-30
1.703040509939e-30
1.679000135674e-30
1.603936530791e-30
1.550389432718e-30
1.528700269613e-30
1.517929367397e-30
1.510608573249e-30
1.475269079512e-30
1.462760912056e-30
1.420416107680e-30
1.392284021490e-30
1.234405719341e-30
1.193889628358e-30
1.048527301247e-30
1.012059632306e-30
1.001242721325e-30
9.620902206541e-31
9.439155261274e-31
8.258350735872e-31
8.208580495401e-31
6.377650126057e-31
5.893666577106e-31
5.820730002909e-31
5.650601462473e-31
5.625949680148e-31
5.568698444688e-31
5.545970043985e-31
5.402732836041e-31
5.107028296981e-31
4.846481921338e-31
4.591990017929e-31
4.360713361770e-31
3.450707804637e-31
3.307343002021e-31
3.046789339002e-31
2.870795422841e-31
2.803164072158e-31
2.728122428196e-31
2.723736459575e-31
2.262149016903e-31
2.098652245798e-31
2.009243381463e-31
1.991584454593e-31
1.946582777314e-31
1.914116719353e-31
1.849724914468e-31
1.812236537742e-31
1.803693671793e-31
1.704457724442e-31
1.691089183951e-31
1.652181190463e-31
1.637309481335e-31
1.588662242399e-31
1.554432676869e-31
1.548064425529e-31
1.529744431843e-31
1.498365148553e-31
1.476622770353e-31
1.458029108211e-31
1.325887966450e-31
1.025362313581e-31
9.092486138168e-32
8.828606825351e-32
8.493370573488e-32
7.683633855426e-32
7.077535787840e-32
6.512529056944e-32
5.452628240903e-32
5.362503676791e-32
5.199364695981e-32
4.846418639535e-32
4.755159060122e-32
4.671560556669e-32
4.573897595927e-32
4.193835002502e-32
3.764625668502e-32
3.381425460492e-32
2.970179042866e-32
2.555851071301e-32
2.524051468760e-32
2.486992725674e-32
2.233474372590e-32
1.964168031196e-32
1.793693159384e-32
1.562221009156e-32
1.278165962263e-32
1.134835087051e-32
9.847325870285e-33
8.618620006080e-33
8.544303138662e-33
7.830620883731e-33
7.392015226337e-33
6.406621625842e-33
5.973339465378e-33
5.671318577595e-33
5.311827135907e-33
5.282310807514e-33
4.867756036905e-33
4.571292494965e-33
4.511147296149e-33
4.453796458092e-33
4.429941406067e-33
4.346457778818e-33
4.026121460915e-33
3.869336212394e-33
3.795822604672e-33
3.659221879964e-33
3.551324514825e-33
3.141979773726e-33
3.107115790986e-33
2.995483009671e-33
2.931418069879e-33
2.822333587193e-33
2.753249540274e-33
2.518648477775e-33
2.280788301563e-33
2.216538520469e-33
2.189881297925e-33
2.130269497836e-33
2.076182677377e-33
1.957900740001e-33
1.919655105324e-33
1.771935106277e-33
1.735533710599e-33
1.697345771607e-33
1.552991373625e-33
1.399559866605e-33
1.308850097438e-33
1.206778720990e-33
1.159014462199e-33
1.103957364642e-33
1.085645456569e-33
1.081805000478e-33
9.648557082647e-34
8.476774023113e-34
7.822343839610e-34
7.531043207327e-34
7.372224022991e-34
7.042426423761e-34
6.747431878508e-34
6.712400062732e-34
5.851442250158e-34
5.413740131486e-34
5.196691831878e-34
4.966403585737e-34
4.493769418022e-34
4.472577131693e-34
4.371334229837e-34
3.774470108121e-34
3.634319096712e-34
3.476925642400e-34
3.439619049802e-34
3.389051791956e-34
3.156903582604e-34
3.102669251839e-34
3.009725548974e-34
2.970866102715e-34
2.916931927028e-34
2.721749791810e-34
2.659451161697e-34
2.539258490246e-34
2.508696597209e-34
2.432677242051e-34
2.336888917844e-34
2.213355140168e-34
2.074672388304e-34
2.001908228313e-34
1.975261808117e-34
1.894641157113e-34
1.788646588459e-34
1.744677475934e-34
1.595875896797e-34
1.536273954876e-34
1.461216434593e-34
1.425959705417e-34
1.419236398047e-34
1.254246797313e-34
1.165420862191e-34
1.080729299046e-34
1.065080470276e-34
1.047876720590e-34
9.265789995558e-35
8.998514621940e-35
8.383465805296e-35
7.294159351051e-35
7.223985906075e-35
7.004900341434e-35
6.759261447466e-35
6.164397031417e-35
5.984259479366e-35
5.708680350560e-35
5.271806331728e-35
4.949621207864e-35
4.753555656962e-35
4.527396237069e-35
4.394623929356e-35
4.001418797892e-35
3.784428425292e-35
3.509194237702e-35
3.402018442315e-35
3.273237710707e-35
3.188933630035e-35
3.014686359226e-35
2.883474895175e-35
2.741655053473e-35
2.710844454756e-35
2.616864925430e-35
2.470931347206e-35
2.439299679440e-35
2.278065857322e-35
2.190393043990e-35
2.095114905966e-35
2.016221563231e-35
1.989034505427e-35
1.949858263422e-35
1.878728395056e-35
1.754988180071e-35
1.684394696328e-35
1.646628085601e-35
1.585745453916e-35
1.547527062229e-35
1.477760796916e-35
1.451441758542e-35
1.310953067660e-35
1.266207262967e-35
1.223868846035e-35
1.182876336757e-35
1.150828701944e-35
1.095288351064e-35
1.068077120763e-35
1.034205254553e-35
9.813308506848e-36
9.102188509603e-36
8.787605881540e-36
8.457575716596e-36
8.359894098679e-36
8.047665112906e-36
7.647019115482e-36
7.356775181030e-36
7.189885494029e-36
7.048509009204e-36
6.806347268047e-36
6.588251573863e-36
6.388696407072e-36
6.033000333893e-36
5.837331509970e-36
5.662648105821e-36
5.424522684018e-36
5.168977836503e-36
4.937604674121e-36
4.853839754659e-36
4.757307580850e-36
4.681494584375e-36
4.282271835818e-36
4.214555749175e-36
4.120164376700e-36
4.021315113756e-36
3.956759494302e-36
3.742680688599e-36
3.504494185525e-36
3.361244423190e-36
3.212215331203e-36
3.150032416626e-36
3.112986491920e-36
3.003548981500e-36
2.891009804221e-36
2.761410059897e-36
2.677894583318e-36
2.580424285464e-36
2.511344213250e-36
2.369022370722e-36
2.218569196871e-36
2.111562341816e-36
2.008478488609e-36
1.895223027149e-36
1.825056415045e-36
1.779715832848e-36
1.758721028481e-36
1.672326490814e-36
1.600136243249e-36
1.556014104815e-36
1.472822422532e-36
1.434392306133e-36
1.367956492978e-36
1.317674965997e-36
1.250341593490e-36
1.202496853894e-36
1.147147947047e-36
1.124524822925e-36
1.044667327240e-36
1.012686490902e-36
9.736248892405e-37
9.152335661570e-37
9.010506486199e-37
8.934574805370e-37
8.655382978819e-37
8.283380271770e-37
8.141316323350e-37
7.956204964100e-37
7.617581204218e-37
7.154347499646e-37
6.991429860317e-37
6.909934176101e-37
6.645985955959e-37
6.383517639608e-37
6.162741989338e-37
5.957092583944e-37
5.773759297728e-37
5.523410870632e-37
5.499360130839e-37
5.444719873388e-37
5.133937078509e-37
4.994186347791e-37
4.748815803004e-37
4.569916787424e-37
4.415392848658e-37
4.314384224943e-37
4.101564891043e-37
3.995612277394e-37
3.925780809945e-37
3.904728452773e-37
3.792905461519e-37
3.507358981409e-37
3.482809206348e-37
3.253055242881e-37
3.175905696431e-37
3.083153591825e-37
3.039248956759e-37
2.956912583382e-37
2.763593274027e-37
2.676319868196e-37
2.665473846997e-37
2.532145606492e-37
2.495292992485e-37
2.452436660160e-37
2.439292046114e-37
2.296366602978e-37
2.197820801804e-37
2.180676852516e-37
2.140542843134e-37
2.059503650423e-37
2.006986649868e-37
1.969240978087e-37
1.930074788463e-37
1.900350626406e-37
1.842003670889e-37
1.821570380188e-37
1.770843193206e-37
1.739322186491e-37
1.672935033392e-37
1.655355180905e-37
1.597193372870e-37
1.581410170086e-37
1.562590206630e-37
1.542503771883e-37
1.520314798576e-37
1.472334045941e-37
1.458082773613e-37
1.427720009114e-37
1.412630485028e-37
1.355965823760e-37
1.302464832770e-37
1.297632691710e-37
1.259882869236e-37
1.224783895699e-37
1.206399580324e-37
1.179191351087e-37
1.165233180395e-37
1.122529398334e-37
1.106592910619e-37
1.093975490527e-37
1.065633422660e-37
1.036700971733e-37
1.016396833751e-37
9.744278574998e-38
9.445900635106e-38
9.349600899155e-38
9.241250532559e-38
8.881841711413e-38
8.846301688473e-38
8.503830179319e-38
8.357135457117e-38
8.179225621827e-38
8.008185504871e-38
7.786070781662e-38
7.718010731475e-38
7.468876699276e-38
7.429170890050e-38
7.170953620316e-38
7.080967439553e-38
6.893377633234e-38
6.727630925134e-38
6.679197450025e-38
6.417227871905e-38
6.291773118385e-38
6.053373312635e-38
5.816188791705e-38
5.783738061026e-38
5.680684662171e-38
5.577230569033e-38
5.320293228242e-38
5.155750638773e-38
5.065964436446e-38
4.944460502943e-38
4.883234250924e-38
4.744367872373e-38
4.631149015641e-38
4.524039778540e-38
4.451487830690e-38
4.304799914658e-38
4.228705878977e-38
4.157261990222e-38
4.075883345050e-38
3.965555871361e-38
3.908825412309e-38
3.750497714363e-38
3.663246835178e-38
3.586308565489e-38
3.549992953497e-38
3.533462047031e-38
3.484699267766e-38
3.408016683448e-38
3.291579901953e-38
3.232415543589e-38
3.123434194612e-38
3.092347428630e-38
3.033270119752e-38
2.953260361377e-38
2.924633425107e-38
2.889903709848e-38
2.848545222514e-38
2.716124499812e-38
2.670835837825e-38
2.617900687040e-38
2.578457924466e-38
2.522056133948e-38
2.479746141793e-38
2.392295844891e-38
2.311693782930e-38
2.235972829074e-38
2.222644330056e-38
2.191890089252e-38
2.154841245996e-38
2.128604301287e-38
2.093468409644e-38
2.072453889186e-38
2.013496563953e-38
1.992317329496e-38
1.907520104495e-38
1.860737567600e-38
1.845790166537e-38
1.785426044031e-38
1.740285435150e-38
1.699280311919e-38
1.651154184773e-38
1.627063588446e-38
1.562924917665e-38
1.538130594027e-38
1.512904422427e-38
1.485876944430e-38
1.468453094238e-38
1.454900162009e-38
1.411305828292e-38
1.405991983421e-38
1.351141930748e-38
1.340136782602e-38
1.289799473987e-38
1.271730451125e-38
1.254088768901e-38
1.230836718300e-38
1.211590248271e-38
1.178786066599e-38
1.154641024835e-38
1.117679800866e-38
1.110204778789e-38
1.081470688397e-38
1.073466828648e-38
1.039400469461e-38
1.020522830666e-38
1.004662039366e-38
9.635722802669e-39
9.356144446492e-39
9.186258190402e-39
8.949550183135e-39
8.707416021111e-39
8.340993934311e-39
8.313998988935e-39
8.121422915564e-39
7.982326804278e-39
7.748021652195e-39
7.671770279641e-39
7.465403648424e-39
7.370450369226e-39
7.083839662989e-39
6.955768020581e-39
6.950629847520e-39
6.466242982073e-39
6.442211262114e-39
6.393794401315e-39
6.220271436568e-39
6.064524765762e-39
5.967120135344e-39
5.953963229456e-39
5.801530795660e-39
5.714468955317e-39
5.534451881447e-39
5.412120556566e-39
5.326074141431e-39
5.138560144566e-39
5.078987908636e-39
5.013761827244e-39
4.947736448945e-39
4.780158813555e-39
4.711522077379e-39
4.651003556769e-39
4.551278195651e-39
4.519981805841e-39
4.359001530241e-39
4.314898596314e-39
4.241662010769e-39
4.161709755152e-39
4.140268485570e-39
4.032080369541e-39
3.938061787198e-39
3.914186778167e-39
3.901499231639e-39
3.767339019401e-39
3.736891276064e-39
3.640800504476e-39
3.553532712819e-39
3.494175893586e-39
3.357164672001e-39
3.284478415971e-39
3.192489583838e-39
3.149454008225e-39
3.121369295918e-39
3.054486421003e-39
3.000543962821e-39
2.973399429644e-39
2.904073664990e-39
2.867374462052e-39
2.805184293239e-39
2.702631410732e-39
2.680373165920e-39
2.661579305937e-39
2.618775906158e-39
2.564803727406e-39
2.514561716358e-39
2.490443156922e-39
2.435820220036e-39
2.374129281602e-39
2.330696929347e-39
2.320586467836e-39
2.259923572833e-39
2.235272930453e-39
2.196875869411e-39
2.124863054342e-39
2.102919451808e-39
2.056491815570e-39
2.017167363042e-39
1.966580536444e-39
1.941430949386e-39
1.919043035496e-39
1.910273405554e-39
1.887413076612e-39
1.810706420153e-39
1.783380931122e-39
1.759247654225e-39
1.730924063973e-39
1.698278962415e-39
1.669049422387e-39
1.638705297743e-39
1.610538530766e-39
1.590485390097e-39
1.585385726283e-39
1.557501324690e-39
1.525200985783e-39
1.499546754329e-39
1.486929860855e-39
1.476648281789e-39
1.446187936497e-39
1.434140147314e-39
1.407094178420e-39
1.394162247422e-39
1.367194870907e-39
1.347339801538e-39
1.340303888761e-39
1.328377296918e-39
1.296644146685e-39
1.290878301940e-39
1.264513157175e-39
1.258355663374e-39
1.249962503468e-39
1.238451787590e-39
1.213680285392e-39
1.181420842894e-39
1.173438983498e-39
1.160463868647e-39
1.129441130126e-39
1.102988795237e-39
1.099761417619e-39
1.081835894036e-39
1.052389983634e-39
1.046020001921e-39
1.006727351731e-39
9.916045818573e-40
9.906252393922e-40
9.670244491921e-40
9.425230669847e-40
9.206462497769e-40
9.102526925213e-40
8.978620960928e-40
8.807340451243e-40
8.619119791832e-40
8.550270365147e-40
8.487038722060e-40
8.237700761739e-40
8.073933202626e-40
7.954845292175e-40
7.698134355638e-40
7.647548148798e-40
7.553736445745e-40
7.375987508350e-40
7.262725390117e-40
7.175706062998e-40
7.148424494908e-40
6.823152936760e-40
6.746846385473e-40
6.690319307323e-40
6.655336175487e-40
6.624209289514e-40
6.487591553239e-40
6.311507305198e-40
6.240526184692e-40
6.168518075816e-40
5.985568730376e-40
5.935921820411e-40
5.788755538617e-40
5.775724405906e-40
5.632405180152e-40
5.517236879520e-40
5.462482533851e-40
5.420256676539e-40
5.282347215742e-40
5.227616164412e-40
5.159686082387e-40
5.051685691098e-40
5.015851860685e-40
4.890589224089e-40
4.803782292170e-40
4.701919892468e-40
4.622162225096e-40
4.491563343385e-40
4.468550172365e-40
4.309571785133e-40
4.262278443238e-40
4.166234532521e-40
4.060593556135e-40
3.991625077373e-40
3.918377577917e-40
3.847845865104e-40
3.776945052609e-40
3.703364688957e-40
3.646697843547e-40
3.596890623649e-40
3.555707312904e-40
3.518074166014e-40
3.460677323839e-40
3.422775945446e-40
3.359055295030e-40
3.335981878935e-40
3.269190625603e-40
3.208231073641e-40
3.158530067482e-40
3.147049265338e-40
3.061374559774e-40
3.040232757017e-40
2.974132933384e-40
2.953330727748e-40
2.919386023076e-40
2.863611159119e-40
2.783647259204e-40
2.755826240120e-40
2.732239361896e-40
2.679513956463e-40
2.643886858557e-40
2.566314873065e-40
2.555932187595e-40
2.501622910602e-40
2.457541903481e-40
2.390603261116e-40
2.358052887431e-40
2.327118122540e-40
2.290646701217e-40
2.260989787779e-40
2.239964214076e-40
2.219478361713e-40
2.195164526741e-40
2.142297493390e-40
2.138957651424e-40
2.109115073003e-40
2.067145748739e-40
2.048729551959e-40
1.977398296791e-40
1.973440635069e-40
1.932860619326e-40
1.903412460691e-40
1.871327712643e-40
1.829563164139e-40
1.807568543848e-40
1.787684133483e-40
1.762214605830e-40
1.742373582582e-40
1.738430293140e-40
1.699718396894e-40
1.675731527565e-40
1.635713374003e-40
1.621048837057e-40
1.615641447826e-40
1.579449274739e-40
1.550975650407e-40
1.513491728125e-40
1.506810277404e-40
1.486924248692e-40
1.465086260671e-40
1.448510898953e-40
1.444402522147e-40
1.410079505322e-40
1.396788361753e-40
1.389023998961e-40
1.371381822451e-40
1.357115508214e-40
1.343315907144e-40
1.301910098729e-40
1.285413133587e-40
1.276265360516e-40
1.261518978478e-40
1.244241056661e-40
1.214530435104e-40
1.203969833448e-40
1.181897417508e-40
1.176632739343e-40
1.160521658074e-40
1.145233680320e-40
1.129387206839e-40
1.119259380138e-40
1.105169805498e-40
1.088709062742e-40
1.078899104476e-40
1.067025323205e-40
1.057234279219e-40
1.035481406041e-40
1.012988852922e-40
1.005904716119e-40
1.003475794164e-40
9.879199300256e-41
9.790204156870e-41
9.544826570743e-41
9.462464847322e-41
9.306895580678e-41
9.241945063346e-41
9.049392445541e-41
8.918199383916e-41
8.800728449371e-41
8.694507362673e-41
8.537766347528e-41
8.413606005997e-41
8.279478316799e-41
8.198614819389e-41
8.161720605371e-41
7.996434454449e-41
7.924739808966e-41
7.847560364784e-41
7.690541306285e-41
7.622565052352e-41
7.520215818143e-41
7.420893932203e-41
7.353931605309e-41
7.220338767646e-41
6.983245526605e-41
6.951303599182e-41
6.926140401661e-41
6.802263147545e-41
6.757945078858e-41
6.604381706034e-41
6.578089758237e-41
6.464652032558e-41
6.286377399401e-41
6.212591692609e-41
6.153417824457e-41
6.063692615142e-41
5.973581137342e-41
5.785793130098e-41
5.708989264811e-41
5.686861205371e-41
5.579646598259e-41
5.433749378421e-41
5.378980044794e-41
5.294586887054e-41
5.189346816459e-41
5.145153868886e-41
5.036378860057e-41
5.000125201510e-41
4.932461963219e-41
4.830616763421e-41
4.763710571318e-41
4.732840042077e-41
4.661636157360e-41
4.568463656956e-41
4.476511857329e-41
4.389507077869e-41
4.329210030543e-41
4.293375505735e-41
4.226238172729e-41
4.108650984484e-41
4.046295416118e-41
4.015787385351e-41
3.996296375380e-41
3.949100266803e-41
3.887055827865e-41
3.862638731824e-41
3.815387196509e-41
3.745304715705e-41
3.642884266230e-41
3.613906667007e-41
3.499870720781e-41
3.484138442501e-41
3.456756537379e-41
3.423464029701e-41
3.323269643802e-41
3.259919436997e-41
3.227675888538e-41
3.203538376071e-41
3.180557947089e-41
3.123734757096e-41
3.092890422595e-41
3.040162021079e-41
3.020812129682e-41
2.994173525076e-41
2.932979509090e-41
2.871208020254e-41
2.847250581824e-41
2.833763057221e-41
2.800360680438e-41
2.770584002099e-41
2.708559964064e-41
2.671737985676e-41
2.601818683553e-41
2.532331701392e-41
2.502736710687e-41
2.446037748380e-41
2.424066806365e-41
2.398343431036e-41
2.334366787861e-41
2.316317630036e-41
2.291345618512e-41
2.264947952524e-41
2.211719563404e-41
2.192425034759e-41
2.173917031634e-41
2.130520096579e-41
2.116936043354e-41
2.083565414551e-41
2.053601181153e-41
2.038977016230e-41
2.023811273623e-41
1.990182730449e-41
1.968642656800e-41
1.930318181972e-41
1.925373648964e-41
1.888288051877e-41
1.869303820143e-41
1.846393704051e-41
1.806424488637e-41
1.797498950161e-41
1.772490039285e-41
1.731362949450e-41
1.706136016323e-41
1.695714441548e-41
1.665177123598e-41
1.649787686265e-41
1.631749504884e-41
1.618081788550e-41
1.599387583847e-41
1.576204363939e-41
1.563678827969e-41
1.531236589017e-41
1.515072436213e-41
1.475342760613e-41
1.451038664051e-41
1.442374583052e-41
1.438601885278e-41
1.407317455518e-41
1.395538414304e-41
1.382395280194e-41
1.347482104662e-41
1.336817039167e-41
1.324702182746e-41
1.310300912391e-41
1.289156193888e-41
1.254013436799e-41
1.251229172572e-41
1.230269640740e-41
1.214484143612e-41
1.196937804086e-41
1.188011453664e-41
1.178655412515e-41
1.151401494112e-41
1.125997835437e-41
1.100013429681e-41
1.092070843599e-41
1.077975067938e-41
1.057737089272e-41
1.043247944620e-41
1.024757943612e-41
1.018493926819e-41
1.011546502631e-41
9.909180222408e-42
9.673904140118e-42
9.601331150921e-42
9.420687263716e-42
9.340981780788e-42
9.131089485817e-42
8.950983283324e-42
8.868340194445e-42
8.744611684300e-42
8.641294440800e-42
8.540691102689e-42
8.366181336001e-42
8.268087170656e-42
8.193705659750e-42
8.081316188380e-42
7.943615033572e-42
7.838257494451e-42
7.704706156755e-42
7.519092611170e-42
7.460600001021e-42
7.411037626950e-42
7.237402069194e-42
7.173585299404e-42
6.982627695844e-42
6.874477375198e-42
6.841582049850e-42
6.713425097626e-42
6.653176094275e-42
6.556363631878e-42
6.414410658343e-42
6.375309124880e-42
6.244329310118e-42
6.142732039786e-42
6.111323662555e-42
6.054000002539e-42
5.988021577390e-42
5.909979868141e-42
5.801852093387e-42
5.700035074532e-42
5.611173711257e-42
5.446417915518e-42
5.427795478501e-42
5.369853557634e-42
5.232277989702e-42
5.140117982965e-42
5.035943872330e-42
4.963136290507e-42
4.881681482307e-42
4.795786346527e-42
4.757856050256e-42
4.660584124037e-42
4.587551584735e-42
4.482257414927e-42
4.422515164899e-42
4.391824850634e-42
4.361538442769e-42
4.307010880251e-42
4.225936305049e-42
4.140528951687e-42
4.109170608683e-42
4.043255752429e-42
3.945986867816e-42
3.896640606527e-42
3.852523619313e-42
3.797923876736e-42
3.727945446024e-42
3.713019137977e-42
3.632984392204e-42
3.539285246998e-42
3.510263697853e-42
3.469098022224e-42
3.419185739974e-42
3.310941999924e-42
3.280596197431e-42
3.223932100816e-42
3.200098193380e-42
3.163675669162e-42
3.147730223921e-42
3.087681241652e-42
3.053677450134e-42
3.017635619996e-42
2.942312854243e-42
2.936073452077e-42
2.901183508678e-42
2.814448398989e-42
2.792351911078e-42
2.750676297366e-42
2.714925861885e-42
2.665362663008e-42
2.608600019088e-42
2.567386101343e-42
2.534379174605e-42
2.522947046021e-42
2.477833522241e-42
2.443850998144e-42
2.420652217248e-42
2.360494063182e-42
2.335462019508e-42
2.295208608758e-42
2.272610230042e-42
2.231989227538e-42
2.168707395013e-42
2.123486308051e-42
2.113923089489e-42
2.082640479858e-42
2.026700124049e-42
2.024818949179e-42
1.986443603081e-42
1.973213971176e-42
1.927654368494e-42
1.909660382971e-42
1.881969874972e-42
1.870752227493e-42
1.856844685940e-42
1.813011661439e-42
1.807560343203e-42
1.799919056221e-42
1.755723874243e-42
1.751099515827e-42
1.726968176851e-42
1.690412498171e-42
1.673743437932e-42
1.666442820616e-42
1.630376801868e-42
1.626098686988e-42
1.591682787334e-42
1.545645599498e-42
1.541253250929e-42
1.517321012115e-42
1.490728026566e-42
1.482620625423e-42
1.458253716397e-42
1.447257823648e-42
1.421868271006e-42
1.409138415846e-42
1.393502091635e-42
1.362205298563e-42
1.347932578490e-42
1.325733163479e-42
1.315937098147e-42
1.298856813962e-42
1.284831613479e-42
1.259487453765e-42
1.233319669960e-42
1.218667008352e-42
1.205754182858e-42
1.175139849321e-42
1.159130434590e-42
1.132062442494e-42
1.119492759589e-42
1.104003310971e-42
1.086284338838e-42
1.081073076330e-42
1.075643291811e-42
1.062633148624e-42
1.049445805414e-42
1.039182434726e-42
1.005195679640e-42
9.841782504367e-43
9.721174074090e-43
9.385294343277e-43
9.288397960394e-43
9.169155255162e-43
9.066158123160e-43
8.989754654147e-43
8.794340471335e-43
8.634003756955e-43
8.551031446539e-43
8.427889582780e-43
8.358860016914e-43
8.169032764139e-43
8.032764066100e-43
7.828938738417e-43
7.791815366716e-43
7.704297679801e-43
7.599696373596e-43
7.422403280886e-43
7.374577716315e-43
7.196461256554e-43
7.016081489249e-43
6.934684267113e-43
6.791892303058e-43
6.517637275563e-43
6.481758555548e-43
6.433692561012e-43
6.366837683645e-43
6.228966631996e-43
6.195365931730e-43
6.098176722069e-43
6.013797391497e-43
5.907213678535e-43
5.823284271472e-43
5.769869217358e-43
5.684790019613e-43
5.540470819028e-43
5.477037600555e-43
5.375238391751e-43
5.299703507512e-43
5.206153194774e-43
5.110960997361e-43
5.011688378451e-43
4.982084500690e-43
4.860668271575e-43
4.745239060770e-43
4.704053059716e-43
4.543985545464e-43
4.486924518208e-43
4.440134230590e-43
4.418636952329e-43
4.305989868497e-43
4.215708624544e-43
4.160102173543e-43
4.098395367087e-43
4.087570057874e-43
4.034051272591e-43
3.942210112983e-43
3.866919941481e-43
3.808025977540e-43
3.777883741006e-43
3.750279423689e-43
3.648704270378e-43
3.619336744778e-43
3.575610028994e-43
3.571304285647e-43
3.551350237090e-43
3.438417179970e-43
3.375689771850e-43
3.340668016521e-43
3.302637349216e-43
3.279790815482e-43
3.205359568924e-43
3.179849848394e-43
3.118359389583e-43
3.088689289434e-43
3.029523344107e-43
2.956142677677e-43
2.924090520418e-43
2.902331349302e-43
2.859037029131e-43
2.794956285777e-43
2.771355705044e-43
2.713718425177e-43
2.638125166169e-43
2.595781035795e-43
2.587403103879e-43
2.514753099310e-43
2.478994371966e-43
2.439289831233e-43
2.412922670638e-43
2.375730511435e-43
2.286896492990e-43
2.279324566936e-43
2.258791794557e-43
2.222266383836e-43
2.196916205117e-43
2.151146069995e-43
2.135233918834e-43
2.131091010992e-43
2.099889132556e-43
2.089689698067e-43
2.061590718969e-43
2.029256471403e-43
1.994047839109e-43
1.949051050743e-43
1.924989149508e-43
1.912401498292e-43
1.872229584075e-43
1.836056078875e-43
1.833647890444e-43
1.787879922816e-43
1.763628838550e-43
1.717275364817e-43
1.694310315560e-43
1.689858486242e-43
1.631305644919e-43
1.620410528642e-43
1.568592735119e-43
1.559542406759e-43
1.539633489457e-43
1.520084819877e-43
1.486185858074e-43
1.459612700363e-43
1.445315675933e-43
1.414413047461e-43
1.384066136108e-43
1.371522894865e-43
1.353348662565e-43
1.344959991182e-43
1.323705246104e-43
1.294685275342e-43
1.287340882325e-43
1.248816898820e-43
1.228509504107e-43
1.216574933194e-43
1.209026271314e-43
1.175719368411e-43
1.162568038877e-43
1.148817409813e-43
1.124610384333e-43
1.118889100129e-43
1.101439601980e-43
1.075829410732e-43
1.057708497563e-43
1.037223987292e-43
1.016570873428e-43
1.008522829614e-43
9.873773992295e-44
9.657512002309e-44
9.475499965563e-44
9.418825589477e-44
9.215183409959e-44
9.067601407241e-44
8.995420788366e-44
8.971150569009e-44
8.784303544478e-44
8.470367180025e-44
8.427372433347e-44
8.378699416565e-44
8.252284663951e-44
8.130055310595e-44
7.999725445234e-44
7.733947977058e-44
7.565432589401e-44
7.480240101990e-44
7.421929047775e-44
7.394621553563e-44
7.240064424407e-44
7.165316707656e-44
6.901724094712e-44
6.731624042860e-44
6.650515954514e-44
6.619791660707e-44
6.506594754810e-44
6.392227706819e-44
6.335630225933e-44
6.080984794684e-44
6.006837270307e-44
5.814977101581e-44
5.742876058048e-44
5.565550295933e-44
5.474742620718e-44
5.460963601072e-44
5.366479956466e-44
5.294733330495e-44
5.215294297030e-44
5.133779226869e-44
4.946048386591e-44
4.886410294098e-44
4.832787881423e-44
4.800956555598e-44
4.638332362440e-44
4.577502116518e-44
4.496263992869e-44
4.448118177063e-44
4.349845402722e-44
4.295264314955e-44
4.180586748744e-44
4.061893843083e-44
4.035058024286e-44
3.982941625433e-44
3.846391222037e-44
3.752303841810e-44
3.732071947759e-44
3.670017874028e-44
3.578369499275e-44
3.508209327178e-44
3.480501685731e-44
3.449821004902e-44
3.361205422954e-44
3.319218714092e-44
3.247924175218e-44
3.168680427359e-44
3.143741789500e-44
3.042432952311e-44
3.007130222920e-44
2.952440041040e-44
2.932889073240e-44
2.860576299126e-44
2.780872801844e-44
2.746734573818e-44
2.703228917396e-44
2.661296738538e-44
2.560148794773e-44
2.525672043459e-44
2.476140660033e-44
2.461500249712e-44
2.428457258360e-44
2.346070317955e-44
2.277473292402e-44
2.236648438069e-44
2.207624178834e-44
2.184864455497e-44
2.127147865673e-44
2.088268382413e-44
2.060250948001e-44
2.008060990430e-44
1.981210440309e-44
1.929978757558e-44
1.856652710190e-44
1.837856595513e-44
1.790298396716e-44
1.736632295053e-44
1.692743650673e-44
1.655013238757e-44
1.646520452164e-44
1.608912338092e-44
1.575098485995e-44
1.538824601261e-44
1.505051131825e-44
1.464828723382e-44
1.412244044362e-44
1.403781627046e-44
1.366673826964e-44
1.314657016066e-44
1.293864630511e-44
1.269084816218e-44
1.247751820655e-44
1.202948037021e-44
1.172193846107e-44
1.163999104109e-44
1.144709452543e-44
1.109254937092e-44
1.092955969617e-44
1.078474187325e-44
1.039632510881e-44
9.823837812450e-45
9.713535890748e-45
9.661824584891e-45
9.365822067300e-45
9.143957885944e-45
9.028098320592e-45
8.824505943266e-45
8.712113485152e-45
8.390733489187e-45
8.035660167393e-45
7.673149293842e-45
7.540167331318e-45
7.448654221910e-45
7.282584684608e-45
7.108885455970e-45
6.690368953265e-45
6.587050496308e-45
6.517513419470e-45
6.462965274112e-45
6.327352945886e-45
6.060954242575e-45
5.881938954368e-45
5.772647431397e-45
5.740507439394e-45
5.585566876304e-45
5.465401985593e-45
5.259663720089e-45
5.066548357485e-45
4.904447484125e-45
4.849040115355e-45
4.802952897243e-45
4.616265156026e-45
4.560271066485e-45
4.390427407183e-45
4.257849648878e-45
4.095547326980e-45
4.044638225827e-45
3.977405410710e-45
3.886289383761e-45
3.746377357655e-45
3.577515981610e-45
3.415542051915e-45
3.391433049808e-45
3.384486090157e-45
3.308197913187e-45
3.102591765016e-45
3.052996131848e-45
2.988307400392e-45
2.923117708713e-45
2.819185740047e-45
2.722399620056e-45
2.716635309814e-45
2.633399631575e-45
2.584972604063e-45
2.510040335328e-45
2.442191991773e-45
2.391450587613e-45
2.315321637667e-45
2.275256261493e-45
2.163745495423e-45
2.116213902189e-45
2.035891569222e-45
1.981536747795e-45
1.901601620001e-45
1.789388228292e-45
1.767283619486e-45
1.710487849601e-45
1.701559060781e-45
1.638246758096e-45
1.632112711749e-45
1.586288986688e-45
1.553915605721e-45
1.540086296827e-45
1.460757554484e-45
1.427008199696e-45
1.361450526875e-45
1.333499337078e-45
1.305689125790e-45
1.253649058192e-45
1.230721451417e-45
1.150526090952e-45
1.103410508839e-45
1.080618595617e-45
1.048040245268e-45
1.018768866925e-45
9.642616659999e-46
9.154075732662e-46
8.718502880322e-46
8.635791938862e-46
8.366504601603e-46
8.157504030441e-46
7.778844584285e-46
7.531203980683e-46
7.325492268218e-46
7.137934210282e-46
6.835602798923e-46
6.323850833061e-46
6.122292226611e-46
5.920087995542e-46
5.628708977714e-46
5.389724830134e-46
5.288880887673e-46
5.202541957394e-46
4.689656025600e-46
4.567692978550e-46
4.420249636970e-46
4.018186596506e-46
3.844638947573e-46
3.752793466340e-46
3.491931361409e-46
3.410866065176e-46
3.203770520258e-46
3.043103871077e-46
2.945509500681e-46
2.755695854227e-46
2.470876690606e-46
2.419348828681e-46
2.169458629834e-46
1.998184444609e-46
1.993094260320e-46
1.731067755236e-46
1.623690834226e-46
1.485676015061e-46
1.388681457250e-46
1.237647530812e-46
1.167029543942e-46
9.678976428319e-47
8.951326960490e-47
8.290507266711e-47
7.366498838283e-47
5.929299747674e-47
5.454199301635e-47
4.414950435684e-47
3.964725028018e-47
3.080181313058e-47
2.375797235762e-47
2.047520209335e-47
1.291951354798e-47
8.999198456758e-48
1.981511903724e-48
