#lambda_0=4.254864054465e-01
1.000000000000e+00
6.067733293845e-01
6.066568782184e-01
3.958733053261e-01
3.943272152112e-01
3.886408536647e-01
3.772508685562e-01
3.771792600751e-01
3.530557968164e-01
3.523877065258e-01
3.451030801440e-01
3.366678460018e-01
3.352184108471e-01
3.262443373217e-01
3.235974136475e-01
3.217960484660e-01
3.171851571114e-01
3.136671782363e-01
3.056009572203e-01
2.953217046760e-01
2.940156967405e-01
2.908513608563e-01
2.873289574317e-01
2.819326867060e-01
2.814064351876e-01
2.763851290996e-01
2.734271514334e-01
2.697006681532e-01
2.666087689917e-01
2.619701053830e-01
2.569393551979e-01
2.561655304874e-01
2.553093831437e-01
2.479713342993e-01
2.449690774385e-01
2.430218858889e-01
2.426396240308e-01
2.418713392917e-01
2.395437054898e-01
2.391717041239e-01
2.376938645539e-01
2.351121413628e-01
2.328077667735e-01
2.310162720382e-01
2.296597805913e-01
2.292134636925e-01
2.284912730877e-01
2.275836003282e-01
2.246952544203e-01
2.203871748672e-01
2.192088921688e-01
2.178281345047e-01
2.173896373198e-01
2.171789672931e-01
2.147093339936e-01
2.145930371718e-01
2.112854695782e-01
2.099593711312e-01
2.085909935486e-01
2.064908342493e-01
2.061992047210e-01
2.055693948455e-01
2.047759508959e-01
2.040307771070e-01
2.014832457457e-01
2.009556379830e-01
1.985166270941e-01
1.971570346542e-01
1.948579422399e-01
1.890372835225e-01
1.883091793701e-01
1.877359511233e-01
1.852173613809e-01
1.849471240626e-01
1.838269837826e-01
1.826161219369e-01
1.816485481353e-01
1.806701546598e-01
1.805031726202e-01
1.781296243653e-01
1.771526948469e-01
1.760845698347e-01
1.734831997689e-01
1.723041458141e-01
1.722713009554e-01
1.689319995327e-01
1.686248676648e-01
1.670607775778e-01
1.667121357833e-01
1.661585856261e-01
1.645593704361e-01
1.645440262219e-01
1.640520906589e-01
1.619077237535e-01
1.618850263678e-01
1.594525755775e-01
1.579630743587e-01
1.552405470905e-01
1.548996602376e-01
1.543188862499e-01
1.531115125628e-01
1.528881806437e-01
1.518698675599e-01
1.518366496903e-01
1.515090491477e-01
1.491625538262e-01
1.485214949115e-01
1.471731305644e-01
1.452494178817e-01
1.449171703361e-01
1.448826024829e-01
1.429745495888e-01
1.422454801517e-01
1.420687476245e-01
1.415116841164e-01
1.411243806886e-01
1.407607750931e-01
1.401689131663e-01
1.396865514176e-01
1.388601304413e-01
1.386135767410e-01
1.381387404999e-01
1.358106617122e-01
1.341788631313e-01
1.339853565799e-01
1.336975288280e-01
1.334929441765e-01
1.321978043914e-01
1.320023007308e-01
1.318558350210e-01
1.314713357322e-01
1.314340025763e-01
1.313573262275e-01
1.309317463110e-01
1.305971816416e-01
1.267944373389e-01
1.267382667491e-01
1.234910013742e-01
1.231190757855e-01
1.229838956973e-01
1.217867098298e-01
1.209207205492e-01
1.204631393521e-01
1.199644533357e-01
1.197627637369e-01
1.184850266711e-01
1.175090885074e-01
1.165166039139e-01
1.159636324560e-01
1.154166496216e-01
1.153524607949e-01
1.153508616402e-01
1.151062077879e-01
1.136441708931e-01
1.106777621301e-01
1.095484459730e-01
1.095176519296e-01
1.088882435127e-01
1.088112195264e-01
1.085003194876e-01
1.081822925593e-01
1.072903990107e-01
1.072044638466e-01
1.066686060127e-01
1.065651432918e-01
1.065286771455e-01
1.063228280773e-01
1.054323403414e-01
1.053195509786e-01
1.046981180736e-01
1.042967201045e-01
1.038302351595e-01
1.034977690813e-01
1.027445299385e-01
1.027204307976e-01
1.026592844101e-01
1.026130233385e-01
1.021476736419e-01
1.015833362488e-01
1.012147078262e-01
1.007047279080e-01
1.001820349690e-01
9.926750257443e-02
9.872173981262e-02
9.843595304595e-02
9.794023963963e-02
9.760401123319e-02
9.685401045645e-02
9.536556665948e-02
9.514779968508e-02
9.397401423970e-02
9.332666670267e-02
9.287847125103e-02
9.181314705142e-02
9.127770841946e-02
9.014565272581e-02
8.887046210632e-02
8.878527635756e-02
8.812511685228e-02
8.792254214465e-02
8.727456653896e-02
8.715387609273e-02
8.640555958637e-02
8.627701920398e-02
8.606531257755e-02
8.588293492619e-02
8.566671103197e-02
8.550201318828e-02
8.539901982940e-02
8.397274389474e-02
8.372868358649e-02
8.303324271177e-02
8.264206154937e-02
8.251674138274e-02
8.229657195497e-02
8.170008026929e-02
8.144448602369e-02
8.132288145170e-02
8.045587341633e-02
8.039185616608e-02
8.023617043248e-02
8.001986394838e-02
7.998054277082e-02
7.891371976574e-02
7.886479020365e-02
7.864534654208e-02
7.841979669732e-02
7.838383102646e-02
7.805248859756e-02
7.765866027359e-02
7.627893608969e-02
7.544647051508e-02
7.537320222891e-02
7.536997280837e-02
7.509587923173e-02
7.485602782178e-02
7.470273564582e-02
7.459078621790e-02
7.419752952988e-02
7.352480984823e-02
7.330756120083e-02
7.330418464628e-02
7.263784665552e-02
7.148659281222e-02
7.134073939395e-02
7.094959226930e-02
7.090414834532e-02
7.072055848766e-02
7.054579827559e-02
7.042303930072e-02
7.039746520682e-02
7.036351427958e-02
7.003961572491e-02
6.916950958404e-02
6.874782832146e-02
6.871229670008e-02
6.854866058808e-02
6.786678636064e-02
6.784284330370e-02
6.741747222804e-02
6.714646082488e-02
6.682052171767e-02
6.660965432553e-02
6.632504116365e-02
6.619463734899e-02
6.619095755981e-02
6.577877311559e-02
6.555543825369e-02
6.551996938106e-02
6.474435585985e-02
6.468022103755e-02
6.461940113608e-02
6.435281161107e-02
6.362218427492e-02
6.315755050931e-02
6.311910874958e-02
6.303491714300e-02
6.248412036018e-02
6.239522067186e-02
6.132398672182e-02
6.110748710761e-02
6.103984767764e-02
6.095244284812e-02
6.092092994045e-02
6.047038153042e-02
6.046513451790e-02
5.996089501621e-02
5.972754761316e-02
5.937777285851e-02
5.933033119291e-02
5.848902931183e-02
5.829100682591e-02
5.800497492639e-02
5.763695362151e-02
5.740232828564e-02
5.708397497791e-02
5.682163052411e-02
5.679698026658e-02
5.668683762562e-02
5.665014732283e-02
5.653065070153e-02
5.584822015234e-02
5.564657332156e-02
5.555757199513e-02
5.552519064089e-02
5.517465613210e-02
5.489880708802e-02
5.483137627513e-02
5.423956729339e-02
5.423328898665e-02
5.374791538531e-02
5.331971870431e-02
5.331572889038e-02
5.284298346340e-02
5.278946422418e-02
5.253595114973e-02
5.224107136866e-02
5.205706373610e-02
5.181292290986e-02
5.162948346979e-02
5.153570369756e-02
5.116520938276e-02
5.087886385178e-02
5.053334948420e-02
4.988760221440e-02
4.975463816405e-02
4.964337790896e-02
4.915272156695e-02
4.902938471309e-02
4.859688760265e-02
4.851378886220e-02
4.847544557743e-02
4.843483143197e-02
4.830063838991e-02
4.819087476659e-02
4.799770078922e-02
4.774811806783e-02
4.761182795527e-02
4.758940469950e-02
4.755109050132e-02
4.682353741806e-02
4.645229065816e-02
4.638256190535e-02
4.609660621518e-02
4.555069048360e-02
4.550189487652e-02
4.548184935576e-02
4.543385620561e-02
4.535851033258e-02
4.454349353539e-02
4.446178481835e-02
4.421738942205e-02
4.420374090505e-02
4.385873209935e-02
4.344618593497e-02
4.308806794464e-02
4.297141592246e-02
4.294746779851e-02
4.277329287032e-02
4.260822991009e-02
4.226617030808e-02
4.211068033841e-02
4.201716475289e-02
4.182314708690e-02
4.180794033153e-02
4.179546863556e-02
4.147994208665e-02
4.122823928249e-02
4.118070361702e-02
4.078819112230e-02
4.056813831553e-02
4.043758458498e-02
4.021826418727e-02
4.018469381504e-02
4.004079365538e-02
3.991980101809e-02
3.980768669364e-02
3.971236567772e-02
3.927852274263e-02
3.890866301916e-02
3.866567704167e-02
3.859296363088e-02
3.855929776731e-02
3.829429273821e-02
3.826024395590e-02
3.821162307971e-02
3.803607564166e-02
3.782431738382e-02
3.775174186449e-02
3.759921276820e-02
3.758706365688e-02
3.740580823663e-02
3.738065406960e-02
3.691488035391e-02
3.683209103325e-02
3.678462979941e-02
3.636335340187e-02
3.622282982976e-02
3.604805327671e-02
3.594729013104e-02
3.590891135969e-02
3.585792922553e-02
3.560393333067e-02
3.555194883349e-02
3.526895036479e-02
3.508277411875e-02
3.505582631582e-02
3.490369755095e-02
3.467097518272e-02
3.466520727009e-02
3.457388269866e-02
3.456640045653e-02
3.417424107441e-02
3.405219927110e-02
3.398794247621e-02
3.382660534461e-02
3.377973356300e-02
3.376272750168e-02
3.369578161250e-02
3.366572354538e-02
3.365585600581e-02
3.357647895666e-02
3.354800670737e-02
3.313961532125e-02
3.305689274927e-02
3.301432812693e-02
3.276912482109e-02
3.259560564270e-02
3.231427490196e-02
3.208068911695e-02
3.201748480266e-02
3.200486837634e-02
3.193891342492e-02
3.177156355252e-02
3.168490189820e-02
3.162677089259e-02
3.158981765298e-02
3.153992975582e-02
3.134371589398e-02
3.106413516324e-02
3.089224568941e-02
3.073999533194e-02
3.070149915730e-02
3.064155262903e-02
3.061516126445e-02
3.053230748948e-02
3.051050601530e-02
3.044820667489e-02
3.042186705811e-02
3.036899682737e-02
2.998057947989e-02
2.974030601609e-02
2.959632486207e-02
2.956449322023e-02
2.951330887818e-02
2.948452297543e-02
2.935354740358e-02
2.926357459272e-02
2.923845205589e-02
2.894601970409e-02
2.887908416797e-02
2.878373259656e-02
2.871812043076e-02
2.850614997297e-02
2.849373391929e-02
2.826436779658e-02
2.814679657004e-02
2.792691098125e-02
2.791746587121e-02
2.789179941502e-02
2.761855083060e-02
2.750657899387e-02
2.749739114214e-02
2.742836686555e-02
2.723220314555e-02
2.716144763668e-02
2.713213795353e-02
2.707407365618e-02
2.688832182783e-02
2.686366926426e-02
2.671453624504e-02
2.666349773603e-02
2.660317047935e-02
2.658414344033e-02
2.642239350477e-02
2.631833388159e-02
2.619730601287e-02
2.615335668242e-02
2.609333612060e-02
2.608647635574e-02
2.606914788215e-02
2.606138360828e-02
2.591631166901e-02
2.587689882048e-02
2.571122406039e-02
2.571042978531e-02
2.545363934217e-02
2.536544394603e-02
2.524678733342e-02
2.520762978596e-02
2.504756811677e-02
2.492638899480e-02
2.488591153689e-02
2.473621230396e-02
2.460565965024e-02
2.457412682369e-02
2.452271444391e-02
2.450008242381e-02
2.437992235572e-02
2.423508440957e-02
2.406851804272e-02
2.399536807290e-02
2.391595442658e-02
2.389979418505e-02
2.386506245131e-02
2.381614577432e-02
2.381183193780e-02
2.373102384470e-02
2.360001373720e-02
2.357566332398e-02
2.354933351594e-02
2.350956328433e-02
2.347158850096e-02
2.318941517251e-02
2.311696702028e-02
2.308845332022e-02
2.308152935627e-02
2.301900034184e-02
2.292045308765e-02
2.277532366188e-02
2.277169410236e-02
2.269758664651e-02
2.259898615810e-02
2.256197544584e-02
2.254626615321e-02
2.241933936183e-02
2.238633780698e-02
2.236793472372e-02
2.229206194543e-02
2.224116252388e-02
2.209778611259e-02
2.209400450404e-02
2.206110890052e-02
2.201485502314e-02
2.195924364659e-02
2.184689426729e-02
2.173361281457e-02
2.163779901033e-02
2.147828788630e-02
2.142517070778e-02
2.139088437708e-02
2.134785003626e-02
2.111078431816e-02
2.106292993590e-02
2.089702701409e-02
2.084488011453e-02
2.083918115063e-02
2.082135528902e-02
2.069352231298e-02
2.051914096909e-02
2.048182636392e-02
2.043175135614e-02
2.028636185940e-02
2.025371738515e-02
2.019767799319e-02
2.016729285026e-02
2.009089255680e-02
2.006121976952e-02
2.003560617889e-02
2.002396598509e-02
1.997208967049e-02
1.997195933043e-02
1.989526916871e-02
1.982731178613e-02
1.979306355349e-02
1.968419340922e-02
1.963843159066e-02
1.962716917686e-02
1.947619158928e-02
1.945518463775e-02
1.937754246782e-02
1.929614926636e-02
1.925590930450e-02
1.922878109633e-02
1.914168266713e-02
1.908139604110e-02
1.907616300485e-02
1.900061597058e-02
1.892504304060e-02
1.891157152822e-02
1.889303707517e-02
1.877673835254e-02
1.856523223156e-02
1.855600788086e-02
1.851572344026e-02
1.839117840079e-02
1.830713673011e-02
1.829659753512e-02
1.828794786435e-02
1.816215084875e-02
1.814368815561e-02
1.813218593472e-02
1.811908624669e-02
1.799549273829e-02
1.791562876441e-02
1.791243120842e-02
1.791002762394e-02
1.788466807247e-02
1.782505046289e-02
1.780984880799e-02
1.779260959781e-02
1.766452780590e-02
1.765143516915e-02
1.765098863345e-02
1.762426270942e-02
1.758785120765e-02
1.757916888810e-02
1.736988167336e-02
1.736327565190e-02
1.720253139068e-02
1.717087365217e-02
1.714456182247e-02
1.706913115348e-02
1.703446598912e-02
1.700132512560e-02
1.683543967649e-02
1.676501716403e-02
1.674631618228e-02
1.673105269990e-02
1.673051115538e-02
1.669891276266e-02
1.666219253611e-02
1.656361080831e-02
1.655734721992e-02
1.653961950309e-02
1.647982826925e-02
1.631381691189e-02
1.628597785369e-02
1.625488926090e-02
1.625209468812e-02
1.623875899600e-02
1.621962645952e-02
1.612548223668e-02
1.606956243963e-02
1.604594547928e-02
1.602978469689e-02
1.600778167048e-02
1.598218110823e-02
1.595682854034e-02
1.587719113516e-02
1.580004648424e-02
1.576591786508e-02
1.572116841257e-02
1.571878142187e-02
1.571667468876e-02
1.569580301230e-02
1.567728955736e-02
1.567334503999e-02
1.564875009020e-02
1.561898135284e-02
1.557897775540e-02
1.551817059891e-02
1.539876745333e-02
1.538619964847e-02
1.535125592432e-02
1.531506981067e-02
1.526742306083e-02
1.523899328231e-02
1.520537527770e-02
1.510923679798e-02
1.510740433137e-02
1.509186632988e-02
1.505518936953e-02
1.504745222315e-02
1.497828152326e-02
1.496572117454e-02
1.491579250195e-02
1.488076109035e-02
1.477380686315e-02
1.465398930458e-02
1.465069442075e-02
1.464903334891e-02
1.462710166598e-02
1.459667899827e-02
1.450987120988e-02
1.446716121801e-02
1.441564961014e-02
1.437563913061e-02
1.436958227236e-02
1.434900158819e-02
1.427155791804e-02
1.421484881633e-02
1.420502336366e-02
1.418845219975e-02
1.412074090337e-02
1.411532513182e-02
1.410206521456e-02
1.408736920030e-02
1.399376429212e-02
1.390592676125e-02
1.390010099841e-02
1.389141425938e-02
1.388076763816e-02
1.374565027566e-02
1.371900550330e-02
1.368609678705e-02
1.367077064676e-02
1.365625235078e-02
1.358649986986e-02
1.354258735659e-02
1.347361816213e-02
1.345341738895e-02
1.341451865393e-02
1.339837229603e-02
1.337993064008e-02
1.337885547404e-02
1.337306875797e-02
1.333207212230e-02
1.332833496953e-02
1.330194264609e-02
1.329717773741e-02
1.327219508893e-02
1.320937556527e-02
1.319591046316e-02
1.317178218451e-02
1.309658025578e-02
1.306348006313e-02
1.302248624035e-02
1.297582550961e-02
1.296629932115e-02
1.290912065782e-02
1.289653737550e-02
1.287872207843e-02
1.284972847790e-02
1.284034460195e-02
1.277769509801e-02
1.277475053004e-02
1.270942264692e-02
1.269212880389e-02
1.266030295312e-02
1.264879148601e-02
1.257086309152e-02
1.253222039389e-02
1.247175326576e-02
1.237719126186e-02
1.237585848262e-02
1.237531069755e-02
1.236358840533e-02
1.232990906497e-02
1.231681460623e-02
1.231397091476e-02
1.228540756836e-02
1.226147285355e-02
1.223568467701e-02
1.215276264115e-02
1.208835055656e-02
1.208299250571e-02
1.206657394865e-02
1.200987402972e-02
1.197922211170e-02
1.193503236260e-02
1.189767650162e-02
1.187518532861e-02
1.186657746626e-02
1.182361116833e-02
1.181421584860e-02
1.180711976114e-02
1.180153139870e-02
1.173570375228e-02
1.170861555946e-02
1.170599886515e-02
1.168671143700e-02
1.163410915092e-02
1.160844278136e-02
1.159231539149e-02
1.157277234768e-02
1.146938141611e-02
1.143969802193e-02
1.138762824767e-02
1.137084026134e-02
1.135785982613e-02
1.134543782721e-02
1.126075929159e-02
1.123237221616e-02
1.122242264119e-02
1.120174987183e-02
1.117536978969e-02
1.112540643596e-02
1.106807059534e-02
1.106158978434e-02
1.104195957867e-02
1.100605500860e-02
1.096365496621e-02
1.096071129310e-02
1.095618574315e-02
1.088498287170e-02
1.085743732691e-02
1.082489247800e-02
1.080061483549e-02
1.078281386568e-02
1.073242077919e-02
1.070838303201e-02
1.066960680900e-02
1.066294857685e-02
1.063844022100e-02
1.060849693023e-02
1.060087930214e-02
1.059143586471e-02
1.057335745806e-02
1.053098195073e-02
1.050830437345e-02
1.047841243940e-02
1.044274550827e-02
1.041088742615e-02
1.040458318859e-02
1.040240144340e-02
1.038323485170e-02
1.030502518715e-02
1.029494825908e-02
1.029194186978e-02
1.022113177599e-02
1.018229542115e-02
1.017224737023e-02
1.016398947496e-02
1.016381434729e-02
1.013392154719e-02
1.012663510479e-02
1.012178901468e-02
1.009047137585e-02
1.001994458973e-02
9.929199624159e-03
9.924121502288e-03
9.914982617365e-03
9.834999676225e-03
9.806310397729e-03
9.793850240557e-03
9.756604601580e-03
9.702360697672e-03
9.635604440991e-03
9.618934373134e-03
9.615540732225e-03
9.598933837594e-03
9.561213248411e-03
9.539429380638e-03
9.480021312288e-03
9.473906427647e-03
9.464493410264e-03
9.463510412130e-03
9.422024068484e-03
9.411968483933e-03
9.411046932781e-03
9.352472153157e-03
9.316054761325e-03
9.305229843466e-03
9.274188064225e-03
9.257108560108e-03
9.256921043279e-03
9.218251993966e-03
9.213389276242e-03
9.191793007487e-03
9.157354442120e-03
9.132648307390e-03
9.132488691422e-03
9.132481274227e-03
9.039514745562e-03
9.035580778767e-03
9.033292069792e-03
9.023077611897e-03
9.011761483315e-03
8.968381622368e-03
8.953918748188e-03
8.942377176612e-03
8.930432393719e-03
8.910838747910e-03
8.908172508315e-03
8.892374339044e-03
8.854416392806e-03
8.846866350190e-03
8.835541913433e-03
8.790579470989e-03
8.777378317955e-03
8.769219166241e-03
8.764109550996e-03
8.713752718104e-03
8.693882925903e-03
8.634896356300e-03
8.632429022309e-03
8.629314354650e-03
8.624921752921e-03
8.592492324267e-03
8.584737251324e-03
8.584470532900e-03
8.582344328694e-03
8.574432669983e-03
8.543800203896e-03
8.538903863464e-03
8.527490055969e-03
8.458146917697e-03
8.414956429834e-03
8.366358617222e-03
8.351550465455e-03
8.346245608764e-03
8.317536317596e-03
8.315280361562e-03
8.311839934867e-03
8.311488361600e-03
8.276881663786e-03
8.257348246266e-03
8.255467713011e-03
8.236674208399e-03
8.230829857335e-03
8.230624503022e-03
8.190187314671e-03
8.188716547103e-03
8.174716192543e-03
8.170172164195e-03
8.136782950437e-03
8.132410069722e-03
8.118815418355e-03
8.100511441177e-03
8.096188240558e-03
8.023603203859e-03
8.017584965703e-03
8.015100562775e-03
8.013625145320e-03
7.979707470804e-03
7.976858563758e-03
7.960656536609e-03
7.955030505413e-03
7.917350124941e-03
7.908053003451e-03
7.876057130676e-03
7.844370218694e-03
7.839653375158e-03
7.821528346418e-03
7.802509649616e-03
7.754318364911e-03
7.748013872493e-03
7.702504094694e-03
7.679047867594e-03
7.673788786855e-03
7.671298095871e-03
7.634108914292e-03
7.633604224104e-03
7.626220295878e-03
7.589916808575e-03
7.589777489289e-03
7.585893649648e-03
7.576320655718e-03
7.508510085336e-03
7.506037024020e-03
7.492745016919e-03
7.488400805838e-03
7.449120242973e-03
7.446794141571e-03
7.414283833643e-03
7.366953451348e-03
7.365930849221e-03
7.357996729461e-03
7.339348228900e-03
7.316016881436e-03
7.278076780380e-03
7.273436831079e-03
7.268295252926e-03
7.238576270927e-03
7.235794431247e-03
7.215905218742e-03
7.202215595456e-03
7.175446705441e-03
7.163357137459e-03
7.128067689416e-03
7.123048090114e-03
7.107146009009e-03
7.090909946369e-03
7.068927752101e-03
7.046555931709e-03
7.036559858740e-03
7.021508606846e-03
6.983156764931e-03
6.976308356818e-03
6.965953709421e-03
6.964088176710e-03
6.963615148634e-03
6.941586247374e-03
6.902015944157e-03
6.901045029451e-03
6.864664902384e-03
6.858746514953e-03
6.853771081882e-03
6.841933229998e-03
6.836248515574e-03
6.822659603091e-03
6.776110721963e-03
6.774829254373e-03
6.753783806894e-03
6.739426245766e-03
6.739393640302e-03
6.712713336257e-03
6.707147054233e-03
6.695713652937e-03
6.694905272795e-03
6.680936616725e-03
6.636736378707e-03
6.627939165265e-03
6.604741321064e-03
6.565410242510e-03
6.547677670560e-03
6.538340523698e-03
6.535009304523e-03
6.528278030533e-03
6.479602956221e-03
6.475455332037e-03
6.475362722021e-03
6.455644117302e-03
6.451462013931e-03
6.443318844128e-03
6.428174964640e-03
6.414785340413e-03
6.387163668897e-03
6.384343246759e-03
6.370194898137e-03
6.358984684088e-03
6.345207001324e-03
6.325771230907e-03
6.321666736043e-03
6.315118317806e-03
6.287307211825e-03
6.284300466456e-03
6.252178756375e-03
6.244405692390e-03
6.229822173752e-03
6.223937986299e-03
6.222526931625e-03
6.204037122827e-03
6.197852045030e-03
6.175520041505e-03
6.154918533703e-03
6.141745351157e-03
6.124109512325e-03
6.095619036634e-03
6.086703528993e-03
6.073283129561e-03
6.052025781170e-03
6.027857760730e-03
6.010108727728e-03
6.005989973310e-03
5.996682605180e-03
5.962562882818e-03
5.960650984370e-03
5.952814402824e-03
5.947577862991e-03
5.936907427212e-03
5.922811381020e-03
5.898962494262e-03
5.897966103918e-03
5.896006828872e-03
5.892695163496e-03
5.861540618014e-03
5.861115768561e-03
5.852843071681e-03
5.819664877694e-03
5.803718928883e-03
5.798982705321e-03
5.787176167433e-03
5.781639519934e-03
5.774916061266e-03
5.768361896209e-03
5.750052943816e-03
5.739585326267e-03
5.727631734434e-03
5.706497813352e-03
5.697405116134e-03
5.697245170398e-03
5.694886218627e-03
5.656293244405e-03
5.646223326406e-03
5.638809276275e-03
5.628097481852e-03
5.618924406439e-03
5.617046545009e-03
5.609152067173e-03
5.608849690726e-03
5.569062191186e-03
5.547233748086e-03
5.537340171120e-03
5.517324651020e-03
5.514388263327e-03
5.514100190539e-03
5.512958040542e-03
5.501891353621e-03
5.501619679108e-03
5.481313045860e-03
5.478391387453e-03
5.466142679906e-03
5.460612951221e-03
5.423548996106e-03
5.406365016421e-03
5.395991193219e-03
5.390230588916e-03
5.387407136396e-03
5.380259858224e-03
5.377920385249e-03
5.369800616648e-03
5.363763960271e-03
5.359394442259e-03
5.353349988954e-03
5.345218099293e-03
5.339208808796e-03
5.329552624566e-03
5.311838887292e-03
5.265560752734e-03
5.261690625158e-03
5.252260743846e-03
5.247529513056e-03
5.241062874378e-03
5.217894746572e-03
5.211259052639e-03
5.185482870085e-03
5.185109136359e-03
5.155632585321e-03
5.138496751949e-03
5.136323631138e-03
5.119263744516e-03
5.092430446958e-03
5.084920572488e-03
5.073821156268e-03
5.070458646517e-03
5.067598803361e-03
5.066995900193e-03
5.057697487032e-03
5.039910200122e-03
5.030621535254e-03
5.010420016127e-03
5.007816635295e-03
5.007399044418e-03
4.983297647483e-03
4.975228880558e-03
4.972385082409e-03
4.964944348557e-03
4.936676382581e-03
4.928128056582e-03
4.914161190819e-03
4.909423234058e-03
4.902892954240e-03
4.895607057462e-03
4.879080837109e-03
4.874161661104e-03
4.866299138661e-03
4.859435172159e-03
4.858860612074e-03
4.857527939023e-03
4.834528495285e-03
4.813292396379e-03
4.807491293783e-03
4.794616047157e-03
4.790555402209e-03
4.784321778450e-03
4.773206018158e-03
4.764847054180e-03
4.749892172813e-03
4.735112964298e-03
4.719757525860e-03
4.713558053498e-03
4.704689445543e-03
4.691656731664e-03
4.680348225412e-03
4.674697028753e-03
4.669417353444e-03
4.666295237117e-03
4.659099126412e-03
4.654830876978e-03
4.640116380315e-03
4.629946077552e-03
4.595778625582e-03
4.590735423699e-03
4.588867521084e-03
4.583429853470e-03
4.576336023960e-03
4.554073617876e-03
4.549441743808e-03
4.533451625740e-03
4.511454012408e-03
4.510388395771e-03
4.507631412622e-03
4.497921412381e-03
4.491220055173e-03
4.484112011416e-03
4.452515986907e-03
4.448519784048e-03
4.446973935918e-03
4.410281818488e-03
4.406511225741e-03
4.406343701738e-03
4.401400688162e-03
4.400809434165e-03
4.398666012494e-03
4.391393197471e-03
4.371600186184e-03
4.364138348915e-03
4.354168462462e-03
4.352044565106e-03
4.322430376783e-03
4.301942326172e-03
4.293303710430e-03
4.287729822330e-03
4.285021457700e-03
4.282381539814e-03
4.272517515818e-03
4.267233675889e-03
4.262280046610e-03
4.239168516516e-03
4.224145744466e-03
4.222472268402e-03
4.220749123633e-03
4.214213676458e-03
4.213287335428e-03
4.211841893183e-03
4.183300627891e-03
4.182916199133e-03
4.181136375079e-03
4.167061450861e-03
4.155264582141e-03
4.127758825661e-03
4.126597992619e-03
4.125897626929e-03
4.121198856775e-03
4.110482793028e-03
4.096081599509e-03
4.082858938290e-03
4.075177837042e-03
4.071660074913e-03
4.071393816240e-03
4.069790934648e-03
4.064839227647e-03
4.061719968273e-03
4.051061444090e-03
4.037151569780e-03
4.022029190558e-03
4.015904938336e-03
3.992255166042e-03
3.985248816763e-03
3.963110606417e-03
3.958509382582e-03
3.956883349132e-03
3.947614617737e-03
3.939389148600e-03
3.930490509524e-03
3.917748759838e-03
3.914786395982e-03
3.910609040805e-03
3.908623593423e-03
3.900348663547e-03
3.896260043984e-03
3.895429055738e-03
3.885245798434e-03
3.877378819492e-03
3.866955433874e-03
3.855252099373e-03
3.854864920295e-03
3.851494344730e-03
3.844292523329e-03
3.832757299930e-03
3.827125031055e-03
3.823093664628e-03
3.819600482146e-03
3.798306747097e-03
3.797545938113e-03
3.794015045687e-03
3.791610948561e-03
3.788450362110e-03
3.780138949100e-03
3.774068149068e-03
3.756190551666e-03
3.753921134970e-03
3.745421856251e-03
3.737529301905e-03
3.734079608229e-03
3.733892526016e-03
3.724112704538e-03
3.714190449683e-03
3.695431816497e-03
3.691837680345e-03
3.689840825588e-03
3.679136565168e-03
3.678991130495e-03
3.662207304399e-03
3.660902228247e-03
3.660491371159e-03
3.638907426074e-03
3.635512454161e-03
3.635266516704e-03
3.622776144578e-03
3.614207620010e-03
3.610724147286e-03
3.595096866632e-03
3.593055287494e-03
3.593002763448e-03
3.585863748907e-03
3.572426154689e-03
3.568546361440e-03
3.559216341762e-03
3.556955183492e-03
3.556673362627e-03
3.545177165985e-03
3.539409043530e-03
3.537451741213e-03
3.533219975305e-03
3.528079391151e-03
3.519016448169e-03
3.509272580499e-03
3.507353973222e-03
3.492017172379e-03
3.487102018491e-03
3.485702806053e-03
3.484479409261e-03
3.481766716632e-03
3.479280329764e-03
3.466955830287e-03
3.460459651446e-03
3.457310960227e-03
3.436310411704e-03
3.433832735312e-03
3.424025454712e-03
3.419064822075e-03
3.394955319929e-03
3.392219668224e-03
3.369418601574e-03
3.368714363269e-03
3.365968535831e-03
3.344227166689e-03
3.336774729177e-03
3.336303385942e-03
3.325987342308e-03
3.325530558918e-03
3.323112522081e-03
3.319066187985e-03
3.318181338949e-03
3.316162813300e-03
3.279132865033e-03
3.274740499258e-03
3.272570139560e-03
3.269452486711e-03
3.266309096825e-03
3.258691692364e-03
3.243771042081e-03
3.238749296082e-03
3.238712326747e-03
3.236272744103e-03
3.233734902977e-03
3.228184504005e-03
3.220859049933e-03
3.211973775721e-03
3.206485573784e-03
3.202982755469e-03
3.201430096175e-03
3.187518723636e-03
3.182938076607e-03
3.171886910491e-03
3.161387953757e-03
3.148442579044e-03
3.141563046396e-03
3.133179544741e-03
3.130296901442e-03
3.128676565836e-03
3.119365535909e-03
3.117669476268e-03
3.112215853146e-03
3.110868998181e-03
3.108445244997e-03
3.089457138341e-03
3.078939627281e-03
3.077085980569e-03
3.075184606046e-03
3.055569998708e-03
3.051368720795e-03
3.045800755040e-03
3.045760295411e-03
3.044160833800e-03
3.043280319578e-03
3.041735593749e-03
3.039759164495e-03
3.022958519727e-03
3.018551910641e-03
3.009709505134e-03
3.005179498593e-03
3.003669034952e-03
3.002825360760e-03
2.995086831115e-03
2.984330134708e-03
2.973508419644e-03
2.972968406104e-03
2.968802899658e-03
2.967624836487e-03
2.955111929234e-03
2.947432367988e-03
2.946157731501e-03
2.940793909364e-03
2.938073033798e-03
2.934951772533e-03
2.932088028028e-03
2.918055873911e-03
2.912143658322e-03
2.909717184196e-03
2.905623017555e-03
2.898080767210e-03
2.896154681558e-03
2.891659123840e-03
2.887480279105e-03
2.881445670477e-03
2.879006966229e-03
2.876081627461e-03
2.867339009704e-03
2.861289255118e-03
2.851604717599e-03
2.836511124764e-03
2.833464627558e-03
2.829474386182e-03
2.820428680923e-03
2.819580059408e-03
2.812987429098e-03
2.809172551406e-03
2.807901428260e-03
2.798343319340e-03
2.791121537760e-03
2.777094558125e-03
2.773035396909e-03
2.769468433210e-03
2.764349528586e-03
2.763040999762e-03
2.761877244941e-03
2.758505965711e-03
2.757113285872e-03
2.751062363078e-03
2.743215430926e-03
2.734824132705e-03
2.731778500621e-03
2.717328053710e-03
2.715592828778e-03
2.713536520926e-03
2.702609195116e-03
2.690951226433e-03
2.686222187234e-03
2.685203451346e-03
2.674510583387e-03
2.670081124392e-03
2.667172220602e-03
2.666167838854e-03
2.656323206889e-03
2.649479653422e-03
2.641515016906e-03
2.636407527270e-03
2.622995016881e-03
2.619630128750e-03
2.616701397894e-03
2.607763517035e-03
2.597873371120e-03
2.597820954238e-03
2.595832683967e-03
2.593871296471e-03
2.588869704027e-03
2.583189749306e-03
2.575798677995e-03
2.566354417148e-03
2.565453747065e-03
2.564101755053e-03
2.552379083029e-03
2.551786481758e-03
2.547636767142e-03
2.543957679154e-03
2.535251304499e-03
2.521433101968e-03
2.520609673044e-03
2.516322765570e-03
2.514578713878e-03
2.507181341184e-03
2.505193617474e-03
2.500229665283e-03
2.499632571954e-03
2.489262688349e-03
2.488870911266e-03
2.471731887758e-03
2.470926386297e-03
2.469992670982e-03
2.467133136969e-03
2.462342363504e-03
2.462036575326e-03
2.445204602057e-03
2.437047358060e-03
2.435542548223e-03
2.434921857858e-03
2.420725575296e-03
2.417843221587e-03
2.416811977434e-03
2.416473882501e-03
2.414288824967e-03
2.397628757528e-03
2.396247739955e-03
2.395079031597e-03
2.386475285508e-03
2.382630426982e-03
2.378505040588e-03
2.376145060095e-03
2.373460628511e-03
2.370628534544e-03
2.363708712565e-03
2.362010999288e-03
2.358955719646e-03
2.354906522773e-03
2.349399920797e-03
2.347517566183e-03
2.345966113123e-03
2.341274645817e-03
2.337338292639e-03
2.325910659373e-03
2.320602013208e-03
2.320033767966e-03
2.318491296954e-03
2.305313036732e-03
2.302309495986e-03
2.298897535891e-03
2.292751552513e-03
2.279000845240e-03
2.277577064595e-03
2.273669765263e-03
2.267556423606e-03
2.266588024438e-03
2.258390415504e-03
2.250931296533e-03
2.247930611396e-03
2.244467605426e-03
2.241615333797e-03
2.233238233571e-03
2.229895620155e-03
2.222340865762e-03
2.221024097416e-03
2.218477181661e-03
2.212490155019e-03
2.210897549103e-03
2.210647773709e-03
2.205266298193e-03
2.196470327771e-03
2.190661298177e-03
2.185744921067e-03
2.184388824681e-03
2.179896796263e-03
2.179475116454e-03
2.173458160760e-03
2.170224362022e-03
2.165166984835e-03
2.164164960489e-03
2.157911931920e-03
2.157825514869e-03
2.153943674301e-03
2.151481341585e-03
2.143035625572e-03
2.140489139542e-03
2.136755625965e-03
2.136266807453e-03
2.129868131734e-03
2.126442845072e-03
2.119483896831e-03
2.114598051934e-03
2.114270026740e-03
2.112832496956e-03
2.104166364721e-03
2.102635185963e-03
2.094004392883e-03
2.093511494475e-03
2.092589920223e-03
2.092110544650e-03
2.085463748945e-03
2.073242554518e-03
2.069193425348e-03
2.068121054707e-03
2.065251291634e-03
2.055312080742e-03
2.052553645279e-03
2.046271622794e-03
2.046186556866e-03
2.045236200958e-03
2.043497924796e-03
2.038427791942e-03
2.033355555680e-03
2.018496771663e-03
2.008419761816e-03
2.004894073800e-03
1.998547941864e-03
1.998007036448e-03
1.996009264948e-03
1.993250611141e-03
1.986928301739e-03
1.985583914826e-03
1.981621440994e-03
1.979126397740e-03
1.976476879260e-03
1.974628952987e-03
1.969846960892e-03
1.967702885602e-03
1.960609950589e-03
1.959138740361e-03
1.957287902563e-03
1.953411553075e-03
1.950826875492e-03
1.941989155502e-03
1.939980617750e-03
1.939730311398e-03
1.937954527945e-03
1.931855662907e-03
1.931046454627e-03
1.928655824357e-03
1.928089427833e-03
1.921971082507e-03
1.916861404987e-03
1.915539709840e-03
1.912380734005e-03
1.897803430410e-03
1.897775483627e-03
1.892474547784e-03
1.891711346146e-03
1.890649247809e-03
1.885046912822e-03
1.883912318247e-03
1.882975186626e-03
1.873718705714e-03
1.871060140692e-03
1.870425416842e-03
1.869555513649e-03
1.866177370368e-03
1.862747189207e-03
1.858818429344e-03
1.850983252539e-03
1.849760057324e-03
1.848993532569e-03
1.848725052212e-03
1.843802417443e-03
1.841075310602e-03
1.830206415554e-03
1.829054807518e-03
1.828516490484e-03
1.823112325418e-03
1.820029495547e-03
1.819996391426e-03
1.813925702760e-03
1.805290662773e-03
1.795544817899e-03
1.794937624957e-03
1.790908687676e-03
1.789228467805e-03
1.783208952225e-03
1.772780190880e-03
1.764768889529e-03
1.764207867179e-03
1.761959343099e-03
1.756486115190e-03
1.753718770363e-03
1.753620085333e-03
1.748283669600e-03
1.748103782047e-03
1.747084568584e-03
1.743685312163e-03
1.731298004020e-03
1.729889263072e-03
1.728794795738e-03
1.725825120396e-03
1.724829937353e-03
1.719253789728e-03
1.718277737007e-03
1.712215409694e-03
1.711447872113e-03
1.707730730113e-03
1.703490330012e-03
1.698776132714e-03
1.695109068895e-03
1.691659949361e-03
1.690685949640e-03
1.689309757726e-03
1.688765338556e-03
1.687020586209e-03
1.686398490091e-03
1.680940885894e-03
1.678808631155e-03
1.678529185955e-03
1.671707593307e-03
1.670985232786e-03
1.669849881380e-03
1.668433682338e-03
1.661641201019e-03
1.660726312267e-03
1.655295890990e-03
1.652693670784e-03
1.651424790606e-03
1.647942310156e-03
1.642940746340e-03
1.640271642840e-03
1.632392780720e-03
1.631502071692e-03
1.630555247824e-03
1.630284814394e-03
1.625081230865e-03
1.618704562463e-03
1.616630442698e-03
1.613132298528e-03
1.605578395915e-03
1.603471108491e-03
1.603040533735e-03
1.598323095660e-03
1.598055494826e-03
1.588626012245e-03
1.586049194901e-03
1.585511692811e-03
1.583877250636e-03
1.579693514045e-03
1.577700640390e-03
1.573765638453e-03
1.573205183053e-03
1.572825300518e-03
1.571307768747e-03
1.570950717553e-03
1.565081437918e-03
1.564373778900e-03
1.563359140240e-03
1.560936369209e-03
1.558680288268e-03
1.557702389596e-03
1.553489604469e-03
1.549586671402e-03
1.548989281334e-03
1.548923262564e-03
1.545647073129e-03
1.545009653070e-03
1.536080273377e-03
1.533888039057e-03
1.527919515194e-03
1.524631114271e-03
1.524428065267e-03
1.522432761578e-03
1.522160153300e-03
1.521482504131e-03
1.518226910490e-03
1.513640041051e-03
1.512493987007e-03
1.508292863714e-03
1.507893322481e-03
1.507337881528e-03
1.506997112423e-03
1.505986721256e-03
1.501254577889e-03
1.498581940788e-03
1.491855169364e-03
1.490546319973e-03
1.480834767361e-03
1.473277083396e-03
1.470273483665e-03
1.468347989865e-03
1.464256907324e-03
1.463254847479e-03
1.462514612547e-03
1.461371004607e-03
1.457463596826e-03
1.457305165561e-03
1.453168506983e-03
1.450502876537e-03
1.447076352433e-03
1.445350669646e-03
1.442968742741e-03
1.441413277099e-03
1.435833171941e-03
1.430720962969e-03
1.425889388320e-03
1.417704105029e-03
1.417045023898e-03
1.415653064815e-03
1.413355353453e-03
1.413254359944e-03
1.411584816107e-03
1.411244633974e-03
1.407619885893e-03
1.404311330961e-03
1.403073721600e-03
1.395161364202e-03
1.389538354919e-03
1.386413311518e-03
1.386232896545e-03
1.384209714284e-03
1.382346215416e-03
1.380465057054e-03
1.378274665418e-03
1.375758436650e-03
1.373703277413e-03
1.370988733175e-03
1.370935953489e-03
1.369855408683e-03
1.364984373607e-03
1.364917639541e-03
1.363395661970e-03
1.361521749319e-03
1.356317195087e-03
1.355795250266e-03
1.353185412957e-03
1.347640291614e-03
1.344535631545e-03
1.343872377029e-03
1.340802885721e-03
1.338209274709e-03
1.333114551500e-03
1.326706136437e-03
1.326693862539e-03
1.323253828878e-03
1.323125637756e-03
1.314820624483e-03
1.314112899993e-03
1.312333453523e-03
1.311072486622e-03
1.308773629823e-03
1.307531818692e-03
1.307331496221e-03
1.305741225624e-03
1.304318059169e-03
1.301628757627e-03
1.300137193714e-03
1.295193209650e-03
1.294028808825e-03
1.291415601561e-03
1.290169095859e-03
1.289060935818e-03
1.288194269937e-03
1.287878662521e-03
1.286634157164e-03
1.282939500867e-03
1.282145691132e-03
1.282033903602e-03
1.274185094579e-03
1.270488239959e-03
1.269639387411e-03
1.268253981377e-03
1.266763846845e-03
1.263849233109e-03
1.262219783624e-03
1.255539981871e-03
1.254768485040e-03
1.253591251571e-03
1.249267073585e-03
1.248571338294e-03
1.247204415799e-03
1.244500987497e-03
1.237458453455e-03
1.229197910389e-03
1.228051566560e-03
1.227512703414e-03
1.225980019560e-03
1.222603218942e-03
1.222408994054e-03
1.222091204397e-03
1.218790225739e-03
1.213217542117e-03
1.209746154016e-03
1.208334296943e-03
1.206590469776e-03
1.204454555356e-03
1.201900786244e-03
1.201206288633e-03
1.201144008156e-03
1.201131083074e-03
1.200188038709e-03
1.193471317215e-03
1.191056100447e-03
1.190551164745e-03
1.183662758315e-03
1.181452183606e-03
1.176995601723e-03
1.176888595390e-03
1.176279754871e-03
1.175497117345e-03
1.175334227212e-03
1.174424192367e-03
1.173941905591e-03
1.171240199976e-03
1.170651533117e-03
1.169494086572e-03
1.168202104273e-03
1.166352701545e-03
1.164704688082e-03
1.158689134320e-03
1.158106875663e-03
1.154145229874e-03
1.153204573400e-03
1.151997293563e-03
1.147357071388e-03
1.146594100698e-03
1.144389948329e-03
1.142838153200e-03
1.141733976108e-03
1.141411119415e-03
1.137385678260e-03
1.136680256295e-03
1.133010922451e-03
1.132603611337e-03
1.130548192456e-03
1.129277849309e-03
1.128840353266e-03
1.128476519961e-03
1.121888248047e-03
1.121395290956e-03
1.115815754563e-03
1.110701274180e-03
1.109639943752e-03
1.109339713009e-03
1.109079188358e-03
1.106880673948e-03
1.105607229869e-03
1.100493440098e-03
1.099566371180e-03
1.099301932151e-03
1.099108564752e-03
1.097268020086e-03
1.095781140493e-03
1.092592795883e-03
1.092173786081e-03
1.091698077643e-03
1.086644629236e-03
1.084851360997e-03
1.081182726803e-03
1.078709525321e-03
1.077174405598e-03
1.074329565037e-03
1.074238440036e-03
1.074119619175e-03
1.070039364910e-03
1.069466582386e-03
1.069112442390e-03
1.068932272496e-03
1.064513038512e-03
1.062917514198e-03
1.058450979739e-03
1.053064801314e-03
1.052511072501e-03
1.050427545046e-03
1.050192535257e-03
1.048102793904e-03
1.047427830957e-03
1.046728204005e-03
1.041560763405e-03
1.039628286006e-03
1.038629766451e-03
1.034473571007e-03
1.033942147400e-03
1.033309621918e-03
1.032893548739e-03
1.030697064947e-03
1.027921428314e-03
1.026681637952e-03
1.020536041829e-03
1.020035423274e-03
1.015360951885e-03
1.014247512515e-03
1.012536198875e-03
1.011308556546e-03
1.010124288376e-03
1.007442179217e-03
1.004541764833e-03
1.003714510311e-03
1.001877894268e-03
9.987953149241e-04
9.984397507628e-04
9.981172399108e-04
9.977399517561e-04
9.965322085849e-04
9.948097718063e-04
9.862948066598e-04
9.861519298816e-04
9.851311030802e-04
9.831296413357e-04
9.820872807733e-04
9.788345203318e-04
9.785087483336e-04
9.772110443116e-04
9.761184304872e-04
9.743737945406e-04
9.711906052109e-04
9.699383339672e-04
9.683646920814e-04
9.677480250743e-04
9.666303310779e-04
9.648975912019e-04
9.631192021137e-04
9.610919693889e-04
9.598610844075e-04
9.586579250527e-04
9.577840095342e-04
9.554234026680e-04
9.549863854285e-04
9.536044103112e-04
9.516479404903e-04
9.433613878169e-04
9.421079865734e-04
9.391983353580e-04
9.363961449783e-04
9.341058188869e-04
9.317630766835e-04
9.304065516742e-04
9.289950559603e-04
9.277836826525e-04
9.248665313534e-04
9.207130001394e-04
9.206275554059e-04
9.186679955526e-04
9.182192717632e-04
9.172943886072e-04
9.169380677618e-04
9.132001683098e-04
9.112665606991e-04
9.108870705972e-04
9.080344338987e-04
9.062625929030e-04
9.047466319665e-04
9.013459302242e-04
8.999674329338e-04
8.989903343665e-04
8.988999138702e-04
8.975082578505e-04
8.970940296289e-04
8.957289097433e-04
8.949134346262e-04
8.921521642990e-04
8.912995763382e-04
8.911580468686e-04
8.849484670567e-04
8.843849790697e-04
8.841060629901e-04
8.810678951744e-04
8.810276831225e-04
8.801286828549e-04
8.800431336934e-04
8.780845418972e-04
8.778116971030e-04
8.773249254921e-04
8.754791171272e-04
8.736448364183e-04
8.726398674776e-04
8.722421227787e-04
8.695666978309e-04
8.639636040459e-04
8.627180199031e-04
8.596332473256e-04
8.555241248165e-04
8.549009940490e-04
8.533420132033e-04
8.514237841904e-04
8.500495483569e-04
8.479879796389e-04
8.478820970649e-04
8.476622548125e-04
8.473332676794e-04
8.473018611115e-04
8.438978681976e-04
8.432450380093e-04
8.385528144011e-04
8.356674207730e-04
8.349763483723e-04
8.347649680570e-04
8.324972848321e-04
8.309196305228e-04
8.297065429542e-04
8.261588081728e-04
8.225949355467e-04
8.217130409949e-04
8.214584367748e-04
8.213146853209e-04
8.192832633550e-04
8.174318815526e-04
8.170447619714e-04
8.151807054475e-04
8.109878603871e-04
8.084073886797e-04
8.080936789990e-04
8.079119513782e-04
8.060992343753e-04
8.032100651003e-04
8.030193099681e-04
8.026160567188e-04
7.977510222876e-04
7.971040480910e-04
7.939656509850e-04
7.939589279211e-04
7.936753556717e-04
7.926574091818e-04
7.887521048302e-04
7.884533725058e-04
7.880896776633e-04
7.874277335624e-04
7.862234189231e-04
7.859197562775e-04
7.818023618226e-04
7.805210282474e-04
7.803503059136e-04
7.780980310620e-04
7.780429706030e-04
7.776501955201e-04
7.758594737175e-04
7.757190589939e-04
7.754402018213e-04
7.729226619162e-04
7.711397831890e-04
7.698052961140e-04
7.688858599762e-04
7.672272025149e-04
7.670581547306e-04
7.633113572191e-04
7.632770244220e-04
7.598966085450e-04
7.594601569656e-04
7.584935820648e-04
7.574350855090e-04
7.554562018814e-04
7.554010784677e-04
7.526476529706e-04
7.521516782151e-04
7.518151033388e-04
7.490380221183e-04
7.472117498425e-04
7.466133522035e-04
7.465780807468e-04
7.441689029886e-04
7.438283133652e-04
7.435068675273e-04
7.425315723491e-04
7.420140000363e-04
7.419147419740e-04
7.401319090324e-04
7.353060875997e-04
7.351790622587e-04
7.327352419505e-04
7.321543765723e-04
7.299088798945e-04
7.296265509959e-04
7.286859986286e-04
7.267189762105e-04
7.266589203928e-04
7.265682746051e-04
7.260598524801e-04
7.248621351280e-04
7.232720959667e-04
7.211949947886e-04
7.192793417217e-04
7.165350598580e-04
7.165174005277e-04
7.155579817155e-04
7.145492430112e-04
7.144789926444e-04
7.123767576290e-04
7.097942910278e-04
7.078257185991e-04
7.077835222364e-04
7.070350708323e-04
7.048004654497e-04
7.043799977985e-04
7.032328241392e-04
7.018624895220e-04
6.974458600412e-04
6.973948120765e-04
6.956932419089e-04
6.944018343719e-04
6.933866155797e-04
6.932377659978e-04
6.921678621003e-04
6.906554212626e-04
6.891360310377e-04
6.889103526963e-04
6.870843569747e-04
6.866139442526e-04
6.828632634427e-04
6.824545847802e-04
6.809231755419e-04
6.802902635062e-04
6.796896381916e-04
6.794382885758e-04
6.787704335854e-04
6.756445824707e-04
6.747927179844e-04
6.730718899031e-04
6.723976881539e-04
6.715424947130e-04
6.688772262338e-04
6.685539184694e-04
6.684144868973e-04
6.656123917076e-04
6.634755398783e-04
6.596722030358e-04
6.571378220712e-04
6.564685011516e-04
6.555214894863e-04
6.554836311932e-04
6.545364300024e-04
6.545119919360e-04
6.540888493861e-04
6.531358410992e-04
6.513765849732e-04
6.513468747953e-04
6.499926456284e-04
6.487686561227e-04
6.471821458992e-04
6.453407607839e-04
6.444437027137e-04
6.437945682591e-04
6.423628677123e-04
6.418592326668e-04
6.400184034396e-04
6.376378795101e-04
6.354678501791e-04
6.345466959532e-04
6.340554978184e-04
6.330935029613e-04
6.312503547129e-04
6.307057420143e-04
6.302299010009e-04
6.299944096250e-04
6.268766000127e-04
6.263531046291e-04
6.241430498604e-04
6.235380573522e-04
6.234550327185e-04
6.180798227939e-04
6.179519169958e-04
6.162306350066e-04
6.155904024008e-04
6.144457099505e-04
6.129164585311e-04
6.125635211327e-04
6.115872827255e-04
6.100225714366e-04
6.089338309266e-04
6.084596778989e-04
6.076467371224e-04
6.074743665675e-04
6.039944707600e-04
6.033228418046e-04
6.017403933941e-04
6.010089627772e-04
6.009474849045e-04
5.999682777719e-04
5.975334924812e-04
5.967904916964e-04
5.965036629822e-04
5.960976678695e-04
5.929949474874e-04
5.919357804368e-04
5.918123836825e-04
5.914686833488e-04
5.904762308306e-04
5.890868820238e-04
5.878394048816e-04
5.875217127787e-04
5.874465120802e-04
5.858932887278e-04
5.857024124594e-04
5.853050703389e-04
5.820475062985e-04
5.814378669250e-04
5.804617122944e-04
5.791631394582e-04
5.771545567229e-04
5.764261230654e-04
5.758009344983e-04
5.749077720923e-04
5.747685415047e-04
5.746920425407e-04
5.735473634087e-04
5.714690133966e-04
5.701404791540e-04
5.691057905295e-04
5.673681113646e-04
5.669398029055e-04
5.653625179264e-04
5.648513766442e-04
5.644498758008e-04
5.625758102278e-04
5.613672998872e-04
5.607709120140e-04
5.595577157798e-04
5.593171606691e-04
5.574012039662e-04
5.569318852901e-04
5.559217723720e-04
5.557658646614e-04
5.546325854324e-04
5.544576647222e-04
5.534631672793e-04
5.528146544954e-04
5.501966815305e-04
5.457248678243e-04
5.452101207936e-04
5.451334942901e-04
5.445365273397e-04
5.429715306083e-04
5.427827700134e-04
5.426668344352e-04
5.420242962064e-04
5.419552689960e-04
5.390106470066e-04
5.386302736130e-04
5.353608431217e-04
5.348509644746e-04
5.345955702195e-04
5.344241100683e-04
5.327626874955e-04
5.319947740625e-04
5.313112790503e-04
5.303697321355e-04
5.299038212493e-04
5.276976584050e-04
5.268824733158e-04
5.264431892703e-04
5.254831409821e-04
5.252965305577e-04
5.248486550668e-04
5.231547322985e-04
5.217025374759e-04
5.212961283691e-04
5.196362536307e-04
5.178007499989e-04
5.163551897904e-04
5.159385760170e-04
5.152945721046e-04
5.152744159007e-04
5.149739911682e-04
5.138728805355e-04
5.112934621728e-04
5.091842264980e-04
5.089959693586e-04
5.067262381516e-04
5.063951368174e-04
5.062458394707e-04
5.060358179310e-04
5.047917480972e-04
5.033325648747e-04
5.026986999830e-04
5.008169189066e-04
5.003378199616e-04
4.996441912791e-04
4.995482613835e-04
4.984782628492e-04
4.983643207788e-04
4.976939604863e-04
4.975159676153e-04
4.970487801187e-04
4.959915734454e-04
4.939203042976e-04
4.929362374810e-04
4.922570160714e-04
4.915733662887e-04
4.893382530286e-04
4.878721772058e-04
4.873244325306e-04
4.867143752888e-04
4.861098954691e-04
4.860401081494e-04
4.849500311625e-04
4.848611626835e-04
4.829764640300e-04
4.828274631384e-04
4.828179797725e-04
4.823796459793e-04
4.806562114389e-04
4.794134043454e-04
4.789579873951e-04
4.775799584419e-04
4.774499176494e-04
4.764155276747e-04
4.762147142013e-04
4.734274445237e-04
4.725218314087e-04
4.721169155910e-04
4.713398886544e-04
4.712476407505e-04
4.710422222783e-04
4.699043626826e-04
4.671890916451e-04
4.669387260429e-04
4.655498481928e-04
4.649102563899e-04
4.644210204213e-04
4.633101164122e-04
4.623351579110e-04
4.618844622216e-04
4.611283073416e-04
4.605433655565e-04
4.603867853074e-04
4.595791221364e-04
4.574930056113e-04
4.574522837159e-04
4.563117722810e-04
4.562328185128e-04
4.542705885949e-04
4.541703097597e-04
4.540934117438e-04
4.520239002614e-04
4.519610442193e-04
4.511872753172e-04
4.501950471450e-04
4.477216562274e-04
4.472854581266e-04
4.461671768727e-04
4.456587328278e-04
4.454117389850e-04
4.445888892008e-04
4.437452661749e-04
4.429679726679e-04
4.421799268472e-04
4.414262985465e-04
4.393580442594e-04
4.393058474298e-04
4.370814068068e-04
4.370479235567e-04
4.368775555238e-04
4.359636977015e-04
4.354495276905e-04
4.343009626305e-04
4.341715731092e-04
4.338400916930e-04
4.323335132132e-04
4.313548925681e-04
4.308938190138e-04
4.290456726876e-04
4.284757099833e-04
4.269937880434e-04
4.261628926988e-04
4.261349078592e-04
4.259000200333e-04
4.243728020595e-04
4.233835641692e-04
4.229135263825e-04
4.226931728703e-04
4.225379358952e-04
4.217484335978e-04
4.210487451652e-04
4.204357907144e-04
4.193907881937e-04
4.189142045986e-04
4.183569447856e-04
4.182901465502e-04
4.165337989224e-04
4.144045298031e-04
4.142765952698e-04
4.140099089255e-04
4.137527130838e-04
4.130386065415e-04
4.122151256020e-04
4.121448140825e-04
4.111617436709e-04
4.110603674579e-04
4.097845181403e-04
4.092564229769e-04
4.084422392748e-04
4.081604406057e-04
4.066131812412e-04
4.051363867617e-04
4.048725273533e-04
4.043129072022e-04
4.035018869563e-04
4.028765585146e-04
4.028583105099e-04
4.025821663054e-04
4.024374955722e-04
4.004801585165e-04
3.994647397755e-04
3.983692821007e-04
3.982148228930e-04
3.975704359946e-04
3.965401572508e-04
3.960315503559e-04
3.959765841003e-04
3.959718573339e-04
3.948912802546e-04
3.944120115495e-04
3.939122288750e-04
3.920643564249e-04
3.911429086000e-04
3.906857767556e-04
3.906562857213e-04
3.905651300102e-04
3.902969419823e-04
3.887890399430e-04
3.866968751311e-04
3.866228941515e-04
3.864057777863e-04
3.863043791698e-04
3.844831733519e-04
3.843197379482e-04
3.825661906349e-04
3.814579819433e-04
3.806171418937e-04
3.802050671657e-04
3.801252273759e-04
3.798998542643e-04
3.792153915218e-04
3.785722605578e-04
3.769224035053e-04
3.760810428901e-04
3.760436457333e-04
3.756326058901e-04
3.748915014664e-04
3.740078833204e-04
3.738066162722e-04
3.735509115423e-04
3.732326999640e-04
3.724721478410e-04
3.713557269929e-04
3.712866425395e-04
3.704763551628e-04
3.703731088726e-04
3.701619837133e-04
3.680905182974e-04
3.667022495374e-04
3.663621417701e-04
3.662525773114e-04
3.656637338166e-04
3.655888722989e-04
3.650697410404e-04
3.642116192666e-04
3.641243619265e-04
3.616539651982e-04
3.616217711972e-04
3.608096683284e-04
3.606730739401e-04
3.605665156391e-04
3.605465779470e-04
3.588205927115e-04
3.577536216278e-04
3.575624052524e-04
3.567095846617e-04
3.552408512647e-04
3.542644436002e-04
3.539855678979e-04
3.519401787422e-04
3.507794256592e-04
3.506048315299e-04
3.499843264511e-04
3.491721891050e-04
3.487395426966e-04
3.483221465593e-04
3.473407369787e-04
3.465666725302e-04
3.462839712720e-04
3.461786796167e-04
3.458625894968e-04
3.444985680740e-04
3.440088339498e-04
3.438653225539e-04
3.423115700958e-04
3.421672334091e-04
3.421549991823e-04
3.415663345106e-04
3.407206355558e-04
3.396280869696e-04
3.384686837472e-04
3.383719940128e-04
3.381693532288e-04
3.380098436459e-04
3.373975844795e-04
3.370066402241e-04
3.367332093357e-04
3.361019890114e-04
3.354018611308e-04
3.351817509235e-04
3.335696187230e-04
3.314048668371e-04
3.309324285255e-04
3.309248310688e-04
3.307991485247e-04
3.294231258289e-04
3.293890592647e-04
3.282948469678e-04
3.278824995606e-04
3.271053556815e-04
3.264709015769e-04
3.253347795274e-04
3.250171477445e-04
3.246629836500e-04
3.238778060545e-04
3.233563949841e-04
3.225583413565e-04
3.213672297560e-04
3.206086676087e-04
3.205906890299e-04
3.202206788801e-04
3.202132630065e-04
3.197171724387e-04
3.194913073024e-04
3.186145750935e-04
3.176350299049e-04
3.175860221721e-04
3.171506660458e-04
3.162420191482e-04
3.157669683184e-04
3.156871634066e-04
3.152561638334e-04
3.151910990129e-04
3.147021128792e-04
3.145993621580e-04
3.136480916663e-04
3.135956775611e-04
3.130178215043e-04
3.127534802489e-04
3.112579402419e-04
3.102075125807e-04
3.100679691585e-04
3.099218414948e-04
3.096131535098e-04
3.091824862066e-04
3.085287171571e-04
3.084969492122e-04
3.083445913733e-04
3.078499550347e-04
3.071983160641e-04
3.071779887463e-04
3.062826629237e-04
3.059256151694e-04
3.059023385185e-04
3.032549629141e-04
3.020110192387e-04
3.020083857747e-04
3.019972152885e-04
3.016594363360e-04
3.012552444867e-04
3.009942646072e-04
3.009042500516e-04
3.005509927809e-04
2.999675459137e-04
2.995413038106e-04
2.986261965369e-04
2.976224438013e-04
2.975301081443e-04
2.973683660329e-04
2.973082005408e-04
2.965969589420e-04
2.963896467484e-04
2.952996085400e-04
2.947378876108e-04
2.944452131090e-04
2.941998223351e-04
2.938662891727e-04
2.935496737389e-04
2.930384891146e-04
2.916459900210e-04
2.909505237316e-04
2.909420190567e-04
2.901546286858e-04
2.896220371158e-04
2.892719566428e-04
2.883301327878e-04
2.882896785671e-04
2.866301857960e-04
2.860267340046e-04
2.859920954509e-04
2.845911806800e-04
2.837611344716e-04
2.835216081352e-04
2.834870787066e-04
2.828995963074e-04
2.825248926803e-04
2.823970327480e-04
2.820270605781e-04
2.817725978584e-04
2.803841463989e-04
2.791339790027e-04
2.790117747326e-04
2.789119004225e-04
2.785271210063e-04
2.770919919878e-04
2.768765228120e-04
2.761302530551e-04
2.759806956504e-04
2.759349543188e-04
2.742179095216e-04
2.738896306795e-04
2.731792704950e-04
2.728821875610e-04
2.727484185177e-04
2.726444754849e-04
2.717864649421e-04
2.706555430481e-04
2.705540216956e-04
2.705343848270e-04
2.694390127817e-04
2.690396401050e-04
2.687098387370e-04
2.686788407237e-04
2.680492996064e-04
2.678486801540e-04
2.673462612228e-04
2.667299595226e-04
2.665312607206e-04
2.661713629498e-04
2.661418572673e-04
2.659524770021e-04
2.652461391346e-04
2.642324314288e-04
2.634720797957e-04
2.629642312164e-04
2.627317276454e-04
2.622995469084e-04
2.613628049481e-04
2.602723634727e-04
2.598770730073e-04
2.598363297161e-04
2.593119949415e-04
2.591359165235e-04
2.591242321358e-04
2.589951823617e-04
2.584679960688e-04
2.584098290900e-04
2.579815101324e-04
2.565824696225e-04
2.565392553175e-04
2.563920976015e-04
2.560509389936e-04
2.559317180466e-04
2.558844993287e-04
2.558049529329e-04
2.546109601827e-04
2.541439332294e-04
2.533455560106e-04
2.528837233045e-04
2.509262074458e-04
2.499989061323e-04
2.495526438836e-04
2.493565615600e-04
2.492591300131e-04
2.490497703811e-04
2.485960018964e-04
2.482207747968e-04
2.479679245247e-04
2.478020375703e-04
2.477607848807e-04
2.467913975134e-04
2.461673285135e-04
2.461498904375e-04
2.458640734996e-04
2.452271850130e-04
2.450886021203e-04
2.450434188026e-04
2.446463209782e-04
2.436150672451e-04
2.435866233956e-04
2.434822105309e-04
2.434113535704e-04
2.417315482389e-04
2.401418417534e-04
2.399775277475e-04
2.394412019928e-04
2.388074240543e-04
2.387351897383e-04
2.374914390871e-04
2.372976738366e-04
2.370935917853e-04
2.370149683264e-04
2.369779908473e-04
2.369264672230e-04
2.364730146564e-04
2.359328067742e-04
2.353716617716e-04
2.345517598175e-04
2.339258704702e-04
2.334320498870e-04
2.331822285706e-04
2.330877965018e-04
2.330782054582e-04
2.321478560481e-04
2.319562812610e-04
2.309491680957e-04
2.308959750759e-04
2.307326828050e-04
2.300199928757e-04
2.291029549701e-04
2.286242026649e-04
2.279922473934e-04
2.278167288204e-04
2.264645730195e-04
2.261275477818e-04
2.257401154555e-04
2.255272057032e-04
2.253359252586e-04
2.251740429100e-04
2.250588742961e-04
2.250174872576e-04
2.244008277577e-04
2.241410607307e-04
2.239091060688e-04
2.227306882273e-04
2.226177262133e-04
2.218688397142e-04
2.218687264273e-04
2.218673969327e-04
2.214673046955e-04
2.205870861348e-04
2.194207053165e-04
2.189715906220e-04
2.182405343531e-04
2.181548729138e-04
2.178463042667e-04
2.178339577651e-04
2.175852192813e-04
2.174310093674e-04
2.173241796571e-04
2.158879874157e-04
2.158499261952e-04
2.150478030853e-04
2.148701190135e-04
2.143465924496e-04
2.140194563019e-04
2.135806538400e-04
2.134930505471e-04
2.130712341365e-04
2.129746930248e-04
2.122802790370e-04
2.119294722901e-04
2.114114643318e-04
2.111566660442e-04
2.111166306973e-04
2.109567008138e-04
2.106210036998e-04
2.102589603250e-04
2.096182560829e-04
2.089747275558e-04
2.088864051792e-04
2.084389117935e-04
2.079685616239e-04
2.072510182938e-04
2.068303093663e-04
2.066974151090e-04
2.064411388840e-04
2.064112128126e-04
2.063826070933e-04
2.063319117520e-04
2.062929717125e-04
2.055344136508e-04
2.045540897786e-04
2.043382768784e-04
2.042444098307e-04
2.039923716384e-04
2.037224586900e-04
2.026549944467e-04
2.025483274219e-04
2.022465399999e-04
2.020178663076e-04
2.020118418996e-04
2.016902605977e-04
2.010103698637e-04
2.004124841416e-04
1.999287899935e-04
1.997591112792e-04
1.994245636153e-04
1.990109230147e-04
1.987814646035e-04
1.985161150617e-04
1.981198129003e-04
1.974813701469e-04
1.974115758115e-04
1.965127831885e-04
1.961755027440e-04
1.958571658293e-04
1.954608723451e-04
1.938412496168e-04
1.937265687158e-04
1.936855455135e-04
1.936698460792e-04
1.931954467493e-04
1.929892726719e-04
1.929215793117e-04
1.922253486302e-04
1.915898859281e-04
1.910968253715e-04
1.908267145154e-04
1.906668449368e-04
1.906525790363e-04
1.906219497279e-04
1.900858877256e-04
1.900579499360e-04
1.895839816230e-04
1.891666822916e-04
1.891560921623e-04
1.887551985012e-04
1.883911944138e-04
1.869487750651e-04
1.867930089032e-04
1.864227535475e-04
1.863555327187e-04
1.860928476215e-04
1.859398234074e-04
1.853659960273e-04
1.852905128173e-04
1.852429619108e-04
1.849892163475e-04
1.847008985125e-04
1.845763084950e-04
1.841888903043e-04
1.841287380737e-04
1.836904522820e-04
1.836012041498e-04
1.832028962716e-04
1.829094435494e-04
1.820191811342e-04
1.818891093215e-04
1.816753410872e-04
1.809973489811e-04
1.808492024944e-04
1.807932512071e-04
1.806253492491e-04
1.799729740340e-04
1.798919168938e-04
1.796127391979e-04
1.794059195611e-04
1.793146722366e-04
1.786035760507e-04
1.783466675917e-04
1.780729916391e-04
1.779608070759e-04
1.773653905097e-04
1.771049704668e-04
1.767715508267e-04
1.762518548454e-04
1.761372480916e-04
1.758904711366e-04
1.752629615384e-04
1.751243218864e-04
1.746591149432e-04
1.746284794169e-04
1.744201816940e-04
1.737751808818e-04
1.736230447289e-04
1.734360107924e-04
1.729805048161e-04
1.720803640434e-04
1.719897563858e-04
1.717356506445e-04
1.715235579957e-04
1.715006894829e-04
1.708170136199e-04
1.702853722256e-04
1.700083756880e-04
1.699315179498e-04
1.699044183224e-04
1.698008237665e-04
1.693357531504e-04
1.691512598963e-04
1.690175754900e-04
1.686437948043e-04
1.680987526596e-04
1.680741149197e-04
1.680543109149e-04
1.675166825605e-04
1.672625383300e-04
1.666049821949e-04
1.656044322435e-04
1.654713344033e-04
1.652847165543e-04
1.652290965832e-04
1.651663624719e-04
1.651244469113e-04
1.650335913411e-04
1.645778911519e-04
1.642811064832e-04
1.642717123869e-04
1.638109860196e-04
1.633572899678e-04
1.632605752245e-04
1.630280515308e-04
1.622949170741e-04
1.618646753456e-04
1.618070444117e-04
1.615283108365e-04
1.615131461438e-04
1.612234590199e-04
1.611286181131e-04
1.608121902255e-04
1.607128769063e-04
1.605983861239e-04
1.601309695219e-04
1.600327036056e-04
1.591382166058e-04
1.588789501377e-04
1.587169075995e-04
1.585367264459e-04
1.582161607225e-04
1.573165410465e-04
1.568754070328e-04
1.568047438838e-04
1.567286588577e-04
1.563072619072e-04
1.562452959026e-04
1.559285941499e-04
1.558905799692e-04
1.553152959382e-04
1.543888107328e-04
1.541464969271e-04
1.541046825442e-04
1.539614863532e-04
1.539164864506e-04
1.536591386625e-04
1.527118165869e-04
1.527078526311e-04
1.526694437152e-04
1.519012802603e-04
1.514234429719e-04
1.512554872526e-04
1.510407490957e-04
1.509457574742e-04
1.507992551882e-04
1.506805562957e-04
1.506432874173e-04
1.502481822427e-04
1.500599870956e-04
1.498927919175e-04
1.497535206112e-04
1.495229043716e-04
1.494076774849e-04
1.492753445106e-04
1.489390156050e-04
1.488225269783e-04
1.485137199469e-04
1.483883962188e-04
1.483876135954e-04
1.478715780826e-04
1.476923870342e-04
1.474994224879e-04
1.467962665494e-04
1.466387284365e-04
1.465629506448e-04
1.456151355290e-04
1.454986728218e-04
1.454553091985e-04
1.451104765955e-04
1.447655431453e-04
1.445024225862e-04
1.441960925985e-04
1.438896808192e-04
1.438576864945e-04
1.438390820581e-04
1.436827361654e-04
1.426428719813e-04
1.423661574845e-04
1.423037282374e-04
1.422951268111e-04
1.420813445440e-04
1.420614484583e-04
1.418367142744e-04
1.416817220142e-04
1.411254745758e-04
1.404179705644e-04
1.403828467736e-04
1.402708210355e-04
1.402021361283e-04
1.399836046919e-04
1.398816653721e-04
1.397555697893e-04
1.397359208818e-04
1.383818982813e-04
1.381877690220e-04
1.374218474946e-04
1.373570540565e-04
1.370526338370e-04
1.369888877245e-04
1.369145312843e-04
1.367300527761e-04
1.366827750880e-04
1.365772007276e-04
1.365062531953e-04
1.361498935810e-04
1.358537686511e-04
1.356084707599e-04
1.354636618159e-04
1.350688881582e-04
1.350360598449e-04
1.347271433417e-04
1.346653099062e-04
1.338880714365e-04
1.333334694051e-04
1.332660500082e-04
1.331802953685e-04
1.328230243538e-04
1.327808422803e-04
1.327141272116e-04
1.326364409359e-04
1.325130150318e-04
1.325058918076e-04
1.321222846598e-04
1.315459887244e-04
1.312279247647e-04
1.309995099002e-04
1.308249508060e-04
1.307840686952e-04
1.305973074867e-04
1.303629336084e-04
1.302119853679e-04
1.298125655396e-04
1.297552312960e-04
1.295778829948e-04
1.295021831771e-04
1.286544706351e-04
1.285407706825e-04
1.284908543163e-04
1.281264767180e-04
1.279796023889e-04
1.278062288264e-04
1.274701476189e-04
1.271236337668e-04
1.270830024393e-04
1.270814560299e-04
1.265232138042e-04
1.263196437081e-04
1.258092807220e-04
1.256346340912e-04
1.255872937614e-04
1.254862653253e-04
1.250473434680e-04
1.250102443239e-04
1.247547661176e-04
1.245407622325e-04
1.245137649799e-04
1.240292139922e-04
1.233593208252e-04
1.233536430251e-04
1.233407243826e-04
1.231110318294e-04
1.228266910188e-04
1.227350650989e-04
1.227293828076e-04
1.226447016310e-04
1.226294024539e-04
1.225478246026e-04
1.224210140250e-04
1.219550267780e-04
1.217395887213e-04
1.216999006637e-04
1.212675632533e-04
1.202109325466e-04
1.201600974756e-04
1.199751205742e-04
1.198700636267e-04
1.198602521421e-04
1.197479184936e-04
1.193505985548e-04
1.186324188538e-04
1.186043486919e-04
1.185000093705e-04
1.180326675344e-04
1.179439075131e-04
1.175892670779e-04
1.175359974153e-04
1.175027135991e-04
1.174091801413e-04
1.173780333821e-04
1.172790091760e-04
1.170730492966e-04
1.169941402362e-04
1.164962617735e-04
1.159390474945e-04
1.157703737351e-04
1.154120551027e-04
1.154037882590e-04
1.151824171854e-04
1.148469749788e-04
1.148051178079e-04
1.147731046460e-04
1.145151997593e-04
1.138810916773e-04
1.136681046138e-04
1.134736155658e-04
1.133434364492e-04
1.131121658265e-04
1.130331015591e-04
1.127918445374e-04
1.127069338117e-04
1.124968113099e-04
1.124860213458e-04
1.124437591126e-04
1.122772731137e-04
1.120329259020e-04
1.116544025217e-04
1.115909712254e-04
1.115040847829e-04
1.111128303481e-04
1.108766646655e-04
1.108295493923e-04
1.102937370117e-04
1.101937005852e-04
1.100903388227e-04
1.099339615580e-04
1.097739166846e-04
1.095121589246e-04
1.094703545404e-04
1.088837262134e-04
1.088592980353e-04
1.086251543869e-04
1.085840469151e-04
1.085314072159e-04
1.081664880500e-04
1.080565486353e-04
1.073810277386e-04
1.073581418611e-04
1.072853448738e-04
1.072702201323e-04
1.072397535862e-04
1.071589757196e-04
1.067874578892e-04
1.061461692406e-04
1.061384599467e-04
1.061189952918e-04
1.061118598709e-04
1.060086776530e-04
1.059413196398e-04
1.058776263220e-04
1.057361719953e-04
1.056125242712e-04
1.048690963903e-04
1.047212848940e-04
1.046213341037e-04
1.045817231571e-04
1.045768927695e-04
1.044666764522e-04
1.043434466811e-04
1.042323910204e-04
1.040105229694e-04
1.036002597711e-04
1.035575437117e-04
1.029188349717e-04
1.027222387343e-04
1.025028435342e-04
1.024928359591e-04
1.019044872605e-04
1.017978986969e-04
1.017386641774e-04
1.013800609540e-04
1.012359425058e-04
1.012346900365e-04
1.010663170691e-04
1.006947567309e-04
1.004333697220e-04
1.003446186323e-04
1.002944202311e-04
1.001326995271e-04
1.000535824115e-04
1.000259183835e-04
9.975646662806e-05
9.898889488798e-05
9.881644626616e-05
9.867871059387e-05
9.860355129075e-05
9.860349633787e-05
9.822998942433e-05
9.821368882293e-05
9.800206649071e-05
9.722990363096e-05
9.711258293038e-05
9.702493906470e-05
9.695104398854e-05
9.683795845987e-05
9.683676123904e-05
9.674435960803e-05
9.672766946059e-05
9.665177200377e-05
9.628878042044e-05
9.606912375165e-05
9.585436895813e-05
9.567900455985e-05
9.548304802881e-05
9.510475201118e-05
9.505466693144e-05
9.491734231030e-05
9.478191680447e-05
9.478015636713e-05
9.471158637014e-05
9.459293958510e-05
9.424115690189e-05
9.409615043655e-05
9.402335512343e-05
9.387770781782e-05
9.375779917477e-05
9.360686169792e-05
9.354392659711e-05
9.351920409615e-05
9.306143444069e-05
9.293462607171e-05
9.292386899735e-05
9.261881011343e-05
9.249013658377e-05
9.236194022559e-05
9.214375004645e-05
9.171365436080e-05
9.171202861531e-05
9.144978480539e-05
9.144931736998e-05
9.103031303138e-05
9.057743790805e-05
9.038465891651e-05
9.023053156698e-05
9.016734625339e-05
9.005814205127e-05
9.005609831587e-05
8.976119968990e-05
8.974615471888e-05
8.958042357491e-05
8.938175078824e-05
8.926060990131e-05
8.894981648073e-05
8.817542282644e-05
8.796476931342e-05
8.780029833764e-05
8.761038623385e-05
8.759167361415e-05
8.757810280341e-05
8.738061132919e-05
8.735730346118e-05
8.728977328902e-05
8.718302994424e-05
8.666849767565e-05
8.663983621314e-05
8.662742935322e-05
8.627149787168e-05
8.600557169919e-05
8.580595542073e-05
8.579837178165e-05
8.579321705320e-05
8.554896299923e-05
8.549191719235e-05
8.543194078828e-05
8.518241889077e-05
8.491482055122e-05
8.490541627702e-05
8.455293603955e-05
8.445629628842e-05
8.414292227770e-05
8.409067212091e-05
8.398546821759e-05
8.397483806447e-05
8.387463227694e-05
8.364997924525e-05
8.354545620318e-05
8.347399904464e-05
8.337997580909e-05
8.310629617259e-05
8.303249640087e-05
8.301060602557e-05
8.291291107906e-05
8.236391451618e-05
8.231895504239e-05
8.220484920180e-05
8.208229683644e-05
8.155051573508e-05
8.139119444786e-05
8.137180749616e-05
8.136730863211e-05
8.134551974143e-05
8.130923094552e-05
8.130425706355e-05
8.110818001999e-05
8.081876414288e-05
8.060721874722e-05
8.036631398635e-05
8.024229234372e-05
8.018561802498e-05
7.973285763813e-05
7.968792781970e-05
7.956186667016e-05
7.947418130052e-05
7.946216224123e-05
7.927895994471e-05
7.901120876335e-05
7.899380906057e-05
7.895372677763e-05
7.847508613305e-05
7.845317686554e-05
7.844470285654e-05
7.840366757703e-05
7.832495356949e-05
7.779482937914e-05
7.779137373207e-05
7.778704347773e-05
7.772150685666e-05
7.754402386025e-05
7.748044261749e-05
7.692293582559e-05
7.690795194187e-05
7.688835957213e-05
7.686938035964e-05
7.679779013356e-05
7.671331220893e-05
7.640208639912e-05
7.625803717225e-05
7.608742071231e-05
7.579254877563e-05
7.574591022549e-05
7.528492701159e-05
7.523620789174e-05
7.515932749102e-05
7.514265968633e-05
7.507990062037e-05
7.472309407914e-05
7.461169406436e-05
7.439674740975e-05
7.424689708377e-05
7.419603707111e-05
7.419563330590e-05
7.372161473223e-05
7.358570564547e-05
7.351932776484e-05
7.350771412273e-05
7.348479616104e-05
7.336986968621e-05
7.325064592464e-05
7.292682652880e-05
7.289100441982e-05
7.275217871647e-05
7.271830136338e-05
7.266164503748e-05
7.258173202846e-05
7.253708579834e-05
7.236249566688e-05
7.232187266614e-05
7.203605703149e-05
7.202667264145e-05
7.193878984861e-05
7.172116839481e-05
7.169686535133e-05
7.168717798808e-05
7.120282823850e-05
7.112207282233e-05
7.107567340753e-05
7.081905431578e-05
7.074438531245e-05
7.068620700509e-05
7.018146048585e-05
7.010564562625e-05
7.010356291491e-05
6.985255144582e-05
6.983912727477e-05
6.964044713830e-05
6.948585154719e-05
6.930493676579e-05
6.906241292266e-05
6.901988471806e-05
6.892852897573e-05
6.865634506143e-05
6.864697835844e-05
6.864643002063e-05
6.862639273103e-05
6.832623849284e-05
6.803777316952e-05
6.796639567093e-05
6.779078256222e-05
6.764362930198e-05
6.762247840149e-05
6.756434255566e-05
6.733392907497e-05
6.731941765843e-05
6.729834614398e-05
6.710485722014e-05
6.705647185947e-05
6.697312103617e-05
6.697108864821e-05
6.691186688455e-05
6.688638608222e-05
6.673889426248e-05
6.621326019248e-05
6.613031588368e-05
6.598117866448e-05
6.595542398604e-05
6.571119167347e-05
6.570319315340e-05
6.570151807203e-05
6.564586310511e-05
6.503077007561e-05
6.495082492409e-05
6.494526824987e-05
6.481262899703e-05
6.475451567387e-05
6.472972898754e-05
6.467054296959e-05
6.435617487566e-05
6.429281426489e-05
6.418410167265e-05
6.414849515682e-05
6.410521166573e-05
6.402890401071e-05
6.400239664285e-05
6.392750144276e-05
6.372675128649e-05
6.359434338378e-05
6.355346675794e-05
6.348554309497e-05
6.339872861443e-05
6.324052512394e-05
6.322148480800e-05
6.290452392238e-05
6.270881554358e-05
6.260117541216e-05
6.236210028865e-05
6.231011145960e-05
6.217075230133e-05
6.215164594669e-05
6.213458445123e-05
6.201808185213e-05
6.185271367995e-05
6.178507396427e-05
6.167820985853e-05
6.162879713147e-05
6.148810679407e-05
6.148150604293e-05
6.129557740039e-05
6.078975018091e-05
6.077266356912e-05
6.069905875914e-05
6.061256050155e-05
6.052741935775e-05
6.049150141487e-05
6.047328414940e-05
6.028235875625e-05
6.023365107388e-05
6.008766360417e-05
6.001189274351e-05
5.987484150419e-05
5.983814541285e-05
5.969095978351e-05
5.955635949758e-05
5.930805139533e-05
5.916199032948e-05
5.887430965038e-05
5.884198272976e-05
5.882461661725e-05
5.875460674554e-05
5.866232134772e-05
5.866011715914e-05
5.854095821334e-05
5.843714353216e-05
5.811189598952e-05
5.806724154288e-05
5.780749248087e-05
5.765069172547e-05
5.755681216115e-05
5.752492856211e-05
5.748618802405e-05
5.738546977352e-05
5.705529164300e-05
5.698487298093e-05
5.687739680178e-05
5.687483630046e-05
5.679337027649e-05
5.673708781381e-05
5.671440642417e-05
5.669127587568e-05
5.653337401720e-05
5.652385512519e-05
5.638184371398e-05
5.631526218269e-05
5.606415714794e-05
5.586711829296e-05
5.583880625278e-05
5.578272002187e-05
5.571061518757e-05
5.564721407521e-05
5.550226384353e-05
5.538374535283e-05
5.533351540396e-05
5.528384426772e-05
5.521153390685e-05
5.520400049020e-05
5.518392915296e-05
5.494330823708e-05
5.487450089557e-05
5.457611191518e-05
5.449328327124e-05
5.443137231239e-05
5.433406668316e-05
5.427290688236e-05
5.426251579482e-05
5.425935491292e-05
5.408210907667e-05
5.405068784902e-05
5.401444691433e-05
5.375862712678e-05
5.359472141355e-05
5.347180182943e-05
5.340975838871e-05
5.333644725518e-05
5.313247441152e-05
5.299631222934e-05
5.286186656399e-05
5.281548794120e-05
5.277871696872e-05
5.273931209703e-05
5.248297689680e-05
5.242866868117e-05
5.240651015798e-05
5.217519020604e-05
5.188930561526e-05
5.185972076525e-05
5.178421769331e-05
5.177233360622e-05
5.164728103995e-05
5.161620739824e-05
5.155351072091e-05
5.140948728440e-05
5.132200231885e-05
5.113960284769e-05
5.101669945534e-05
5.092825999922e-05
5.066581442893e-05
5.059153399018e-05
5.045228453658e-05
5.043869593787e-05
5.008190718759e-05
5.002263992254e-05
4.999765423253e-05
4.998356227108e-05
4.985645277916e-05
4.983676205363e-05
4.966850417762e-05
4.959464176567e-05
4.948720274097e-05
4.946823021608e-05
4.943427983509e-05
4.934366613341e-05
4.919696115093e-05
4.904497914550e-05
4.903793433215e-05
4.893242219259e-05
4.891126085051e-05
4.888826276121e-05
4.885599926569e-05
4.873421119168e-05
4.853460219284e-05
4.852611849295e-05
4.851028825610e-05
4.848713541443e-05
4.838549445360e-05
4.829219888878e-05
4.812727009346e-05
4.811463694906e-05
4.809438343121e-05
4.789525549741e-05
4.778141822301e-05
4.770703186970e-05
4.769410480514e-05
4.762863169227e-05
4.751220593499e-05
4.741341646118e-05
4.711139961011e-05
4.703744989617e-05
4.692124135578e-05
4.686360027328e-05
4.669514659678e-05
4.666431855375e-05
4.655457611141e-05
4.652521281554e-05
4.646635511927e-05
4.645751388169e-05
4.635437655032e-05
4.627515724616e-05
4.623081574132e-05
4.619593039742e-05
4.575277890864e-05
4.561240473750e-05
4.560089968132e-05
4.558966647601e-05
4.558516915989e-05
4.550644019697e-05
4.536176140600e-05
4.534289868029e-05
4.523039408084e-05
4.520497468056e-05
4.501982192831e-05
4.499493797229e-05
4.498955888131e-05
4.491538287869e-05
4.476035552510e-05
4.463155294656e-05
4.460579009229e-05
4.446310895843e-05
4.434076734616e-05
4.431090974410e-05
4.430901067532e-05
4.430135602946e-05
4.419138069777e-05
4.402849456459e-05
4.395904605010e-05
4.392735950102e-05
4.391270731714e-05
4.385226451788e-05
4.383974216021e-05
4.373734541913e-05
4.362799149815e-05
4.353508723046e-05
4.338841616852e-05
4.329565746741e-05
4.304471089260e-05
4.304069761238e-05
4.297578415612e-05
4.296527396501e-05
4.273087652952e-05
4.272577295019e-05
4.268963097058e-05
4.262063426243e-05
4.252399156954e-05
4.250587189959e-05
4.246538910526e-05
4.229918539359e-05
4.224139747018e-05
4.219016195961e-05
4.213676060835e-05
4.209945623213e-05
4.197963118842e-05
4.190844941140e-05
4.188259617601e-05
4.173535718304e-05
4.171466451472e-05
4.169985998071e-05
4.151650059302e-05
4.135524163937e-05
4.122818557178e-05
4.122697481546e-05
4.120269792682e-05
4.117410975614e-05
4.115831656320e-05
4.111379908025e-05
4.109423755666e-05
4.093913072490e-05
4.082325289067e-05
4.081719428010e-05
4.070664169109e-05
4.065102461666e-05
4.063087291935e-05
4.061623251608e-05
4.053287687336e-05
4.029666242497e-05
4.027867581114e-05
4.022011444247e-05
4.020951466944e-05
4.007435603510e-05
3.997330008711e-05
3.982861453847e-05
3.980981488673e-05
3.976845859143e-05
3.969395680368e-05
3.969045717770e-05
3.963403082996e-05
3.956625392140e-05
3.949112632159e-05
3.944481714996e-05
3.923737645172e-05
3.898686492350e-05
3.889324151716e-05
3.872825652510e-05
3.865527195570e-05
3.864187682419e-05
3.860024345525e-05
3.844363773463e-05
3.832670248088e-05
3.825442702060e-05
3.824103412509e-05
3.821101620293e-05
3.813187846815e-05
3.811224951942e-05
3.798083590303e-05
3.791961038988e-05
3.791098042914e-05
3.781820398396e-05
3.776657782103e-05
3.776262172722e-05
3.774941344540e-05
3.774791900712e-05
3.774325392017e-05
3.726685085045e-05
3.725736842437e-05
3.712369269397e-05
3.712260742208e-05
3.708825683831e-05
3.704245611732e-05
3.703690167507e-05
3.697016687136e-05
3.693061880640e-05
3.692587191815e-05
3.688347845149e-05
3.681144867913e-05
3.680333089042e-05
3.670548772781e-05
3.649796025644e-05
3.640008753973e-05
3.628414622204e-05
3.627636892993e-05
3.618965471764e-05
3.612569747084e-05
3.602779524053e-05
3.590864216269e-05
3.590431090951e-05
3.578221185587e-05
3.577539653647e-05
3.577539140175e-05
3.576008521746e-05
3.575794123902e-05
3.574418749664e-05
3.528415609298e-05
3.527204035415e-05
3.525550861247e-05
3.523453207173e-05
3.521546615487e-05
3.520521915648e-05
3.504059118792e-05
3.501136898051e-05
3.500975335913e-05
3.494410488349e-05
3.487158953404e-05
3.486631818913e-05
3.481959756164e-05
3.478333468654e-05
3.450889691290e-05
3.450870981205e-05
3.446667970581e-05
3.444443373606e-05
3.435303193452e-05
3.419171569957e-05
3.416980064622e-05
3.415112818361e-05
3.415015134936e-05
3.411641859439e-05
3.395798158630e-05
3.392361682934e-05
3.389195517867e-05
3.388018303378e-05
3.386266604962e-05
3.376299781187e-05
3.370774341517e-05
3.353350357457e-05
3.351542342197e-05
3.340007929510e-05
3.338614572725e-05
3.334398840434e-05
3.320510267910e-05
3.317577667528e-05
3.315834178657e-05
3.309280360247e-05
3.296402276889e-05
3.287792899113e-05
3.285393432772e-05
3.283096642425e-05
3.278334259022e-05
3.272550949698e-05
3.270802661239e-05
3.263600801134e-05
3.260483354112e-05
3.241505979883e-05
3.237668003699e-05
3.237129636744e-05
3.229430968615e-05
3.228132002248e-05
3.225572086298e-05
3.220197412297e-05
3.207592306869e-05
3.207457945831e-05
3.191254536564e-05
3.188242900655e-05
3.179470456517e-05
3.178314726032e-05
3.166957554548e-05
3.151975689163e-05
3.149622863471e-05
3.148708947936e-05
3.144833185890e-05
3.131660729347e-05
3.121054312569e-05
3.119504685910e-05
3.109586856716e-05
3.100358298570e-05
3.092787714559e-05
3.092640231563e-05
3.090658603183e-05
3.078577081127e-05
3.076330013008e-05
3.064658661880e-05
3.052385313109e-05
3.048557632740e-05
3.043335989674e-05
3.042086748446e-05
3.035931307348e-05
3.024768256235e-05
3.023030091321e-05
3.011988289076e-05
3.006076866532e-05
3.001315010720e-05
2.996880336429e-05
2.987135191170e-05
2.987090263924e-05
2.985795708420e-05
2.985721297185e-05
2.980764331841e-05
2.979292866376e-05
2.969600851571e-05
2.961917480098e-05
2.955188796385e-05
2.951027221916e-05
2.944352010369e-05
2.939714626228e-05
2.937461893289e-05
2.926299243150e-05
2.921763155668e-05
2.918106269387e-05
2.915205822677e-05
2.904311204966e-05
2.895874931446e-05
2.882119268293e-05
2.879198208215e-05
2.875034182025e-05
2.872207225337e-05
2.855981297981e-05
2.854791809449e-05
2.842479245892e-05
2.836818541910e-05
2.830068245298e-05
2.824554955013e-05
2.822173148955e-05
2.817652723286e-05
2.815374978884e-05
2.813748217024e-05
2.806133408397e-05
2.805541514433e-05
2.800282415568e-05
2.798021505177e-05
2.787471493430e-05
2.779619788782e-05
2.773681697706e-05
2.773466886980e-05
2.759935941591e-05
2.753286053156e-05
2.748064442112e-05
2.736703541421e-05
2.733183725244e-05
2.732187453473e-05
2.730261703836e-05
2.728136963898e-05
2.727078251476e-05
2.720843605319e-05
2.717665700075e-05
2.703771667826e-05
2.700436456952e-05
2.688170710656e-05
2.686164198301e-05
2.683181788592e-05
2.681104613750e-05
2.669618682062e-05
2.661529735690e-05
2.655024304562e-05
2.654346509369e-05
2.653505983251e-05
2.641599072806e-05
2.637703553491e-05
2.635682660646e-05
2.634835699021e-05
2.632411412842e-05
2.619272117667e-05
2.617902278232e-05
2.616964832429e-05
2.613356913826e-05
2.601182573638e-05
2.595244155201e-05
2.591688908767e-05
2.582986318731e-05
2.574448014064e-05
2.561741963291e-05
2.554050142049e-05
2.553687207799e-05
2.551535450013e-05
2.548158764101e-05
2.543626922950e-05
2.539545431796e-05
2.538907777264e-05
2.526394454950e-05
2.518468929546e-05
2.518144545936e-05
2.515007281202e-05
2.507564087227e-05
2.503401909514e-05
2.499909159068e-05
2.499642339430e-05
2.497704150298e-05
2.490791818274e-05
2.487244676964e-05
2.479441780857e-05
2.472979739611e-05
2.472166254045e-05
2.457887573890e-05
2.454362036223e-05
2.450027078850e-05
2.449200531540e-05
2.447663939476e-05
2.445909203628e-05
2.438531973636e-05
2.419588566613e-05
2.418946072432e-05
2.417956617721e-05
2.413091030943e-05
2.412491976030e-05
2.406978677186e-05
2.405038020285e-05
2.404176867447e-05
2.386769185046e-05
2.382376202379e-05
2.378537196942e-05
2.364452055859e-05
2.361347811496e-05
2.357822371026e-05
2.357473389875e-05
2.355582862381e-05
2.347192907723e-05
2.342748404164e-05
2.339152325359e-05
2.332221592216e-05
2.330685181914e-05
2.329816273219e-05
2.326141660753e-05
2.306224111031e-05
2.295892278425e-05
2.294810415554e-05
2.293004562884e-05
2.284735455472e-05
2.284040560493e-05
2.283480420426e-05
2.273400008532e-05
2.268965292245e-05
2.268102613081e-05
2.263450006524e-05
2.255197475072e-05
2.254988969115e-05
2.248686989592e-05
2.247575560354e-05
2.238512531014e-05
2.234851489007e-05
2.224167098716e-05
2.223299328708e-05
2.220644389911e-05
2.213531897234e-05
2.212083391821e-05
2.209886516869e-05
2.206622903183e-05
2.206312668214e-05
2.202716505485e-05
2.200729159110e-05
2.191720075640e-05
2.189839850124e-05
2.186916993083e-05
2.184015220577e-05
2.178891348603e-05
2.173585707572e-05
2.173117578300e-05
2.171922640099e-05
2.160316830226e-05
2.148214959828e-05
2.146993119538e-05
2.139087944080e-05
2.133186606524e-05
2.127613405771e-05
2.121319769160e-05
2.119309905120e-05
2.118305853772e-05
2.110191688277e-05
2.108758187680e-05
2.103776117004e-05
2.100063592883e-05
2.078158123993e-05
2.077568225130e-05
2.075318874574e-05
2.075094361072e-05
2.074523889222e-05
2.073386402063e-05
2.065399145345e-05
2.056465348267e-05
2.056125589126e-05
2.050308610375e-05
2.046698841408e-05
2.041301506619e-05
2.041083078094e-05
2.032897252234e-05
2.029836104177e-05
2.029265833402e-05
2.029144874097e-05
2.026972416530e-05
2.021592327314e-05
2.019201870562e-05
2.009635199727e-05
2.008560042406e-05
2.000588529560e-05
1.996016079297e-05
1.995706644974e-05
1.989119015335e-05
1.988121838100e-05
1.981561641920e-05
1.980804940391e-05
1.979987679310e-05
1.978140309321e-05
1.976218390203e-05
1.974620792176e-05
1.963321134877e-05
1.958340909984e-05
1.952029814466e-05
1.947292483493e-05
1.946809232154e-05
1.945208220101e-05
1.932239363386e-05
1.930929874343e-05
1.930154090836e-05
1.927771930942e-05
1.927597518242e-05
1.913531637533e-05
1.905360230863e-05
1.905164960871e-05
1.901342970731e-05
1.896503357118e-05
1.894485963590e-05
1.889945931535e-05
1.889342157073e-05
1.887731892795e-05
1.881138386665e-05
1.879648159476e-05
1.876020732323e-05
1.875189643603e-05
1.873809996744e-05
1.864186201824e-05
1.862267979994e-05
1.853410911441e-05
1.845530228679e-05
1.845241432084e-05
1.843672341045e-05
1.833399631762e-05
1.828385465403e-05
1.824999687958e-05
1.822956560596e-05
1.819401251976e-05
1.818911958587e-05
1.817131015353e-05
1.811115520481e-05
1.807710641300e-05
1.804332338129e-05
1.802021444697e-05
1.800455558416e-05
1.787264998993e-05
1.783152581336e-05
1.781403546268e-05
1.777242681770e-05
1.770918255420e-05
1.767742094418e-05
1.764608350453e-05
1.758722076676e-05
1.751996125401e-05
1.751880215760e-05
1.750543757886e-05
1.746750150544e-05
1.741469258724e-05
1.741003558647e-05
1.735277574932e-05
1.730756406719e-05
1.729552157072e-05
1.726549636063e-05
1.719443234518e-05
1.717530941860e-05
1.717108440723e-05
1.714433219691e-05
1.710247953868e-05
1.691832789551e-05
1.686843482518e-05
1.684930091454e-05
1.683508622402e-05
1.681577558209e-05
1.680342206276e-05
1.679977995306e-05
1.674409205985e-05
1.673993408656e-05
1.668415040722e-05
1.666207971419e-05
1.665934823907e-05
1.658909427988e-05
1.657728320865e-05
1.654489996761e-05
1.652643406172e-05
1.646657951582e-05
1.644687708220e-05
1.639478980135e-05
1.637899685056e-05
1.637835846501e-05
1.636375580067e-05
1.631411028142e-05
1.625993903894e-05
1.622093429747e-05
1.621793457930e-05
1.620891942637e-05
1.612014261796e-05
1.606126286749e-05
1.605308284467e-05
1.604418114973e-05
1.597993434105e-05
1.595000829897e-05
1.593565657435e-05
1.592067121730e-05
1.584718735205e-05
1.584394759085e-05
1.583959664673e-05
1.578541203133e-05
1.568723321664e-05
1.561464785246e-05
1.559052733297e-05
1.555442383626e-05
1.551599737140e-05
1.551206698618e-05
1.549306317232e-05
1.546360134570e-05
1.544045937828e-05
1.538360043825e-05
1.534433966518e-05
1.534398905537e-05
1.532893020818e-05
1.528388908052e-05
1.525096441588e-05
1.520394999213e-05
1.514351401901e-05
1.514343858802e-05
1.512980546335e-05
1.510920624169e-05
1.510712589043e-05
1.506213898935e-05
1.501632111584e-05
1.495387004576e-05
1.486883271223e-05
1.483861137726e-05
1.477567311155e-05
1.475207942896e-05
1.474805218230e-05
1.471649674539e-05
1.468426514909e-05
1.467700643938e-05
1.466392766496e-05
1.464518129683e-05
1.463313867932e-05
1.454758758505e-05
1.452208888394e-05
1.450286162383e-05
1.446957241155e-05
1.438154404760e-05
1.436474955322e-05
1.433929582895e-05
1.433368918490e-05
1.431982180970e-05
1.428980624821e-05
1.428478769564e-05
1.424870424380e-05
1.419088990445e-05
1.416702573174e-05
1.409794996169e-05
1.406353247838e-05
1.405829817479e-05
1.401548102189e-05
1.400473975088e-05
1.393569400135e-05
1.390440988258e-05
1.389294004244e-05
1.386475530936e-05
1.383901655202e-05
1.379241506279e-05
1.366808402287e-05
1.362907623328e-05
1.362483879174e-05
1.359932628064e-05
1.358100385123e-05
1.356121812260e-05
1.355638637488e-05
1.354293380722e-05
1.344684551840e-05
1.341598501993e-05
1.335040852130e-05
1.332503658831e-05
1.322979953353e-05
1.319067432945e-05
1.317638071198e-05
1.312748289229e-05
1.311865961342e-05
1.302380931216e-05
1.302007640718e-05
1.299881390666e-05
1.297822641492e-05
1.297679172308e-05
1.292806714975e-05
1.291726325852e-05
1.290024492810e-05
1.288363648397e-05
1.286054066489e-05
1.282520429787e-05
1.278239206642e-05
1.276914775609e-05
1.275491961454e-05
1.273572560658e-05
1.271769306875e-05
1.262355516527e-05
1.261150386254e-05
1.259656293381e-05
1.257442236943e-05
1.256453877357e-05
1.250676535219e-05
1.250598384269e-05
1.250061310569e-05
1.247250770545e-05
1.240195750046e-05
1.237143097809e-05
1.228047310948e-05
1.227199028950e-05
1.225138189104e-05
1.221859427682e-05
1.221057507672e-05
1.216136671813e-05
1.212785230177e-05
1.211973815956e-05
1.211055441394e-05
1.209433054403e-05
1.204803135856e-05
1.200825123602e-05
1.198265658926e-05
1.193988926989e-05
1.191372641422e-05
1.186833892343e-05
1.186351630733e-05
1.184209349658e-05
1.182628073214e-05
1.180477435968e-05
1.171211335427e-05
1.169352003134e-05
1.168226034585e-05
1.166881799335e-05
1.159718693087e-05
1.154649064521e-05
1.153583718440e-05
1.153316817431e-05
1.151569666427e-05
1.148668640924e-05
1.147330107086e-05
1.142291009364e-05
1.139720990346e-05
1.139352657086e-05
1.138692494200e-05
1.137260338018e-05
1.133883431885e-05
1.133394270891e-05
1.130633839253e-05
1.130158347055e-05
1.129395096564e-05
1.122709550028e-05
1.118806980841e-05
1.117283471453e-05
1.113523618781e-05
1.108625991313e-05
1.104435561017e-05
1.101420224495e-05
1.101140389052e-05
1.097947136109e-05
1.097885311961e-05
1.096508383006e-05
1.091307893782e-05
1.088103861878e-05
1.087766267788e-05
1.087461662975e-05
1.087049746892e-05
1.085779830447e-05
1.084922191990e-05
1.081403792804e-05
1.081163905582e-05
1.080998721871e-05
1.073981998686e-05
1.072425266510e-05
1.066580389765e-05
1.065232776478e-05
1.058694635924e-05
1.055569170946e-05
1.054186174585e-05
1.053715127147e-05
1.053439685166e-05
1.051837863638e-05
1.051405482295e-05
1.041873754650e-05
1.040957707015e-05
1.040710168110e-05
1.038893310166e-05
1.036976979503e-05
1.031976642304e-05
1.031597879621e-05
1.031010513814e-05
1.030147270061e-05
1.025993474788e-05
1.024196548943e-05
1.021946912362e-05
1.012919561668e-05
1.012674565974e-05
1.012373265275e-05
1.008092535588e-05
1.002575150062e-05
1.001058890072e-05
9.996259765965e-06
9.969725714774e-06
9.964262493714e-06
9.956312773761e-06
9.917796465952e-06
9.888441278942e-06
9.860443704235e-06
9.857518932225e-06
9.855347010169e-06
9.820473321412e-06
9.802311862218e-06
9.786276126554e-06
9.776212639889e-06
9.698557711705e-06
9.600711726645e-06
9.596082892009e-06
9.591890543814e-06
9.590280084601e-06
9.579233193136e-06
9.564052680856e-06
9.549265686659e-06
9.506110592914e-06
9.487106987784e-06
9.443178840046e-06
9.428556329480e-06
9.357752568959e-06
9.351886120326e-06
9.345019304918e-06
9.309576482751e-06
9.308218436230e-06
9.280985957230e-06
9.279442484281e-06
9.223287916980e-06
9.174788311950e-06
9.143565498019e-06
9.143401458560e-06
9.143282340388e-06
9.139503401981e-06
9.127586713926e-06
9.116607122624e-06
9.096255211775e-06
9.063142072463e-06
9.030845365442e-06
8.990470480805e-06
8.981593472177e-06
8.970763109759e-06
8.969552048335e-06
8.939755417340e-06
8.858736943551e-06
8.832679194040e-06
8.789112498555e-06
8.789008242686e-06
8.762771661663e-06
8.745435159168e-06
8.734334497522e-06
8.721883493234e-06
8.718160244967e-06
8.714751144851e-06
8.701235048719e-06
8.660606312100e-06
8.659176365573e-06
8.631043911143e-06
8.624243943740e-06
8.579008096991e-06
8.551454433887e-06
8.483466231049e-06
8.477353793414e-06
8.439888784870e-06
8.434693031239e-06
8.414183227258e-06
8.395850429501e-06
8.388658607958e-06
8.355671720611e-06
8.335354406053e-06
8.317687632011e-06
8.316970475885e-06
8.298212141041e-06
8.284020802389e-06
8.250481288285e-06
8.210972805870e-06
8.208736450270e-06
8.198454651748e-06
8.194962000302e-06
8.172057106469e-06
8.099127924878e-06
8.086954446867e-06
8.067446656583e-06
7.962264019486e-06
7.932435461415e-06
7.930390552633e-06
7.898001549899e-06
7.874533683137e-06
7.867933900952e-06
7.829089430708e-06
7.814379856830e-06
7.788028355145e-06
7.786026225713e-06
7.747154038875e-06
7.746605920576e-06
7.740354858516e-06
7.717254202317e-06
7.657077949420e-06
7.654996693249e-06
7.628218465108e-06
7.621035815537e-06
7.619786669321e-06
7.588766904871e-06
7.585160824859e-06
7.584939425200e-06
7.568628021961e-06
7.537136109216e-06
7.525405671261e-06
7.490923043187e-06
7.462509467127e-06
7.452286275254e-06
7.392376211434e-06
7.369497439601e-06
7.360204578143e-06
7.351728192363e-06
7.350152278123e-06
7.335322299946e-06
7.308059220043e-06
7.297585215784e-06
7.295434739760e-06
7.247297107345e-06
7.219829105414e-06
7.196845914934e-06
7.194850780460e-06
7.168365973818e-06
7.126591976057e-06
7.117805752386e-06
7.104350854984e-06
7.083340441522e-06
7.083331213898e-06
7.060778574228e-06
7.041801956026e-06
7.016632243649e-06
7.015302002304e-06
7.009761490097e-06
6.997980056907e-06
6.992382811880e-06
6.980086280518e-06
6.936613342162e-06
6.935447857907e-06
6.926359905107e-06
6.895493281514e-06
6.893827705471e-06
6.873499868647e-06
6.841759012542e-06
6.840475003713e-06
6.770943896144e-06
6.749240509852e-06
6.681109309309e-06
6.665050908769e-06
6.654534800138e-06
6.639795283145e-06
6.616988588876e-06
6.611284942103e-06
6.589147504742e-06
6.577825347931e-06
6.556635708346e-06
6.553439151786e-06
6.543272714383e-06
6.531615028696e-06
6.521558926775e-06
6.513024015020e-06
6.479047811263e-06
6.473112732601e-06
6.470963613432e-06
6.466162799007e-06
6.461228832265e-06
6.445594972608e-06
6.394471444473e-06
6.378908928808e-06
6.365427978811e-06
6.363855966603e-06
6.363013560608e-06
6.337963631301e-06
6.330283539680e-06
6.284773657480e-06
6.237670872701e-06
6.224980532886e-06
6.224486379696e-06
6.190799164268e-06
6.165160443995e-06
6.162642225267e-06
6.151129335165e-06
6.149918891935e-06
6.124225634122e-06
6.120650536154e-06
6.109420415371e-06
6.073782429150e-06
6.056079315563e-06
6.034379450599e-06
6.018399077783e-06
6.013512252231e-06
5.974370503644e-06
5.960580799070e-06
5.950359367913e-06
5.941584999295e-06
5.918230160891e-06
5.915861075520e-06
5.906102249019e-06
5.899569091791e-06
5.827890736078e-06
5.812149843775e-06
5.804763427937e-06
5.784443623124e-06
5.754526543962e-06
5.752505988227e-06
5.752056419523e-06
5.738520053504e-06
5.731173902144e-06
5.722430957331e-06
5.717725991299e-06
5.660823270816e-06
5.643605447454e-06
5.641085618766e-06
5.611358466716e-06
5.608444528110e-06
5.581357566490e-06
5.566962372723e-06
5.564639264823e-06
5.524302830933e-06
5.511757588680e-06
5.440165668443e-06
5.429939114118e-06
5.415662639051e-06
5.413761244501e-06
5.403175598515e-06
5.379933288012e-06
5.362897818893e-06
5.353239354766e-06
5.343495438113e-06
5.332090869814e-06
5.323075533478e-06
5.317886812160e-06
5.291070890199e-06
5.287188966397e-06
5.286055793656e-06
5.273708952336e-06
5.269113375755e-06
5.261135959513e-06
5.243803783401e-06
5.213576351867e-06
5.209217412302e-06
5.207042455950e-06
5.186250897758e-06
5.167835048001e-06
5.124821617583e-06
5.117341323173e-06
5.109992623509e-06
5.098258362477e-06
5.059511239631e-06
5.057074903299e-06
5.046828751527e-06
4.999425773797e-06
4.972706677151e-06
4.960912080832e-06
4.959095401124e-06
4.954691794572e-06
4.943864251765e-06
4.904999170648e-06
4.902655622077e-06
4.889600586645e-06
4.883234071788e-06
4.882552177724e-06
4.871075035812e-06
4.868952192897e-06
4.818338822583e-06
4.800851734678e-06
4.794373406302e-06
4.788566725822e-06
4.741561860302e-06
4.730002937335e-06
4.714950063156e-06
4.711198837117e-06
4.696326194294e-06
4.686394209016e-06
4.662937861565e-06
4.655793260960e-06
4.640899864191e-06
4.623268433182e-06
4.600225281329e-06
4.584549258503e-06
4.564818952689e-06
4.543796855966e-06
4.529309127179e-06
4.529098975920e-06
4.526499608490e-06
4.519051219267e-06
4.483990279153e-06
4.481437762767e-06
4.477959411997e-06
4.450122412717e-06
4.447675601600e-06
4.442476217533e-06
4.434910993959e-06
4.432242959101e-06
4.431524886443e-06
4.384508200008e-06
4.382686151991e-06
4.372679204537e-06
4.361590480916e-06
4.355806979758e-06
4.321257325396e-06
4.318724921415e-06
4.314443772948e-06
4.313386214103e-06
4.306156874450e-06
4.303885412921e-06
4.295431029035e-06
4.269637384471e-06
4.253393881362e-06
4.205417874211e-06
4.197185053678e-06
4.178704009276e-06
4.164485028651e-06
4.113352028591e-06
4.100220212125e-06
4.099165174034e-06
4.064963253061e-06
4.063034433282e-06
4.045215130564e-06
4.040790190181e-06
4.031202046213e-06
4.025124786143e-06
4.024096842275e-06
3.986116512169e-06
3.986024923931e-06
3.983152386075e-06
3.944325594227e-06
3.935703498212e-06
3.933816583501e-06
3.903534848647e-06
3.896380349318e-06
3.880828898458e-06
3.865853845372e-06
3.860273599836e-06
3.855090350256e-06
3.819523956642e-06
3.817498079827e-06
3.813299203588e-06
3.776112732182e-06
3.773825635382e-06
3.760836363491e-06
3.752359397332e-06
3.740025385488e-06
3.735656485292e-06
3.729366898915e-06
3.726444187624e-06
3.718627617863e-06
3.715947442584e-06
3.707233814949e-06
3.681260429098e-06
3.659308882856e-06
3.656953871137e-06
3.656259449304e-06
3.618932336710e-06
3.602763145801e-06
3.600976435993e-06
3.598683423432e-06
3.590272472801e-06
3.571465512002e-06
3.548508970594e-06
3.536945677722e-06
3.533562251753e-06
3.514124698189e-06
3.491010023256e-06
3.486340092381e-06
3.454473469067e-06
3.442089033194e-06
3.438983712738e-06
3.434220049725e-06
3.424517551178e-06
3.411070778845e-06
3.400100001210e-06
3.399290321300e-06
3.396082388729e-06
3.359923856403e-06
3.348819011424e-06
3.307992851072e-06
3.295848762032e-06
3.295217722939e-06
3.268211140246e-06
3.235255225155e-06
3.213705102616e-06
3.210277840208e-06
3.182097142587e-06
3.180346144564e-06
3.177988416951e-06
3.147448952243e-06
3.138927512603e-06
3.124459393571e-06
3.113727346094e-06
3.102987893638e-06
3.100975919388e-06
3.092180322798e-06
3.089808225113e-06
3.085625676874e-06
3.079561251951e-06
3.066281971955e-06
3.034824268198e-06
3.024066484505e-06
3.001660587196e-06
3.001343010986e-06
2.971917613624e-06
2.965330293032e-06
2.958056395342e-06
2.940664520575e-06
2.923473161572e-06
2.920521513208e-06
2.919275344470e-06
2.886546152247e-06
2.879533405545e-06
2.875003391647e-06
2.867499328130e-06
2.851350601158e-06
2.822563835643e-06
2.812117830242e-06
2.803669261597e-06
2.795374949213e-06
2.794506678715e-06
2.757231504358e-06
2.756151946215e-06
2.752496444661e-06
2.748823745892e-06
2.731711024142e-06
2.717977079764e-06
2.712475680129e-06
2.680689859749e-06
2.673779254359e-06
2.671139184075e-06
2.659709501107e-06
2.654789170262e-06
2.639962826573e-06
2.625233084793e-06
2.616554612833e-06
2.615495852378e-06
2.582091320286e-06
2.580650612348e-06
2.574568211664e-06
2.564365636533e-06
2.556483536491e-06
2.535429006605e-06
2.500324306709e-06
2.493661350295e-06
2.462835214935e-06
2.448773093540e-06
2.439862152411e-06
2.439186305439e-06
2.436111052928e-06
2.430282975026e-06
2.413254188746e-06
2.395952025825e-06
2.394024625077e-06
2.371865862491e-06
2.370813804692e-06
2.366325509885e-06
2.355561592745e-06
2.350548584062e-06
2.334235180017e-06
2.311207173882e-06
2.310374245994e-06
2.301887925033e-06
2.282586103736e-06
2.261208207772e-06
2.258898128916e-06
2.255028388314e-06
2.254571846526e-06
2.223987391273e-06
2.208930183046e-06
2.185638587848e-06
2.172767343892e-06
2.172711884167e-06
2.161758539027e-06
2.132836304047e-06
2.126641383212e-06
2.115826018281e-06
2.111266564360e-06
2.088933042340e-06
2.079168753554e-06
2.074221190932e-06
2.064690952160e-06
2.044290593197e-06
2.032589864197e-06
2.020681311678e-06
2.013111018246e-06
2.009971016896e-06
1.992803205264e-06
1.983799000273e-06
1.962791276336e-06
1.937914616513e-06
1.933683597412e-06
1.931539865190e-06
1.928492765228e-06
1.916128340610e-06
1.909625008744e-06
1.897928694292e-06
1.893780725596e-06
1.884795333851e-06
1.845448340096e-06
1.832705096758e-06
1.831303750703e-06
1.825079224741e-06
1.812708746835e-06
1.771416488058e-06
1.769739278794e-06
1.766557762679e-06
1.763244883579e-06
1.742756136057e-06
1.713329917572e-06
1.712401731928e-06
1.707763375445e-06
1.696344641741e-06
1.692512823563e-06
1.673802101652e-06
1.671356603615e-06
1.662673141536e-06
1.658447042280e-06
1.658278118928e-06
1.632565223146e-06
1.632292310965e-06
1.608726269663e-06
1.569993340633e-06
1.561671069119e-06
1.546800864054e-06
1.543469595507e-06
1.542684601691e-06
1.541296776857e-06
1.540513880937e-06
1.506690015544e-06
1.494614640685e-06
1.491337977606e-06
1.491151850326e-06
1.484399549284e-06
1.481707272706e-06
1.436433248689e-06
1.434533504955e-06
1.414716384501e-06
1.407395464157e-06
1.402619706982e-06
1.392734457134e-06
1.379677128318e-06
1.372711485831e-06
1.372497462612e-06
1.369041162519e-06
1.332251591909e-06
1.327429490227e-06
1.312408885332e-06
1.301680007098e-06
1.291350505547e-06
1.281694202208e-06
1.280060044932e-06
1.269756630873e-06
1.259739027271e-06
1.254843219649e-06
1.241369909586e-06
1.237476416343e-06
1.223204444749e-06
1.211379312213e-06
1.199922508298e-06
1.198523764929e-06
1.198156658002e-06
1.183326185274e-06
1.181634123124e-06
1.149463870766e-06
1.142070239623e-06
1.138504900810e-06
1.128965782743e-06
1.101684425651e-06
1.098133471764e-06
1.094017888669e-06
1.041325022593e-06
1.040713134655e-06
1.040154291871e-06
1.031462677064e-06
1.029768142674e-06
1.025007839035e-06
1.024564080823e-06
1.023105382618e-06
9.994647415498e-07
9.787756555376e-07
9.745580836103e-07
9.694899305740e-07
9.543417838638e-07
9.488549390498e-07
9.393845730088e-07
9.244322292453e-07
9.221821058060e-07
9.070691644633e-07
9.038756126081e-07
8.846864197958e-07
8.651440578733e-07
8.627431294547e-07
8.624648475277e-07
8.591951597424e-07
8.008375673463e-07
7.817088813127e-07
7.805114250770e-07
7.787755545721e-07
7.784649521464e-07
7.678390034186e-07
7.533052903232e-07
7.513116898800e-07
7.254478249909e-07
7.219836525518e-07
6.974156707651e-07
6.816776370620e-07
6.800441714153e-07
6.454675411746e-07
6.396309147518e-07
6.226049480617e-07
6.115131608475e-07
6.012287078358e-07
5.764135242527e-07
5.761025006861e-07
5.516311648507e-07
5.515773905049e-07
5.498541965269e-07
5.484680117327e-07
5.452540751700e-07
5.371989837026e-07
5.109870568105e-07
5.102970823206e-07
5.022543565487e-07
4.921849494308e-07
4.856403753149e-07
4.816047147865e-07
4.714596043482e-07
4.413795258572e-07
4.406104070860e-07
4.233843208617e-07
4.193627360599e-07
4.023060317231e-07
3.982102049181e-07
3.981904249736e-07
3.918859406591e-07
3.709329644304e-07
3.644389023095e-07
3.615932852209e-07
3.489916203423e-07
3.403682627889e-07
3.385923662498e-07
3.237188137953e-07
3.172066085886e-07
3.122298941272e-07
3.119410068456e-07
2.969610140210e-07
2.951070690318e-07
2.939855569717e-07
2.850710760546e-07
2.840348844976e-07
2.776127472104e-07
2.755794991522e-07
2.684444466131e-07
2.652192749334e-07
2.493464216825e-07
2.487322396580e-07
2.398761019508e-07
2.391910881982e-07
2.354311530105e-07
2.297223978971e-07
2.196053034048e-07
2.192498351719e-07
2.150038282861e-07
2.144385731462e-07
2.061745044801e-07
2.060987849534e-07
2.028254514522e-07
1.987816034582e-07
1.974036357356e-07
1.918372733917e-07
1.902878774551e-07
1.867054297075e-07
1.853055369221e-07
1.830641194320e-07
1.796710998772e-07
1.770534004992e-07
1.669265165329e-07
1.669055411232e-07
1.668089639158e-07
1.646103901105e-07
1.617472792927e-07
1.534858405119e-07
1.521282437548e-07
1.482120647615e-07
1.412307940281e-07
1.397254694127e-07
1.382868286164e-07
1.374157250446e-07
1.359460176900e-07
1.348177637894e-07
1.324176003271e-07
1.290976339378e-07
1.244085985484e-07
1.243621819854e-07
1.214651310435e-07
1.185148045982e-07
1.174825697737e-07
1.140960179340e-07
1.107281050490e-07
1.091058905190e-07
1.086625569660e-07
1.075646279589e-07
1.054066854504e-07
9.967219916585e-08
9.893887631988e-08
9.886723476755e-08
9.622082744278e-08
9.333255197717e-08
9.125029220434e-08
8.892936527949e-08
8.566209904516e-08
8.414611914373e-08
8.337939656913e-08
8.324294683835e-08
8.264005676784e-08
7.902060051841e-08
7.808830939856e-08
7.693997805920e-08
7.546283794513e-08
7.538889694280e-08
7.442938132909e-08
7.386303554639e-08
6.987697818770e-08
6.742856765386e-08
6.606698966498e-08
6.396793189049e-08
6.356775547523e-08
6.324497131064e-08
6.272584912761e-08
6.209965258091e-08
6.160227316499e-08
5.946719691747e-08
5.916067832245e-08
5.785663144330e-08
5.670206028393e-08
5.414318012227e-08
4.905396207969e-08
4.838830549740e-08
4.790034955831e-08
4.715057286291e-08
4.641891058126e-08
4.547305229540e-08
4.370688542727e-08
4.255451681624e-08
4.181172731763e-08
4.087646478244e-08
3.893097172920e-08
3.851813673718e-08
3.812565553483e-08
3.725000924409e-08
3.622469198628e-08
3.337508357271e-08
3.303782957473e-08
3.219285243907e-08
3.029659691804e-08
3.010780302364e-08
2.728204602450e-08
2.487100529825e-08
2.461615172602e-08
2.428113465101e-08
2.408777704933e-08
2.177835555088e-08
2.149256803875e-08
1.970079803798e-08
1.922411185803e-08
1.781863400546e-08
1.424007587341e-08
1.387676925152e-08
7.294710288318e-09
5.891189079022e-09
5.785005331316e-09
3.872906736309e-09
3.690167902714e-09
2.745103215510e-09
2.240845942976e-09
1.760566310298e-09
1.711024753893e-09
8.120718551138e-10
6.807103322772e-10
4.449488459833e-10
1.831261710520e-10
1.117297727902e-10
